ID,insum,outsum,diff
100000001,490,635,-145
100000002,1935,2295,-360
100000003,3981,3873,108
100000004,792,810,-18
100000005,1938,3943,-2005
100000006,382,240,142
100000007,1250,758,492
100000008,169,420,-251
100000009,414,309,105
100000010,73,100,-27
100000011,1126,165,961
100000012,83,1121,-1038
100000013,25,319,-294
100000014,265,294,-29
100000015,1314,1948,-634
100000016,760,1290,-530
100000017,429,709,-280
100000018,1123,582,541
100000019,2881,1924,957
100000020,1476,4495,-3019
100000021,3946,2092,1854
100000022,921,2021,-1100
100000023,3574,1383,2191
100000025,705,1115,-410
100000028,911,998,-87
100000029,128,315,-187
100000030,112,35,77
100000031,1856,4319,-2463
100000032,1665,3121,-1456
100000033,833,2058,-1225
100000034,209,569,-360
100000035,1200,1445,-245
100000036,1154,1131,23
100000037,601,362,239
100000038,1859,834,1025
100000039,350,217,133
100000040,190,110,80
100000041,1043,381,662
100000042,966,498,468
100000043,892,544,348
100000044,350,766,-416
100000045,484,827,-343
100000046,519,613,-94
100000047,190,335,-145
100000048,253,391,-138
100000049,1174,1240,-66
100000051,439,671,-232
100000053,190,9,181
100000054,556,25,531
100000055,1168,240,928
100000056,407,367,40
100000057,1683,538,1145
100000058,758,815,-57
100000059,8,169,-161
100000060,366,242,124
100000061,2081,418,1663
100000062,1688,533,1155
100000063,758,294,464
100000064,1162,320,842
100000065,320,517,-197
100000066,143,448,-305
100000067,295,545,-250
100000068,386,1201,-815
100000069,333,971,-638
100000072,223,551,-328
100000073,912,804,108
100000075,708,253,455
100000076,1351,2601,-1250
100000077,190,236,-46
100000078,44,33,11
100000079,20,50,-30
100000080,31,44,-13
100000081,119,135,-16
100000102,1801,2027,-226
100000103,1779,1207,572
100000104,2654,2444,210
100000105,1870,1371,499
100000106,1589,1872,-283
100000107,327,926,-599
100000108,377,720,-343
100000109,1527,962,565
100000116,847,703,144
100000117,49,101,-52
100000118,853,1178,-325
100000119,507,637,-130
100000121,230,347,-117
100000122,513,952,-439
100000123,1443,3056,-1613
100000124,2772,4670,-1898
100000125,2559,1491,1068
100000126,445,362,83
100000127,986,390,596
100000128,899,1942,-1043
100000129,332,390,-58
100000130,394,366,28
100000131,1497,1999,-502
100000132,846,2114,-1268
100000133,3013,1616,1397
100000135,543,930,-387
100000139,261,444,-183
100000140,198,231,-33
100000142,438,432,6
100000143,1130,402,728
100000144,2439,663,1776
100000147,991,2802,-1811
100000150,53,332,-279
100000151,809,1075,-266
100000153,180,341,-161
100000154,24,151,-127
100000155,20,34,-14
100000156,248,348,-100
100000157,118,106,12
100000158,247,120,127
100000159,203,545,-342
100000165,1163,682,481
100000169,167,800,-633
100000174,418,746,-328
100000179,112,415,-303
100000180,779,1134,-355
100000181,509,191,318
100000188,79,165,-86
100000189,826,263,563
100000190,534,903,-369
100000191,513,452,61
100000192,34,83,-49
100000193,278,167,111
100000330,891,761,130
100000355,195,428,-233
100000362,3317,2078,1239
100000363,3447,3728,-281
100000364,183,301,-118
100000365,4492,6008,-1516
100000366,4376,2491,1885
100000367,4279,5952,-1673
100000368,1485,1077,408
100000369,737,1792,-1055
100000370,150,790,-640
100000376,63,154,-91
100000379,1360,1592,-232
100000380,2838,4026,-1188
100000384,3763,4716,-953
100000385,3156,3757,-601
100000386,4889,4074,815
100000387,3493,4483,-990
100000388,4360,4836,-476
100000389,4712,4957,-245
100000390,5645,5140,505
100000391,4278,6216,-1938
100000392,2444,3260,-816
100000393,1912,4110,-2198
100000394,5782,6696,-914
100000395,3853,4005,-152
100000396,5789,3228,2561
100000397,3740,6108,-2368
100000398,7072,6194,878
100000413,10,5,5
100000414,216,479,-263
100900002,6,15,-9
100900003,293,166,127
100900004,11,567,-556
100900005,91,30,61
100900006,22,35,-13
100900007,191,3,188
100900008,5,255,-250
100900009,58,96,-38
100900010,47,50,-3
100900011,121,94,27
100900012,1,138,-137
100900013,615,9,606
100900014,4,5,-1
100900015,43,38,5
100900016,3,7,-4
100900017,635,60,575
100900018,1,10,-9
100900019,15,57,-42
100900020,377,2,375
100900021,315,0,315
100900022,2,26,-24
100900023,0,16,-16
100900024,410,1,409
100900025,4,7,-3
100900026,91,92,-1
100900027,427,1748,-1321
100900028,80,146,-66
100900029,10,3,7
100900030,2,95,-93
100900031,543,31,512
100900032,248,4,244
100900033,159,150,9
100900034,587,1,586
100900035,255,0,255
100900036,7,1,6
100900037,103,118,-15
100900038,72,27,45
100900039,266,377,-111
100900040,336,402,-66
100900041,541,498,43
100900042,807,1331,-524
100900043,0,6,-6
100900044,1016,361,655
100900045,4,0,4
100900046,827,9,818
100900047,312,76,236
100900048,110,39,71
100900049,51,115,-64
100900050,1,9,-8
100900051,38,53,-15
100900052,211,34,177
100900053,346,16,330
100900054,12,26,-14
100900055,156,557,-401
100900056,70,90,-20
100900057,1258,730,528
100900058,125,25,100
100900059,76,0,76
100900060,144,7,137
100900061,280,142,138
100900062,6,7,-1
100900063,183,517,-334
100900064,506,16,490
100900065,56,99,-43
100900066,177,119,58
100900067,2,3,-1
100900068,60,40,20
100900069,174,14,160
100900070,267,5,262
100900071,540,118,422
100900072,0,10,-10
100900073,103,208,-105
100900074,2,4,-2
100900075,1218,227,991
100900076,8,18,-10
100900077,25,33,-8
100900078,60,159,-99
100900079,2,14,-12
100900080,36,51,-15
100900081,28,83,-55
100900082,148,389,-241
100900083,5,7,-2
100900085,14,420,-406
100900086,87,313,-226
100900088,129,345,-216
100900089,0,5,-5
100900090,47,285,-238
100900091,1,13,-12
100900092,142,96,46
100900093,170,190,-20
100900094,125,252,-127
100900095,2,25,-23
100900096,43,83,-40
100900097,10,3,7
100900098,12,13,-1
100900099,18,383,-365
100900100,16,337,-321
100900101,159,34,125
100900102,23,74,-51
100900103,2,3,-1
100900104,9,132,-123
100900105,22,345,-323
100900106,20,5,15
100900107,1141,603,538
100900108,6,35,-29
100900109,1,8,-7
100900110,0,31,-31
100900111,41,132,-91
100900112,10,6,4
100900113,9,35,-26
100900114,7,7,0
100900115,3,17,-14
100900116,604,394,210
100900117,214,611,-397
100900118,18,38,-20
100900119,6,3,3
100900120,4,3,1
100900121,225,319,-94
100900122,92,97,-5
100900123,102,128,-26
100900124,5,5,0
100900125,7,57,-50
100900126,208,132,76
100900127,9,5,4
100900128,54,120,-66
100900129,0,140,-140
100900131,78,169,-91
100900133,38,23,15
100900134,2,1,1
100900135,0,136,-136
100900137,241,101,140
100900138,419,405,14
100900139,1,1,0
100900140,7,306,-299
100900141,2,444,-442
100900142,1,6,-5
100900143,471,322,149
100900144,5,0,5
100900145,48,165,-117
100900147,3,433,-430
100900148,56,332,-276
100900149,27,206,-179
100900151,110,307,-197
100900152,66,3,63
100900153,5,129,-124
100900154,84,142,-58
100900155,8,15,-7
100900156,14,3,11
100900157,5,107,-102
100900159,0,27,-27
100900160,11,2,9
100900161,25,3,22
100900162,20,245,-225
100900163,132,127,5
100900164,37,35,2
100900165,4,17,-13
100900166,9,7,2
100900167,6,38,-32
100900168,55,118,-63
100900169,84,690,-606
100900170,17,8,9
100900171,14,383,-369
100900172,0,53,-53
100900173,13,217,-204
100900174,128,23,105
100900176,1112,97,1015
100900177,478,156,322
100900178,185,96,89
100900179,142,210,-68
100900180,3,1,2
100900181,63,49,14
100900182,15,15,0
100900184,21,75,-54
100900186,455,309,146
100900187,15,58,-43
100900188,21,5,16
100900189,986,170,816
100900191,680,759,-79
100900192,193,280,-87
100900195,63,117,-54
100900197,1,33,-32
100900198,29,109,-80
100900199,3,9,-6
100900200,490,319,171
100900201,55,441,-386
100900202,76,1,75
100900203,0,198,-198
100900204,135,634,-499
100900205,79,444,-365
100900206,144,43,101
100900207,197,106,91
100900210,84,277,-193
100900211,426,122,304
100900213,128,39,89
100900214,327,132,195
100900215,9,59,-50
100900217,133,61,72
101000001,2371,1709,662
101000002,4497,4351,146
101000003,360,842,-482
101000004,5395,4931,464
101000005,2556,3335,-779
101000006,4423,4848,-425
101000007,2138,2592,-454
101000009,1701,926,775
101000010,688,776,-88
101000011,949,300,649
101000012,924,502,422
101000013,523,746,-223
101000014,362,430,-68
101000015,920,691,229
101000016,226,363,-137
101000017,389,332,57
101000018,1895,1834,61
101000020,1743,870,873
101000021,582,325,257
101000022,91,51,40
101000023,988,534,454
101000025,251,313,-62
101000026,243,30,213
101000027,1318,2128,-810
101000028,824,198,626
101000029,117,1262,-1145
101000030,1316,79,1237
101000031,501,687,-186
101000032,5241,3847,1394
101000033,1592,2815,-1223
101000034,1327,1258,69
101000035,598,199,399
101000036,1092,883,209
101000037,1882,1573,309
101000039,1356,1878,-522
101000040,2578,3517,-939
101000041,6050,6361,-311
101000042,341,908,-567
101000043,4885,5891,-1006
101000045,1098,888,210
101000046,2373,1465,908
101000047,1399,2808,-1409
101000048,530,483,47
101000049,487,1611,-1124
101000050,1162,1355,-193
101000051,1257,2008,-751
101000052,1157,740,417
101000053,665,1046,-381
101000054,1216,641,575
101000055,977,1008,-31
101000056,31,88,-57
101000057,1409,1057,352
101000058,899,920,-21
101000059,1414,1737,-323
101000060,1226,608,618
101000061,528,1124,-596
101000062,485,664,-179
101000063,437,877,-440
101000064,785,969,-184
101000065,298,440,-142
101000066,859,830,29
101000067,935,908,27
101000068,199,342,-143
101000069,226,60,166
101000070,676,858,-182
101000071,1588,732,856
101000072,518,2216,-1698
101000073,590,955,-365
101000074,3475,2827,648
101000075,2814,4041,-1227
101000077,1075,923,152
101000078,611,1279,-668
101000079,457,337,120
101000080,389,450,-61
101000081,1421,1394,27
101000082,2344,2197,147
101000083,2099,1989,110
101000084,954,562,392
101000085,1139,878,261
101000086,855,980,-125
101000087,697,749,-52
101000088,981,887,94
101000089,805,1171,-366
101000090,1429,983,446
101000091,419,532,-113
101000092,1030,727,303
101000093,1137,555,582
101000094,778,730,48
101000095,424,409,15
101000096,309,406,-97
101000097,293,355,-62
101000098,272,312,-40
101000099,611,764,-153
101000100,627,714,-87
101000101,215,297,-82
101000102,477,388,89
101000103,569,380,189
101000104,281,450,-169
101000105,210,389,-179
101000106,526,638,-112
101000107,205,328,-123
101000108,572,174,398
101000109,317,64,253
101000110,36,274,-238
101000111,64,134,-70
101000113,149,528,-379
101000114,5682,5627,55
101000115,103,126,-23
101000116,126,95,31
101000117,963,165,798
101000119,52,42,10
101000120,115,32,83
101000121,88,50,38
101000122,106,89,17
101000123,32,104,-72
101000124,444,175,269
101000125,164,345,-181
101000128,244,377,-133
101000130,164,272,-108
101000131,816,356,460
101000132,532,590,-58
101000135,24,40,-16
101000136,318,136,182
101000137,22,243,-221
101000141,913,2517,-1604
101000147,770,348,422
101000148,763,16,747
101000149,242,279,-37
101000150,104,456,-352
101000151,228,46,182
101000152,297,227,70
101000153,377,170,207
101000154,261,623,-362
101000155,250,111,139
101000156,25,251,-226
101000157,22,24,-2
101000160,62,56,6
101000163,171,304,-133
101000164,343,250,93
101000165,177,257,-80
101000166,213,229,-16
101000168,722,321,401
101000252,1835,719,1116
101000254,202,101,101
101000258,12,2,10
101000261,78,41,37
101000262,892,2544,-1652
101000263,156,784,-628
101000265,59,593,-534
101000266,282,285,-3
101000269,32,8,24
101000290,631,1722,-1091
101000293,28,47,-19
101000294,532,349,183
101000295,128,316,-188
101000301,583,400,183
101000304,1542,2026,-484
101000305,2187,1071,1116
101000328,127,411,-284
101900001,13,64,-51
101900002,0,15,-15
101900003,41,37,4
101900004,4,58,-54
101900005,2029,1925,104
101900006,913,351,562
101900007,496,149,347
101900008,66,204,-138
101900009,29,327,-298
101900010,610,504,106
101900011,95,699,-604
101900012,159,120,39
101900013,550,162,388
101900017,15,91,-76
101900018,693,172,521
101900019,159,134,25
101900020,28,37,-9
101900021,1,32,-31
101900022,112,635,-523
101900023,77,143,-66
101900026,85,35,50
101900027,29,84,-55
102000001,1950,3550,-1600
102000002,1872,838,1034
102000003,2306,5475,-3169
102000004,4036,2170,1866
102000005,1064,1696,-632
102000006,780,1446,-666
102000007,1162,3778,-2616
102000008,2861,1097,1764
102000009,4796,6188,-1392
102000010,3512,2144,1368
102000011,2601,2048,553
102000012,2416,1970,446
102000018,1944,2016,-72
102000019,1721,1050,671
102000026,158,347,-189
102000029,174,161,13
102000030,104,236,-132
102000031,61,112,-51
102000032,442,253,189
102000033,202,240,-38
102000034,333,231,102
102000035,657,469,188
102000036,11,177,-166
102000037,121,41,80
102000038,130,295,-165
102000039,140,77,63
102000040,292,160,132
102000041,105,312,-207
102000042,97,239,-142
102000043,142,195,-53
102000044,223,346,-123
102000045,579,606,-27
102000046,790,490,300
102000047,618,638,-20
102000048,331,482,-151
102000049,735,602,133
102000050,745,862,-117
102000051,329,495,-166
102000052,899,467,432
102000053,631,652,-21
102000054,703,860,-157
102000055,973,487,486
102000056,846,801,45
102000057,1245,482,763
102000058,832,1030,-198
102000059,1140,1157,-17
102000060,970,770,200
102000061,1479,1302,177
102000062,1489,784,705
102000063,969,1077,-108
102000064,519,589,-70
102000065,31,103,-72
102000066,753,848,-95
102000067,1608,2267,-659
102000068,6944,2474,4470
102000069,113,1979,-1866
102000070,1161,50,1111
102000071,5672,7170,-1498
102000072,2119,3361,-1242
102000073,475,546,-71
102000074,535,704,-169
102000075,95,263,-168
102000076,168,319,-151
102000077,500,675,-175
102000078,792,595,197
102000079,131,203,-72
102000080,231,154,77
102000081,250,637,-387
102000082,534,295,239
102000083,589,241,348
102000084,311,222,89
102000085,1450,750,700
102000086,1024,731,293
102000087,707,1166,-459
102000088,345,247,98
102000089,1047,314,733
102000090,347,805,-458
102000091,1032,363,669
102000092,279,557,-278
102000093,615,702,-87
102000094,650,621,29
102000095,869,940,-71
102000096,526,666,-140
102000097,601,544,57
102000098,445,611,-166
102000099,655,732,-77
102000100,568,1276,-708
102000101,782,781,1
102000102,192,1108,-916
102000103,1182,374,808
102000104,369,234,135
102000105,255,321,-66
102000106,695,391,304
102000107,1218,400,818
102000108,557,137,420
102000109,374,433,-59
102000110,1044,794,250
102000111,8,276,-268
102000112,109,79,30
102000113,19,17,2
102000114,663,253,410
102000115,234,245,-11
102000116,311,323,-12
102000117,120,396,-276
102000118,808,1106,-298
102000119,1050,720,330
102000120,159,329,-170
102000121,817,388,429
102000122,501,679,-178
102000123,863,854,9
102000124,949,943,6
102000125,633,711,-78
102000126,561,639,-78
102000127,1082,656,426
102000128,600,660,-60
102000129,1089,636,453
102000130,734,563,171
102000131,985,437,548
102000132,442,588,-146
102000133,1742,1285,457
102000134,625,537,88
102000135,467,530,-63
102000136,624,385,239
102000137,601,507,94
102000138,176,309,-133
102000139,69,423,-354
102000140,190,315,-125
102000141,159,303,-144
102000142,213,247,-34
102000143,127,290,-163
102000144,302,297,5
102000145,320,299,21
102000146,319,240,79
102000147,350,298,52
102000148,205,406,-201
102000149,167,240,-73
102000150,264,68,196
102000151,66,159,-93
102000152,185,127,58
102000153,909,442,467
102000154,210,480,-270
102000155,60,243,-183
102000156,260,111,149
102000157,95,281,-186
102000158,370,378,-8
102000159,583,392,191
102000161,2504,1678,826
102000162,162,167,-5
102000163,102,505,-403
102000164,671,816,-145
102000165,275,160,115
102000166,122,170,-48
102000167,182,194,-12
102000168,211,155,56
102000169,94,402,-308
102000170,333,177,156
102000171,138,188,-50
102000172,116,415,-299
102000173,388,256,132
102000174,46,67,-21
102000175,94,75,19
102000176,41,35,6
102000178,243,276,-33
102000179,349,187,162
102000180,874,297,577
102000181,700,397,303
102000182,575,452,123
102000183,1485,1203,282
102000184,1512,544,968
102000185,2268,895,1373
102000186,1245,1187,58
102000187,686,924,-238
102000188,817,941,-124
102000189,1594,552,1042
102000190,562,1971,-1409
102000191,816,366,450
102000192,972,1239,-267
102000193,43,117,-74
102000194,60,96,-36
102000195,358,322,36
102000196,197,230,-33
102000197,597,223,374
102000198,203,516,-313
102000199,820,180,640
102000200,243,679,-436
102000201,968,303,665
102000202,4,80,-76
102000203,451,147,304
102000204,412,484,-72
102000205,886,271,615
102000206,546,358,188
102000207,448,302,146
102000208,326,302,24
102000209,55,41,14
102000210,416,345,71
102000211,268,178,90
102000212,290,14,276
102000213,7,169,-162
102000214,257,7,250
102000215,4,248,-244
102000216,57,82,-25
102000217,11,71,-60
102000218,246,191,55
102000219,302,171,131
102000225,375,622,-247
102000226,1644,1015,629
102000227,173,2,171
102000228,1,75,-74
102000229,37,44,-7
102000230,253,315,-62
102000231,228,327,-99
102000232,28,117,-89
102000233,304,407,-103
102000234,107,788,-681
102000236,190,58,132
102000237,325,115,210
102000238,165,173,-8
102000240,424,532,-108
102000241,161,77,84
102000243,39,47,-8
102000245,11,102,-91
102000246,11,43,-32
102000247,601,570,31
102000248,464,892,-428
102000249,137,106,31
102000250,71,291,-220
102000254,110,186,-76
102000266,10,257,-247
102000271,11,0,11
102000286,309,244,65
102000297,1375,678,697
102000307,0,2,-2
102000316,317,289,28
102900001,889,559,330
102900002,308,22,286
102900003,65,191,-126
102900005,359,204,155
102900006,419,106,313
102900007,423,13,410
102900008,213,27,186
102900009,229,180,49
102900010,188,677,-489
102900011,1231,220,1011
102900012,306,69,237
102900013,35,41,-6
102900015,505,464,41
102900016,57,62,-5
102900017,176,275,-99
102900018,36,80,-44
102900019,242,238,4
102900020,163,36,127
102900021,27,64,-37
102900022,449,182,267
102900023,26,34,-8
102900024,56,36,20
102900025,130,80,50
102900026,260,1419,-1159
102900027,66,53,13
102900028,118,547,-429
102900029,129,130,-1
102900030,253,199,54
102900031,189,119,70
102900032,80,73,7
102900033,107,113,-6
102900034,419,65,354
102900035,141,189,-48
102900036,300,278,22
102900037,309,275,34
102900038,319,241,78
102900039,14,419,-405
102900040,122,225,-103
102900041,88,174,-86
102900042,177,252,-75
102900043,139,166,-27
102900044,432,1311,-879
102900045,119,444,-325
102900046,142,197,-55
102900047,108,380,-272
102900048,484,356,128
102900049,123,238,-115
102900050,176,227,-51
102900051,148,141,7
102900053,318,423,-105
102900054,348,854,-506
102900055,76,176,-100
102900056,100,251,-151
102900057,10,55,-45
102900058,238,65,173
102900059,21,55,-34
102900060,63,339,-276
102900061,129,340,-211
102900062,178,629,-451
102900063,1050,330,720
102900064,100,312,-212
102900065,876,245,631
102900066,310,17,293
102900068,84,46,38
102900070,165,385,-220
102900072,8,32,-24
102900073,72,9,63
102900075,30,55,-25
102900076,91,113,-22
102900077,34,20,14
102900078,14,49,-35
102900079,156,1,155
102900080,312,23,289
102900081,57,203,-146
102900082,10,127,-117
102900083,113,5,108
102900084,1,25,-24
102900085,285,71,214
102900086,13,61,-48
102900087,90,85,5
102900088,44,22,22
102900089,176,66,110
102900090,29,259,-230
102900091,98,1,97
102900092,214,415,-201
102900094,2,83,-81
102900095,127,1,126
102900096,61,9,52
102900097,2,72,-70
103000001,1705,1911,-206
103000002,1656,1898,-242
103000003,2510,1887,623
103000004,802,505,297
103000005,1382,2436,-1054
103000006,636,1165,-529
103000007,272,415,-143
103000008,829,514,315
103000009,1008,758,250
103000010,207,114,93
103000011,1108,933,175
103000012,1068,1050,18
103000013,2612,1456,1156
103000014,1129,2119,-990
103000015,1243,528,715
103000016,400,1096,-696
103000017,178,293,-115
103000018,497,207,290
103000019,291,252,39
103000020,2013,1064,949
103000021,1583,1815,-232
103000022,595,730,-135
103000023,586,1528,-942
103000024,82,83,-1
103000025,133,561,-428
103000026,496,132,364
103000027,245,498,-253
103000028,230,309,-79
103000029,186,227,-41
103000030,1083,870,213
103000031,786,1399,-613
103000032,1540,1185,355
103000033,2414,2269,145
103000034,1059,869,190
103000035,306,1081,-775
103000036,364,398,-34
103000037,365,390,-25
103000038,344,764,-420
103000039,415,265,150
103000040,457,650,-193
103000041,1453,1475,-22
103000042,1158,341,817
103000043,612,661,-49
103000044,218,148,70
103000046,287,328,-41
103000047,504,510,-6
103000048,155,196,-41
103000049,82,119,-37
103000050,558,363,195
103000051,402,352,50
103000052,670,247,423
103000053,137,560,-423
103000054,2262,908,1354
103000055,1471,1634,-163
103000056,626,921,-295
103000057,615,172,443
103000058,616,550,66
103000059,424,590,-166
103000060,710,524,186
103000061,407,826,-419
103000062,953,453,500
103000063,669,676,-7
103000064,190,130,60
103000065,3,309,-306
103000066,167,12,155
103000069,383,242,141
103000070,777,559,218
103000071,1092,447,645
103000072,97,400,-303
103000073,548,100,448
103000074,526,91,435
103000075,96,400,-304
103000076,194,314,-120
103000077,24,207,-183
103000078,638,549,89
103000079,477,565,-88
103000080,702,267,435
103000081,324,1043,-719
103000082,363,142,221
103000083,100,251,-151
103000084,113,7,106
103000085,3,74,-71
103000086,411,344,67
103000087,77,444,-367
103000088,235,245,-10
103000089,255,422,-167
103000090,1879,742,1137
103000091,549,394,155
103000092,226,225,1
103000093,254,282,-28
103000094,142,83,59
103000095,78,314,-236
103000096,457,66,391
103000097,56,573,-517
103000098,618,113,505
103000099,213,536,-323
103000100,90,541,-451
103000101,715,92,623
103000102,103,374,-271
103000103,602,93,509
103000104,64,73,-9
103000105,138,77,61
103000106,9,104,-95
103000107,166,43,123
103000108,964,675,289
103000109,309,388,-79
103000110,352,444,-92
103000111,325,354,-29
103000112,248,172,76
103000113,378,483,-105
103000114,1190,404,786
103000115,508,456,52
103000116,568,339,229
103000117,348,350,-2
103000118,402,414,-12
103000119,721,347,374
103000120,40,77,-37
103000121,158,497,-339
103000122,366,463,-97
103000125,18,158,-140
103000126,597,0,597
103000127,1,103,-102
103000128,178,3,175
103000129,0,74,-74
103000130,53,23,30
103000131,88,78,10
103000132,40,131,-91
103000133,16,83,-67
103000134,277,592,-315
103000135,400,243,157
103000136,415,342,73
103000137,421,522,-101
103000138,480,628,-148
103000139,1,44,-43
103000140,93,15,78
103000141,37,109,-72
103000142,112,49,63
103000143,57,144,-87
103000144,114,55,59
103000145,18,129,-111
103000150,84,46,38
103000152,134,176,-42
103000153,203,172,31
103000156,5,246,-241
103000157,447,0,447
103000159,101,16,85
103000162,60,33,27
103000163,12,32,-20
103000164,11,11,0
103000165,70,179,-109
103000166,219,250,-31
103000167,171,126,45
103000168,101,176,-75
103000169,189,318,-129
103000170,883,312,571
103000171,54,78,-24
103000172,482,264,218
103000173,558,312,246
103000174,181,280,-99
103000175,366,212,154
103000176,707,604,103
103000177,374,297,77
103000178,164,234,-70
103000179,171,26,145
103000183,110,6,104
103000185,94,29,65
103000186,130,157,-27
103000187,430,214,216
103000188,10,68,-58
103000189,591,630,-39
103000191,351,286,65
103000292,1363,1511,-148
103000293,641,1901,-1260
103000295,61,99,-38
103000296,199,6,193
103000297,4,7,-3
103000504,0,10,-10
103000505,7,24,-17
103000506,0,167,-167
103000507,199,1,198
103000508,40,34,6
103000509,245,424,-179
103000514,25,2,23
103900001,3,115,-112
103900002,644,106,538
103900003,900,37,863
103900004,110,0,110
103900005,0,121,-121
103900006,1,3,-2
103900007,40,2,38
103900008,14,0,14
103900009,213,348,-135
103900010,131,275,-144
103900011,280,115,165
103900012,8,41,-33
103900013,65,43,22
103900014,68,8,60
103900015,82,8,74
103900016,251,133,118
103900017,19,72,-53
103900018,429,125,304
103900019,66,390,-324
103900020,185,324,-139
103900021,217,35,182
103900022,872,397,475
103900023,123,0,123
103900024,87,276,-189
103900025,18,22,-4
103900026,36,0,36
103900027,571,156,415
103900028,12,228,-216
103900029,1057,173,884
103900030,230,81,149
103900031,34,1,33
103900032,83,73,10
103900033,80,21,59
103900034,12,70,-58
103900035,53,38,15
103900036,29,30,-1
103900037,54,59,-5
103900038,84,216,-132
103900039,74,269,-195
103900040,7,81,-74
103900041,46,41,5
103900042,72,204,-132
103900043,139,53,86
103900044,60,206,-146
103900045,330,157,173
103900047,93,30,63
103900048,46,35,11
103900049,135,841,-706
103900050,13,99,-86
103900051,0,31,-31
103900052,189,247,-58
103900053,244,319,-75
103900054,130,187,-57
103900055,408,167,241
103900056,31,39,-8
103900057,37,96,-59
103900058,222,356,-134
103900059,0,28,-28
103900060,78,132,-54
103900061,143,44,99
103900062,266,81,185
103900063,3,0,3
103900064,98,3,95
103900065,469,279,190
103900066,161,16,145
103900067,165,9,156
103900068,0,0,0
103900069,70,31,39
103900070,131,169,-38
103900071,14,57,-43
103900072,29,123,-94
103900073,26,23,3
103900074,106,39,67
103900075,175,54,121
103900076,506,379,127
103900077,27,88,-61
103900078,222,72,150
103900079,131,97,34
103900080,10,23,-13
103900081,100,32,68
103900082,7,113,-106
103900083,1018,770,248
103900084,37,95,-58
103900085,75,152,-77
103900086,558,199,359
103900088,246,451,-205
103900089,39,124,-85
103900090,2,113,-111
103900091,874,183,691
103900092,574,304,270
103900093,71,236,-165
103900094,18,58,-40
103900095,171,186,-15
103900096,19,114,-95
103900097,10,255,-245
103900098,187,89,98
103900099,56,72,-16
103900100,202,214,-12
103900101,77,772,-695
103900102,3,24,-21
103900104,1,21,-20
103900105,78,155,-77
103900106,0,58,-58
103900107,115,128,-13
103900108,61,216,-155
103900109,131,55,76
103900110,164,44,120
103900111,76,300,-224
103900112,40,57,-17
103900113,90,180,-90
103900114,260,231,29
103900115,157,153,4
103900116,3015,2186,829
103900117,101,28,73
103900119,22,85,-63
103900120,62,68,-6
103900122,107,146,-39
103900123,894,447,447
103900124,65,253,-188
103900125,90,57,33
103900126,472,231,241
103900127,124,313,-189
103900128,111,78,33
103900131,23,83,-60
103900133,747,19,728
103900134,0,6,-6
103900135,7,7,0
103900137,1,19,-18
103900138,144,151,-7
103900139,149,1654,-1505
103900140,8,146,-138
103900141,202,29,173
103900142,90,69,21
103900143,46,3,43
103900144,0,18,-18
103900145,105,185,-80
103900146,277,153,124
103900147,241,66,175
103900148,205,210,-5
103900149,354,443,-89
103900150,3849,2976,873
103900151,31,136,-105
103900152,484,239,245
103900153,3,0,3
103900154,363,1388,-1025
103900155,33,132,-99
103900156,50,91,-41
103900157,60,107,-47
103900158,67,85,-18
103900159,139,47,92
103900160,33,46,-13
103900161,84,107,-23
103900162,57,126,-69
103900163,6,318,-312
103900167,13,61,-48
103900168,78,73,5
103900169,25,38,-13
103900170,1,61,-60
103900171,3,27,-24
103900172,6,4,2
103900173,5,25,-20
103900174,164,48,116
103900175,33,57,-24
103900176,13,33,-20
103900177,10,43,-33
103900178,41,34,7
103900179,87,74,13
103900180,10,27,-17
103900181,25,31,-6
103900182,18,13,5
103900184,286,77,209
103900185,78,291,-213
103900187,21,63,-42
103900188,36,18,18
103900189,96,2,94
103900190,51,30,21
103900191,38,34,4
103900192,30,63,-33
103900193,83,82,1
103900194,55,163,-108
103900195,5,79,-74
103900196,58,22,36
103900197,9,16,-7
103900198,16,34,-18
103900199,114,29,85
103900200,176,78,98
103900201,88,108,-20
103900202,7,49,-42
103900203,28,24,4
103900204,1,84,-83
103900207,1,75,-74
103900208,95,1,94
103900209,1,78,-77
103900210,30,22,8
103900211,488,186,302
103900212,98,212,-114
103900213,46,180,-134
103900214,196,199,-3
103900215,227,263,-36
103900216,10,189,-179
103900217,353,16,337
103900218,4,264,-260
103900219,143,176,-33
103900233,13,0,13
103900235,19,11,8
103900236,22,0,22
103900242,1,12,-11
103900243,6,12,-6
103900244,87,116,-29
103900245,90,109,-19
103900246,47,42,5
103900247,16,73,-57
103900248,5,51,-46
103900249,21,56,-35
103900250,19,25,-6
103900251,1,33,-32
103900253,16,54,-38
103900254,7,24,-17
103900255,6,6,0
103900256,4,21,-17
103900257,96,105,-9
103900258,30,6,24
103900259,58,9,49
103900261,14,7,7
103900262,38,7,31
103900263,32,30,2
103900264,33,50,-17
103900265,30,8,22
103900266,1,67,-66
103900267,4,65,-61
103900268,8,54,-46
103900269,174,28,146
103900270,56,68,-12
103900271,3,58,-55
103900272,40,46,-6
103900273,24,35,-11
103900274,99,7,92
103900275,40,5,35
103900276,2,44,-42
103900277,2,21,-19
103900278,2,16,-14
103900279,3,37,-34
103900280,0,46,-46
103900281,208,249,-41
103900282,9,27,-18
103900283,48,24,24
103900284,22,12,10
103900285,5,67,-62
103900286,23,126,-103
103900287,0,81,-81
103900288,29,98,-69
103900289,4,1,3
103900290,37,44,-7
103900291,19,0,19
103900292,5,3,2
103900293,6,8,-2
103900294,17,3,14
104000001,1973,1384,589
104000002,1338,1667,-329
104000003,1690,1500,190
104000004,1994,1861,133
104000005,1290,1228,62
104000006,2603,2044,559
104000007,3386,3254,132
104000008,185,172,13
104000009,156,98,58
104000010,114,240,-126
104000011,308,172,136
104000012,112,214,-102
104000013,176,140,36
104000014,169,397,-228
104000015,288,104,184
104000016,389,233,156
104000018,801,141,660
104000019,563,133,430
104000020,114,374,-260
104000021,197,336,-139
104000022,111,185,-74
104000023,760,306,454
104000024,199,242,-43
104000026,42,195,-153
104000027,222,204,18
104000028,373,175,198
104000029,286,213,73
104000030,221,191,30
104000031,1095,266,829
104000032,169,152,17
104000033,480,385,95
104000034,241,135,106
104000035,732,281,451
104000036,596,320,276
104000037,261,143,118
104000038,454,403,51
104000039,168,110,58
104000040,163,232,-69
104000041,668,316,352
104000042,155,228,-73
104000043,150,227,-77
104000044,224,439,-215
104000045,797,687,110
104000046,786,951,-165
104000047,501,730,-229
104000048,754,938,-184
104000049,378,216,162
104000050,151,434,-283
104000051,109,387,-278
104000052,1645,1696,-51
104000053,711,384,327
104000054,266,220,46
104000055,2488,1631,857
104000056,881,270,611
104000057,223,423,-200
104000058,749,565,184
104000059,493,745,-252
104000060,820,951,-131
104000061,1023,690,333
104000062,515,150,365
104000064,503,303,200
104000065,180,468,-288
104000069,664,879,-215
104000070,67,339,-272
104000071,291,403,-112
104000072,639,306,333
104000075,48,229,-181
104000076,391,43,348
104000082,1475,2533,-1058
104000083,586,149,437
104000084,97,399,-302
104000085,268,290,-22
104000086,143,346,-203
104000087,277,1431,-1154
104000090,642,838,-196
104000092,1025,1409,-384
104000094,638,967,-329
104000095,1388,1157,231
104000096,1144,104,1040
104000097,1485,511,974
104000098,2048,569,1479
104000100,1387,457,930
104000101,962,1091,-129
104000106,94,495,-401
104000107,482,336,146
104000108,209,324,-115
104000109,247,70,177
104000110,629,694,-65
104000111,2111,1589,522
104000112,1218,407,811
104000116,2,600,-598
104000117,149,395,-246
104000118,465,128,337
104000119,513,221,292
104000120,215,471,-256
104000121,184,502,-318
104000122,592,589,3
104000123,521,656,-135
104000124,509,1088,-579
104000125,1952,3364,-1412
104000126,317,296,21
104000127,1033,1543,-510
104000128,416,254,162
104000129,275,32,243
104000130,3,136,-133
104000131,367,388,-21
104000132,344,449,-105
104000133,1154,601,553
104000134,753,1169,-416
104000135,378,1600,-1222
104000136,594,3040,-2446
104000137,1305,282,1023
104000138,607,203,404
104000139,3197,1973,1224
104000141,758,851,-93
104000142,464,384,80
104000143,459,327,132
104000144,68,151,-83
104000145,303,161,142
104000146,190,338,-148
104000147,87,185,-98
104000148,322,134,188
104000149,173,171,2
104000150,814,420,394
104000151,216,268,-52
104000152,376,275,101
104000153,625,390,235
104000154,617,292,325
104000155,393,472,-79
104000157,818,864,-46
104000158,243,364,-121
104000159,728,407,321
104000160,1619,1399,220
104000161,159,177,-18
104000162,62,129,-67
104000165,751,729,22
104000167,540,785,-245
104000168,396,6,390
104000169,120,30,90
104000170,337,518,-181
104000248,227,448,-221
104000251,45,133,-88
104000272,0,0,0
104000273,0,0,0
104000274,0,0,0
104000275,0,0,0
104000279,2100,1454,646
104000290,55,162,-107
104000291,501,813,-312
104000293,608,594,14
104000294,22,0,22
104000295,481,505,-24
104000296,326,542,-216
104000297,822,1386,-564
104000298,1355,725,630
104000299,621,1030,-409
104000302,79,127,-48
104000303,173,155,18
104900001,110,226,-116
104900002,67,113,-46
104900003,49,213,-164
104900004,63,130,-67
104900005,243,148,95
104900006,201,75,126
104900007,227,189,38
104900009,92,167,-75
104900010,54,46,8
104900011,1,7,-6
104900012,199,39,160
104900013,126,12,114
104900014,1472,204,1268
104900015,84,9,75
104900016,173,105,68
104900017,179,126,53
104900018,3,103,-100
104900019,156,2330,-2174
104900020,36,181,-145
104900021,1,72,-71
104900022,2,139,-137
104900023,0,29,-29
104900024,16,116,-100
104900025,32,125,-93
104900026,0,40,-40
104900027,336,210,126
104900028,24,70,-46
104900029,33,66,-33
104900030,348,158,190
104900031,66,143,-77
104900032,37,59,-22
104900033,201,180,21
104900034,262,121,141
104900035,257,142,115
104900036,196,50,146
104900037,90,133,-43
104900038,204,630,-426
104900039,414,342,72
104900040,368,92,276
104900041,192,110,82
104900042,99,149,-50
104900043,24,171,-147
104900044,599,110,489
104900045,371,60,311
104900046,177,103,74
104900047,277,92,185
104900048,191,34,157
104900049,35,38,-3
104900050,244,57,187
104900051,222,22,200
104900052,35,0,35
104900053,330,69,261
104900054,134,11,123
104900055,72,2,70
104900056,147,18,129
104900057,18,0,18
104900058,352,182,170
104900059,230,86,144
104900061,131,304,-173
104900063,22,76,-54
104900064,0,40,-40
104900065,0,154,-154
104900066,2,58,-56
104900067,2,228,-226
104900068,21,173,-152
104900070,153,185,-32
104900071,2,294,-292
104900072,40,197,-157
104900073,54,100,-46
104900074,21,119,-98
104900075,49,29,20
104900076,59,128,-69
104900077,472,167,305
104900078,153,306,-153
104900079,87,366,-279
104900080,79,357,-278
104900082,10,269,-259
104900085,4,112,-108
104900089,174,0,174
104900091,391,307,84
104900093,199,345,-146
104900097,1510,1530,-20
104900098,94,32,62
104900099,40,321,-281
104900100,280,151,129
104900102,52,85,-33
104900103,319,31,288
104900106,56,78,-22
104900107,77,91,-14
104900108,19,131,-112
104900109,76,95,-19
104900110,4,47,-43
104900111,85,63,22
104900112,158,323,-165
104900113,523,221,302
104900114,296,244,52
104900115,629,278,351
104900116,144,115,29
104900118,11,35,-24
104900119,2,34,-32
104900120,23,253,-230
104900121,0,37,-37
104900122,4,34,-30
104900123,45,9,36
104900124,43,0,43
104900125,352,78,274
104900126,47,25,22
104900127,14,43,-29
104900128,43,68,-25
104900129,929,1383,-454
105000001,2285,1107,1178
105000002,2089,1220,869
105000003,2494,2366,128
105000004,420,573,-153
105000005,636,941,-305
105000006,1166,1350,-184
105000007,963,1328,-365
105000008,1224,2970,-1746
105000009,2079,2668,-589
105000010,2304,1529,775
105000011,2602,2609,-7
105000012,2439,2023,416
105000013,807,953,-146
105000014,1615,2358,-743
105000015,7132,11932,-4800
105000016,1949,1531,418
105000017,1331,612,719
105000018,863,1133,-270
105000019,892,662,230
105000020,167,380,-213
105000021,263,104,159
105000022,231,95,136
105000023,493,291,202
105000028,64,94,-30
105000029,344,1066,-722
105000030,2862,1855,1007
105000031,5,19,-14
105000033,914,1341,-427
105000034,75,728,-653
105000037,496,165,331
105000038,1342,1590,-248
105000039,1578,1148,430
105000040,748,1088,-340
105000041,358,768,-410
105000042,2507,1470,1037
105000043,1248,1277,-29
105000044,501,395,106
105000045,252,433,-181
105000046,1070,280,790
105000047,449,762,-313
105000048,613,178,435
105000049,178,376,-198
105000050,707,375,332
105000051,110,276,-166
105000052,480,592,-112
105000053,86,98,-12
105000054,314,629,-315
105000055,674,251,423
105000056,1272,1374,-102
105000057,1020,555,465
105000058,959,785,174
105000059,638,536,102
105000060,446,448,-2
105000061,546,461,85
105000062,513,527,-14
105000063,297,348,-51
105000064,1245,592,653
105000065,341,368,-27
105000066,811,844,-33
105000067,1143,606,537
105000068,335,645,-310
105000069,1194,1449,-255
105000070,411,748,-337
105000071,226,718,-492
105000072,1003,1779,-776
105000073,727,446,281
105000074,709,473,236
105000075,372,561,-189
105000076,837,673,164
105000077,1979,855,1124
105000078,815,1093,-278
105000079,979,3107,-2128
105000080,1301,1113,188
105000081,3242,1258,1984
105000082,832,1771,-939
105000083,4209,3629,580
105000084,476,534,-58
105000085,1368,1880,-512
105000086,606,674,-68
105000087,1069,1230,-161
105000088,1077,1357,-280
105000089,1963,1466,497
105000090,688,578,110
105000091,959,1002,-43
105000092,543,578,-35
105000093,234,213,21
105000094,307,165,142
105000095,108,423,-315
105000096,878,840,38
105000097,564,760,-196
105000098,734,553,181
105000099,641,514,127
105000100,1103,820,283
105000101,1578,1187,391
105000102,950,1061,-111
105000103,946,1486,-540
105000104,1818,770,1048
105000105,829,1250,-421
105000106,1004,1076,-72
105000107,1202,645,557
105000108,1250,921,329
105000109,1244,1016,228
105000110,725,401,324
105000111,752,526,226
105000112,1050,454,596
105000113,384,535,-151
105000114,1609,877,732
105000115,304,946,-642
105000116,744,383,361
105000117,770,568,202
105000118,448,332,116
105000119,372,559,-187
105000120,832,410,422
105000121,654,670,-16
105000122,438,578,-140
105000123,785,860,-75
105000124,1656,582,1074
105000125,686,1165,-479
105000126,1807,1296,511
105000127,2032,1304,728
105000128,514,735,-221
105000129,615,324,291
105000130,326,2578,-2252
105000131,532,253,279
105000132,677,510,167
105000133,353,609,-256
105000134,631,450,181
105000135,363,359,4
105000136,114,231,-117
105000137,461,210,251
105000138,206,267,-61
105000139,838,539,299
105000140,468,430,38
105000141,245,341,-96
105000142,279,369,-90
105000143,121,507,-386
105000144,252,602,-350
105000145,604,331,273
105000146,317,622,-305
105000147,634,299,335
105000148,1034,557,477
105000149,2168,1827,341
105000150,1351,955,396
105000151,383,323,60
105000152,176,304,-128
105000153,528,569,-41
105000154,513,315,198
105000155,325,736,-411
105000156,521,461,60
105000157,607,1034,-427
105000158,1358,616,742
105000159,242,688,-446
105000160,1571,466,1105
105000161,528,657,-129
105000162,501,1294,-793
105000163,874,595,279
105000164,163,157,6
105000165,477,4150,-3673
105000166,3314,756,2558
105000167,1114,1183,-69
105000168,418,393,25
105000169,548,207,341
105000170,176,957,-781
105000171,870,145,725
105000172,154,27,127
105000173,241,33,208
105000174,54,37,17
105000175,63,84,-21
105000176,388,79,309
105000177,271,150,121
105000178,158,287,-129
105000179,481,133,348
105000180,165,85,80
105000181,148,147,1
105000182,47,38,9
105000183,1475,1609,-134
105000184,861,914,-53
105000185,821,1114,-293
105000186,517,723,-206
105000187,689,169,520
105000188,195,126,69
105000189,103,417,-314
105000190,254,255,-1
105000191,300,265,35
105000192,258,43,215
105000193,81,81,0
105000194,445,100,345
105000195,206,426,-220
105000196,72,254,-182
105000197,254,447,-193
105000198,453,219,234
105000199,248,609,-361
105000200,95,190,-95
105000201,56,18,38
105000203,33,138,-105
105000204,83,69,14
105000205,82,181,-99
105000207,337,135,202
105000208,198,417,-219
105000209,186,262,-76
105000211,232,20,212
105000212,1047,747,300
105000213,93,133,-40
105000214,135,181,-46
105000215,320,125,195
105000216,132,193,-61
105000217,113,158,-45
105000218,1242,955,287
105000221,183,118,65
105000222,447,236,211
105000223,255,218,37
105000226,66,186,-120
105000227,48,108,-60
105000228,194,1385,-1191
105000229,135,461,-326
105000231,334,231,103
105000233,779,676,103
105000234,449,917,-468
105000235,306,499,-193
105000237,593,69,524
105000243,25,25,0
105000248,62,65,-3
105000262,232,732,-500
105000269,81,143,-62
105000270,381,24,357
105000271,0,139,-139
105000282,70,22,48
105000287,273,65,208
105000288,429,319,110
105000289,2496,1608,888
105000290,27,11,16
105000402,2103,2999,-896
105000426,348,414,-66
105000438,3699,1598,2101
105000440,38,32,6
105000446,6969,4004,2965
105000447,4371,1822,2549
105000454,450,408,42
105000455,244,104,140
105000474,56,0,56
105000477,335,456,-121
105000478,1365,3780,-2415
105000479,123,97,26
105000480,8791,6582,2209
105000481,4153,2807,1346
105000482,3502,6575,-3073
105000483,1375,1699,-324
105000484,1756,2552,-796
105000485,1274,2844,-1570
105000486,2686,1782,904
105000488,8234,4044,4190
105000489,772,635,137
105000549,89,123,-34
105000550,314,1215,-901
105000551,31,99,-68
105000552,1967,1142,825
105000555,1395,871,524
105000556,53,25,28
105000557,52,188,-136
105900001,5,1622,-1617
105900002,628,566,62
105900003,16,92,-76
105900004,114,85,29
105900005,5,177,-172
105900006,7,84,-77
105900007,31,29,2
105900008,47,273,-226
105900009,25,12,13
105900011,69,36,33
105900012,342,74,268
105900013,3,29,-26
105900014,2,35,-33
105900015,85,208,-123
105900016,312,239,73
105900017,1111,23,1088
105900018,132,105,27
105900019,47,177,-130
105900020,57,39,18
105900021,12,147,-135
105900022,184,131,53
105900023,1,65,-64
105900024,7,70,-63
105900025,157,20,137
105900026,193,17,176
105900027,6921,3127,3794
105900028,327,357,-30
105900029,1070,204,866
105900030,112,151,-39
105900031,235,124,111
105900032,50,83,-33
105900033,79,65,14
105900034,169,112,57
105900035,117,89,28
105900036,105,87,18
105900037,89,52,37
105900038,155,213,-58
105900039,86,67,19
105900040,60,66,-6
105900041,131,105,26
105900042,43,94,-51
105900043,818,25,793
105900044,4,179,-175
105900045,1,544,-543
105900046,12,202,-190
105900047,12,32,-20
105900048,78,300,-222
105900050,2219,3692,-1473
105900051,32,807,-775
105900052,318,71,247
105900053,1617,1909,-292
105900054,204,80,124
105900056,314,181,133
105900057,15,51,-36
105900058,15,9,6
105900059,1,24,-23
106000001,3400,2166,1234
106000002,1740,4171,-2431
106000003,2362,3087,-725
106000004,1294,2082,-788
106000005,2797,3993,-1196
106000006,4364,2636,1728
106000007,408,496,-88
106000008,468,268,200
106000009,460,291,169
106000010,478,419,59
106000011,1024,800,224
106000012,712,926,-214
106000013,1452,1409,43
106000014,1364,1052,312
106000015,1621,968,653
106000016,956,1424,-468
106000017,503,561,-58
106000018,420,373,47
106000019,338,338,0
106000020,281,320,-39
106000021,254,333,-79
106000022,281,184,97
106000023,506,255,251
106000024,383,330,53
106000025,142,127,15
106000026,77,200,-123
106000027,1270,1078,192
106000028,521,284,237
106000029,600,678,-78
106000030,388,382,6
106000034,127,407,-280
106000035,849,1625,-776
106000036,158,315,-157
106000037,1412,992,420
106000038,260,90,170
106000039,78,86,-8
106000040,116,621,-505
106000041,571,416,155
106000043,438,198,240
106000046,318,70,248
106000047,52,331,-279
106000049,958,166,792
106000050,235,451,-216
106000051,606,354,252
106000052,118,397,-279
106000053,320,91,229
106000054,232,271,-39
106000055,867,640,227
106000056,205,230,-25
106000057,317,269,48
106000058,98,88,10
106000059,278,215,63
106000060,204,290,-86
106000061,203,424,-221
106000062,132,346,-214
106000063,723,451,272
106000064,21,227,-206
106000065,341,294,47
106000066,113,232,-119
106000067,330,65,265
106000068,46,467,-421
106000069,242,51,191
106000070,343,541,-198
106000071,788,224,564
106000072,1905,1173,732
106000073,1111,2350,-1239
106000074,511,485,26
106000075,283,1054,-771
106000076,1432,1484,-52
106000077,2452,1040,1412
106000078,917,640,277
106000079,554,661,-107
106000080,1057,418,639
106000081,488,833,-345
106000082,1726,678,1048
106000083,346,1110,-764
106000084,979,526,453
106000085,1104,1035,69
106000086,469,574,-105
106000087,671,378,293
106000088,331,576,-245
106000089,852,257,595
106000090,221,471,-250
106000091,308,343,-35
106000092,541,211,330
106000093,219,110,109
106000094,65,219,-154
106000095,700,510,190
106000096,729,483,246
106000097,917,523,394
106000098,631,649,-18
106000099,224,469,-245
106000100,829,188,641
106000101,669,558,111
106000102,134,388,-254
106000103,246,345,-99
106000104,651,296,355
106000105,415,438,-23
106000106,514,351,163
106000107,138,224,-86
106000108,392,251,141
106000109,183,200,-17
106000110,226,195,31
106000111,181,275,-94
106000112,206,459,-253
106000113,480,392,88
106000114,382,468,-86
106000115,210,280,-70
106000116,309,158,151
106000117,820,404,416
106000118,999,940,59
106000119,972,610,362
106000120,621,904,-283
106000121,187,137,50
106000122,117,145,-28
106000123,417,100,317
106000124,50,142,-92
106000125,38,143,-105
106000126,275,88,187
106000127,577,532,45
106000128,746,151,595
106000129,649,375,274
106000130,700,508,192
106000131,129,513,-384
106000132,493,97,396
106000133,1081,948,133
106000134,427,1180,-753
106000135,392,530,-138
106000136,567,674,-107
106000137,43,475,-432
106000138,914,88,826
106000139,61,68,-7
106000140,54,37,17
106000141,97,34,63
106000142,77,42,35
106000143,38,38,0
106000144,53,39,14
106000145,184,157,27
106000146,362,79,283
106000147,705,411,294
106000148,809,655,154
106000149,533,368,165
106000150,418,1522,-1104
106000151,2622,616,2006
106000152,754,1464,-710
106000153,102,1198,-1096
106000154,1039,184,855
106000155,91,207,-116
106000156,616,144,472
106000157,478,1055,-577
106000158,1621,768,853
106000159,1892,1483,409
106000160,394,2013,-1619
106000161,1018,247,771
106000162,253,673,-420
106000163,292,291,1
106000164,382,217,165
106000165,195,337,-142
106000166,570,256,314
106000167,268,647,-379
106000168,508,214,294
106000169,246,350,-104
106000170,739,190,549
106000171,185,898,-713
106000172,2162,973,1189
106000173,817,1837,-1020
106000174,934,340,594
106000175,208,593,-385
106000176,1412,602,810
106000177,563,1527,-964
106000178,2389,1177,1212
106000179,700,1445,-745
106000180,555,834,-279
106000181,660,1247,-587
106000182,1195,485,710
106000183,1085,400,685
106000184,948,401,547
106000185,724,974,-250
106000186,620,109,511
106000187,138,758,-620
106000188,1,5,-4
106000189,11,21,-10
106000190,27,0,27
106000191,550,153,397
106000192,0,24,-24
106000193,318,165,153
106000194,159,272,-113
106000195,242,111,131
106000196,98,290,-192
106000197,635,204,431
106000198,146,156,-10
106000199,509,453,56
106000200,195,179,16
106000201,377,2016,-1639
106000202,2275,399,1876
106000203,38,177,-139
106000204,107,5,102
106000205,32,116,-84
106000206,106,13,93
106000207,17,369,-352
106000208,1302,141,1161
106000209,1196,285,911
106000210,242,605,-363
106000211,226,734,-508
106000212,662,378,284
106000213,471,1348,-877
106000214,1722,537,1185
106000215,263,381,-118
106000216,299,238,61
106000217,236,300,-64
106000218,393,295,98
106000219,148,220,-72
106000220,302,209,93
106000221,190,168,22
106000222,78,72,6
106000223,253,72,181
106000224,228,125,103
106000225,81,93,-12
106000226,132,168,-36
106000228,30,78,-48
106000229,82,515,-433
106000231,910,120,790
106000232,55,213,-158
106000233,369,102,267
106000234,47,158,-111
106000235,355,119,236
106000236,177,57,120
106000237,3,12,-9
106000238,16,20,-4
106000239,2,96,-94
106000240,29,1,28
106000241,14,436,-422
106000242,258,25,233
106000249,47,56,-9
106000250,63,346,-283
106000251,77,18,59
106000252,34,38,-4
106000253,45,34,11
106000254,98,28,70
106000255,19,132,-113
106000256,58,44,14
106000257,99,116,-17
106000258,135,17,118
106000259,5,34,-29
106000260,35,4,31
106000261,2,35,-33
106000262,74,10,64
106000263,9,42,-33
106000264,220,8,212
106000265,2,101,-99
106000266,104,25,79
106000267,2,56,-54
106000268,379,49,330
106000269,33,26,7
106000270,108,339,-231
106000271,79,136,-57
106000272,217,36,181
106000273,12,132,-120
106000274,108,37,71
106000275,115,202,-87
106000276,116,27,89
106000277,97,258,-161
106000278,157,31,126
106000279,14,21,-7
106000280,65,41,24
106000281,58,40,18
106000282,62,66,-4
106000283,97,26,71
106000284,69,84,-15
106000285,91,60,31
106000286,97,106,-9
106000287,86,57,29
106000288,100,130,-30
106000289,92,45,47
106000290,58,56,2
106000291,101,67,34
106000292,100,66,34
106000293,92,44,48
106000294,92,90,2
106000295,51,40,11
106000296,25,47,-22
106000297,51,160,-109
106000298,78,65,13
106000299,43,104,-61
106000300,52,78,-26
106000301,50,93,-43
106000303,29,59,-30
106000304,21,23,-2
106000305,28,27,1
106000306,37,33,4
106000307,51,24,27
106000308,22,58,-36
106000309,15,31,-16
106000310,243,312,-69
106000311,321,95,226
106000312,86,124,-38
106000313,211,131,80
106000318,76,373,-297
106000319,945,218,727
106000320,0,71,-71
106000321,163,91,72
106000322,129,91,38
106000324,20,76,-56
106000325,1342,614,728
106000326,795,1182,-387
106000327,184,53,131
106000328,29,104,-75
106000329,72,216,-144
106000330,48,79,-31
106000428,61,190,-129
106000429,111,393,-282
106000430,365,997,-632
106000431,1929,323,1606
106000432,1406,2090,-684
106000433,2034,1263,771
106000434,2668,1235,1433
106000435,1132,1880,-748
106000436,9,121,-112
106000437,211,60,151
106000438,223,165,58
106000439,33,443,-410
106000440,347,380,-33
106000441,0,0,0
106000442,140,5,135
106000443,101,169,-68
106000450,1,105,-104
106000451,33,56,-23
106000454,2,148,-146
106000455,8,101,-93
106000456,97,9,88
106000457,15,515,-500
106000458,852,58,794
106000459,200,238,-38
106000460,1421,14,1407
106000461,115,663,-548
106000462,2,26,-24
106000463,2,6,-4
106000464,2,362,-360
106000465,709,2,707
106000466,4,269,-265
106000467,252,321,-69
106000468,86,80,6
106000469,80,1,79
106000470,175,1279,-1104
106000471,16,315,-299
106000472,118,18,100
106000473,19,7,12
106000474,459,287,172
106000475,421,168,253
106000476,171,221,-50
106000477,56,98,-42
106000480,0,316,-316
106900001,0,4,-4
106900002,0,231,-231
106900003,48,189,-141
106900004,0,9,-9
106900006,0,5,-5
106900007,0,6,-6
106900008,263,85,178
106900009,265,208,57
106900010,157,175,-18
106900012,829,1100,-271
106900013,133,49,84
106900014,21,0,21
106900015,2,1,1
106900016,250,8,242
106900017,5,0,5
106900018,1,0,1
106900019,34,3,31
106900020,1047,951,96
106900021,156,135,21
106900022,692,5,687
106900023,12,122,-110
106900024,180,14,166
106900025,16,197,-181
106900026,0,290,-290
106900027,703,5,698
106900028,4,130,-126
106900029,100,17,83
106900030,18,133,-115
107000001,3075,2836,239
107000002,1809,2964,-1155
107000003,4952,5238,-286
107000004,3339,2900,439
107000005,4534,4896,-362
107000006,3014,2453,561
107000007,4515,8645,-4130
107000008,6798,4871,1927
107000009,6178,6603,-425
107000010,6837,5520,1317
107000011,870,926,-56
107000012,2759,1890,869
107000013,89,76,13
107000014,53,188,-135
107000015,522,567,-45
107000016,666,528,138
107000017,1278,964,314
107000018,11,701,-690
107000020,831,1023,-192
107000021,925,300,625
107000022,558,1111,-553
107000023,1465,168,1297
107000024,409,1150,-741
107000025,167,274,-107
107000026,214,327,-113
107000027,1288,764,524
107000028,1097,1054,43
107000029,2873,2386,487
107000030,2172,1996,176
107000031,3749,2067,1682
107000032,419,699,-280
107000033,2202,2630,-428
107000034,2184,1073,1111
107000035,405,174,231
107000036,254,1042,-788
107000037,71,635,-564
107000038,236,174,62
107000039,780,641,139
107000040,106,230,-124
107000041,1307,625,682
107000042,556,1367,-811
107000043,1885,869,1016
107000044,399,254,145
107000045,67,223,-156
107000046,659,334,325
107000047,369,620,-251
107000048,536,262,274
107000049,593,596,-3
107000050,945,430,515
107000051,265,247,18
107000052,866,886,-20
107000053,293,185,108
107000054,63,215,-152
107000055,338,110,228
107000056,480,604,-124
107000057,1335,195,1140
107000058,1939,1927,12
107000059,1470,2265,-795
107000060,4002,4354,-352
107000061,3712,2243,1469
107000062,4421,2511,1910
107000063,3258,3163,95
107000064,3774,2097,1677
107000065,2435,3223,-788
107000066,1744,2568,-824
107000067,934,1053,-119
107000068,1040,648,392
107000069,721,489,232
107000070,1165,13,1152
107000071,3075,43,3032
107000072,27,1906,-1879
107000073,682,357,325
107000074,135,631,-496
107000075,1606,461,1145
107000076,508,943,-435
107000077,3268,1240,2028
107000078,1936,2106,-170
107000079,2551,996,1555
107000080,899,1930,-1031
107000081,1878,531,1347
107000082,468,1187,-719
107000083,1266,404,862
107000084,274,1098,-824
107000085,2699,2744,-45
107000086,2752,2593,159
107000087,2437,1709,728
107000088,2540,2866,-326
107000089,1180,1379,-199
107000090,838,768,70
107000091,1230,647,583
107000092,777,700,77
107000093,1153,667,486
107000094,746,825,-79
107000095,650,457,193
107000096,454,462,-8
107000097,727,270,457
107000098,428,424,4
107000099,317,216,101
107000100,131,225,-94
107000101,52,120,-68
107000102,127,186,-59
107000103,255,132,123
107000104,145,230,-85
107000105,338,145,193
107000106,221,188,33
107000107,546,139,407
107000108,125,391,-266
107000109,520,164,356
107000110,85,322,-237
107000111,481,79,402
107000112,60,323,-263
107000113,735,114,621
107000114,124,448,-324
107000115,562,137,425
107000116,90,501,-411
107000117,141,663,-522
107000118,120,111,9
107000119,1023,1385,-362
107000120,913,413,500
107000121,886,574,312
107000122,1038,632,406
107000123,444,434,10
107000124,424,557,-133
107000125,969,440,529
107000126,832,541,291
107000129,283,550,-267
107000130,756,295,461
107000131,397,547,-150
107000132,607,315,292
107000133,405,61,344
107000134,260,4,256
107000135,4,201,-197
107000136,620,7,613
107000137,14,369,-355
107000138,256,21,235
107000139,15,355,-340
107000140,1138,74,1064
107000141,89,707,-618
107000142,364,89,275
107000143,34,536,-502
107000144,441,379,62
107000145,108,353,-245
107000146,173,294,-121
107000147,3347,843,2504
107000150,426,2135,-1709
107000151,19,86,-67
107000152,356,1293,-937
107000153,101,261,-160
107000154,179,293,-114
107000155,849,15,834
107000156,1133,15,1118
107000157,72,931,-859
107000158,683,17,666
107000159,44,600,-556
107000160,1065,139,926
107000161,69,783,-714
107000162,255,449,-194
107000163,194,8,186
107000164,796,1,795
107000165,1036,1,1035
107000166,37,767,-730
107000167,649,153,496
107000168,959,462,497
107000169,469,646,-177
107000170,2244,672,1572
107000171,532,1230,-698
107000172,1100,1334,-234
107000173,516,647,-131
107000174,924,4107,-3183
107000175,4184,1102,3082
107000176,0,0,0
107000177,3,1,2
107000178,20,39,-19
107000179,262,1357,-1095
107000180,1299,202,1097
107000181,472,799,-327
107000182,1728,579,1149
107000183,120,470,-350
107000184,954,453,501
107000185,353,815,-462
107000186,940,322,618
107000187,957,957,0
107000188,548,504,44
107000189,432,707,-275
107000190,626,525,101
107000191,731,911,-180
107000192,1377,506,871
107000193,398,355,43
107000194,841,482,359
107000197,929,211,718
107000198,320,553,-233
107000199,497,509,-12
107000200,425,448,-23
107000201,356,228,128
107000202,341,384,-43
107000203,478,923,-445
107000204,584,1262,-678
107000205,1237,705,532
107000206,553,1118,-565
107000207,579,690,-111
107000208,631,437,194
107000209,1349,1184,165
107000210,519,268,251
107000211,3,43,-40
107000212,7,245,-238
107000213,5,14,-9
107000214,6,87,-81
107000215,320,253,67
107000216,386,246,140
107000217,155,102,53
107000219,53,96,-43
107000220,116,129,-13
107000222,232,438,-206
107000224,345,138,207
107000225,192,242,-50
107000226,294,76,218
107000227,102,170,-68
107000228,71,264,-193
107000229,128,102,26
107000230,861,343,518
107000231,1080,1456,-376
107000232,103,20,83
107000233,872,728,144
107000234,4,57,-53
107000235,67,8,59
107000236,10,316,-306
107000237,19,1,18
107000238,43,1,42
107000239,1976,437,1539
107000240,100,587,-487
107000243,0,20,-20
107000244,8,57,-49
107000246,1,724,-723
107000249,1,879,-878
107000251,0,325,-325
107000252,2,674,-672
107000255,212,82,130
107000257,2,299,-297
107000258,0,74,-74
107000259,0,130,-130
107000260,826,4,822
107000262,16,293,-277
107000263,291,5,286
107000266,25,9,16
107000267,60,71,-11
107000268,87,68,19
107000269,469,36,433
107000270,1,15,-14
107000271,15,341,-326
107000272,16,84,-68
107000273,9,182,-173
107000274,571,3,568
107000275,336,1195,-859
107000280,916,21,895
107000281,43,531,-488
107000282,37,477,-440
107000290,8,20,-12
107000291,6,1,5
107000292,0,57,-57
107000293,21,2,19
107000294,0,45,-45
107000295,18,2,16
107000296,0,14,-14
107000444,202,5,197
107000496,4,11,-7
107000497,978,1458,-480
107000500,321,224,97
107000501,87,123,-36
107000502,158,192,-34
107000505,268,519,-251
107000506,0,110,-110
107000508,6,324,-318
107000509,220,487,-267
107000510,32,23,9
107000514,67,321,-254
107000515,19,122,-103
107000516,354,198,156
107000518,1008,1348,-340
107000519,1165,587,578
107000520,53,36,17
107000521,656,317,339
107000522,934,461,473
107900001,94,116,-22
107900002,40,9,31
107900003,277,77,200
107900004,0,2,-2
107900005,1244,4,1240
107900006,127,1,126
107900007,252,44,208
107900008,61,16,45
107900009,112,8,104
107900010,46,3,43
107900012,212,35,177
107900013,173,13,160
107900014,24,3,21
107900015,914,17,897
107900016,338,70,268
107900017,18,3,15
107900018,68,130,-62
107900019,25,28,-3
107900020,38,14,24
107900021,108,66,42
107900023,2,0,2
107900024,0,8,-8
107900025,222,158,64
107900026,81,31,50
107900027,17,20,-3
107900028,97,51,46
107900030,140,18,122
107900031,55,58,-3
107900032,12,0,12
107900033,22,5,17
107900034,261,24,237
107900035,893,107,786
107900036,54,14,40
107900037,0,17,-17
107900038,95,173,-78
107900039,41,26,15
107900040,14,101,-87
107900041,0,1,-1
107900043,50,81,-31
107900044,12,5,7
107900045,91,31,60
107900046,131,159,-28
107900047,27,21,6
107900048,149,13,136
107900049,238,618,-380
107900050,89,205,-116
107900051,75,32,43
107900052,33,35,-2
107900053,49,69,-20
107900055,438,170,268
107900056,95,44,51
107900057,0,0,0
107900058,31,393,-362
107900060,44,30,14
107900061,9,12,-3
107900063,55,98,-43
107900064,196,92,104
107900065,179,4,175
107900066,19,3,16
107900067,0,0,0
107900068,66,494,-428
107900069,30,1906,-1876
107900070,125,55,70
107900071,22,422,-400
107900072,112,84,28
107900073,134,75,59
107900074,510,324,186
107900076,111,25,86
107900077,83,0,83
107900079,7,19,-12
107900080,115,760,-645
107900081,29,57,-28
107900082,12,13,-1
107900083,243,131,112
107900084,76,72,4
107900086,54,120,-66
107900087,400,143,257
107900088,56,4,52
107900089,153,574,-421
107900090,397,1550,-1153
107900091,156,238,-82
107900093,39,75,-36
107900095,2165,1559,606
107900097,4,41,-37
107900098,49,140,-91
107900100,570,992,-422
107900101,587,147,440
107900102,24,9,15
107900103,35,114,-79
107900104,226,4,222
107900105,1,234,-233
107900106,1,559,-558
107900107,670,343,327
107900108,108,84,24
107900109,1233,12,1221
107900110,77,70,7
107900111,5,518,-513
107900112,54,277,-223
107900113,203,70,133
107900114,170,113,57
107900115,3,28,-25
107900116,188,96,92
107900117,230,214,16
107900118,62,100,-38
107900119,60,163,-103
107900120,31,51,-20
107900121,2,134,-132
107900122,1,42,-41
107900123,6,72,-66
107900124,14,28,-14
107900125,28,112,-84
107900126,3,67,-64
107900127,286,221,65
107900128,63,77,-14
107900129,81,12,69
107900130,65,13,52
107900131,385,217,168
107900132,75,210,-135
107900133,1,47,-46
107900134,16,84,-68
107900135,11,111,-100
107900136,24,18,6
107900137,85,70,15
107900138,62,32,30
107900139,31,40,-9
107900141,19,26,-7
107900142,57,454,-397
107900143,57,16,41
107900144,2,98,-96
107900145,10,56,-46
107900146,44,78,-34
107900147,32,28,4
107900148,63,37,26
107900149,512,141,371
107900150,45,390,-345
107900151,33,70,-37
107900152,14,82,-68
107900153,92,205,-113
107900154,47,27,20
107900155,43,63,-20
107900156,1,163,-162
107900157,21,17,4
107900158,751,16,735
107900159,16,393,-377
107900160,137,148,-11
107900161,22,135,-113
107900162,1,31,-30
107900163,10,34,-24
107900164,17,53,-36
107900165,33,108,-75
107900166,24,113,-89
107900167,28,42,-14
107900168,40,36,4
107900169,4,171,-167
107900171,4,786,-782
107900172,3,174,-171
107900173,11,89,-78
107900174,107,10,97
107900175,36,96,-60
107900176,31,25,6
107900177,0,63,-63
107900178,0,128,-128
107900179,17,112,-95
107900180,330,612,-282
107900181,188,176,12
107900182,3,641,-638
107900183,34,117,-83
107900184,82,176,-94
107900185,112,4,108
107900186,28,20,8
107900187,1,87,-86
107900188,374,82,292
107900189,12,69,-57
107900190,49,138,-89
107900191,38,87,-49
107900193,4,45,-41
107900194,141,10,131
107900195,1230,229,1001
107900196,45,59,-14
107900197,456,307,149
107900199,0,636,-636
107900201,75,53,22
107900203,35,56,-21
107900204,103,132,-29
107900206,510,342,168
107900207,3,394,-391
107900208,10,337,-327
107900209,296,99,197
107900210,55,62,-7
107900213,310,287,23
107900214,4,54,-50
107900215,106,238,-132
107900216,94,45,49
107900217,54,83,-29
107900218,7,894,-887
107900219,33,64,-31
107900220,157,176,-19
107900221,96,145,-49
107900223,110,332,-222
107900224,66,246,-180
107900225,7,385,-378
107900226,92,77,15
107900227,91,229,-138
107900228,18,51,-33
107900229,1,147,-146
107900230,26,56,-30
107900231,29,133,-104
107900232,73,72,1
107900233,6,79,-73
107900234,94,73,21
107900235,18,68,-50
107900236,93,33,60
107900237,37,204,-167
107900238,37,67,-30
107900239,478,317,161
107900240,51,65,-14
107900241,10,51,-41
107900242,17,117,-100
107900243,1,29,-28
107900244,206,2,204
107900245,614,26,588
107900246,190,10,180
107900248,282,140,142
107900249,752,22,730
107900250,1,313,-312
107900251,53,745,-692
107900252,623,20,603
107900253,148,3,145
107900254,56,103,-47
107900255,159,86,73
107900256,515,694,-179
107900257,126,70,56
107900258,80,144,-64
107900259,39,1639,-1600
107900261,2,128,-126
107900262,43,57,-14
107900264,378,10,368
107900265,113,82,31
107900267,220,20,200
107900268,16,9,7
107900269,0,9,-9
107900270,0,0,0
107900271,2,8,-6
107900272,59,21,38
107900273,47,61,-14
107900274,107,0,107
107900275,31,1,30
107900276,0,67,-67
107900277,4,100,-96
107900278,250,223,27
107900279,51,139,-88
107900280,1630,1155,475
107900281,810,2595,-1785
107900282,50,407,-357
107900283,613,466,147
107900284,457,443,14
107900285,94,35,59
107900286,56,64,-8
107900287,179,115,64
107900290,0,123,-123
107900291,421,26,395
107900292,121,96,25
107900293,64,321,-257
107900295,54,22,32
107900297,1,169,-168
107900298,576,607,-31
107900299,1651,1791,-140
107900301,324,626,-302
107900302,90,34,56
107900303,189,194,-5
107900304,292,252,40
107900305,257,8,249
107900306,9,25,-16
107900307,41,179,-138
107900308,176,96,80
107900309,77,0,77
107900310,207,1,206
107900311,7,289,-282
107900312,53,0,53
107900313,0,119,-119
107900314,0,29,-29
107900315,0,32,-32
107900316,29,1,28
107900317,71,5,66
107900318,3,96,-93
107900319,1,104,-103
107900320,0,80,-80
107900321,139,8,131
107900322,0,85,-85
107900323,5,76,-71
107900324,97,5,92
107900325,100,0,100
107900326,300,127,173
107900327,0,40,-40
107900328,64,0,64
107900329,76,56,20
107900330,7,220,-213
107900331,215,17,198
107900332,251,11,240
107900333,49,22,27
107900334,8,116,-108
107900335,35,30,5
107900336,26,60,-34
107900337,587,658,-71
107900338,5,84,-79
107900339,9,27,-18
107900340,3,40,-37
107900341,33,0,33
107900342,98,52,46
107900343,44,0,44
107900344,8,54,-46
107900345,76,19,57
107900346,20,1,19
107900347,30,2,28
107900348,3,3,0
107900349,5,7,-2
107900350,17,142,-125
107900351,3,124,-121
107900352,1,21,-20
107900353,12,13,-1
107900354,41,53,-12
108000001,2684,2996,-312
108000002,1622,1724,-102
108000003,2739,2921,-182
108000004,8844,9911,-1067
108000005,7136,5857,1279
108000006,6239,5471,768
108000007,4466,3504,962
108000008,3242,4368,-1126
108000009,3113,3737,-624
108000010,2458,3128,-670
108000011,10189,9821,368
108000012,11752,10705,1047
108000014,749,586,163
108000015,834,177,657
108000016,246,620,-374
108000017,910,310,600
108000018,1543,558,985
108000019,1417,744,673
108000020,1140,486,654
108000021,276,1455,-1179
108000022,364,952,-588
108000023,929,186,743
108000024,280,313,-33
108000025,305,273,32
108000026,784,288,496
108000027,699,474,225
108000028,771,206,565
108000029,505,629,-124
108000030,465,189,276
108000031,178,379,-201
108000032,1577,562,1015
108000033,602,776,-174
108000034,1557,414,1143
108000035,532,1425,-893
108000036,337,717,-380
108000037,1573,326,1247
108000038,2167,400,1767
108000039,445,1243,-798
108000040,1394,732,662
108000041,473,1466,-993
108000042,332,174,158
108000043,203,195,8
108000044,626,133,493
108000045,276,304,-28
108000046,1341,280,1061
108000047,370,621,-251
108000048,150,244,-94
108000049,798,244,554
108000050,132,441,-309
108000051,327,100,227
108000052,167,460,-293
108000053,390,152,238
108000054,342,770,-428
108000055,885,519,366
108000056,834,928,-94
108000057,509,1100,-591
108000058,1748,3226,-1478
108000059,2447,1457,990
108000060,210,567,-357
108000061,268,357,-89
108000062,765,509,256
108000063,392,319,73
108000064,193,178,15
108000065,496,384,112
108000066,1068,656,412
108000067,1606,516,1090
108000068,741,333,408
108000069,222,582,-360
108000070,1631,617,1014
108000071,561,978,-417
108000072,1518,894,624
108000073,1122,1110,12
108000074,567,333,234
108000075,284,524,-240
108000076,708,501,207
108000077,493,484,9
108000078,1909,963,946
108000079,643,931,-288
108000080,1289,392,897
108000081,461,978,-517
108000082,698,1227,-529
108000083,1559,820,739
108000084,390,687,-297
108000085,652,422,230
108000086,669,437,232
108000087,112,1762,-1650
108000088,584,246,338
108000089,282,209,73
108000091,311,311,0
108000092,128,63,65
108000093,209,332,-123
108000094,521,64,457
108000095,147,212,-65
108000096,350,137,213
108000097,141,266,-125
108000098,1531,1015,516
108000099,1039,240,799
108000100,204,337,-133
108000101,1248,1234,14
108000102,1549,3056,-1507
108000106,993,0,993
108000107,1,692,-691
108000108,630,27,603
108000109,4,625,-621
108000110,213,273,-60
108000111,125,391,-266
108000112,84,139,-55
108000113,329,215,114
108000115,234,177,57
108000117,463,274,189
108000118,504,1710,-1206
108000119,487,257,230
108000120,130,620,-490
108000121,198,302,-104
108000122,513,270,243
108000123,632,177,455
108000124,306,416,-110
108000125,350,202,148
108000126,151,245,-94
108000127,585,216,369
108000128,514,338,176
108000129,329,632,-303
108000130,429,201,228
108000131,804,402,402
108000132,1281,923,358
108000133,937,433,504
108000134,426,401,25
108000135,1161,382,779
108000136,249,588,-339
108000137,489,220,269
108000138,342,715,-373
108000139,470,222,248
108000140,110,16,94
108000141,21,39,-18
108000142,38,57,-19
108000143,29,229,-200
108000144,449,33,416
108000145,53,15,38
108000146,680,42,638
108000147,23,26,-3
108000148,584,64,520
108000149,24,12,12
108000150,39,11,28
108000151,149,60,89
108000152,158,269,-111
108000153,517,104,413
108000154,49,13,36
108000155,44,17,27
108000156,612,287,325
108000157,124,946,-822
108000158,65,714,-649
108000159,340,195,145
108000160,1876,966,910
108000161,1419,1812,-393
108000165,4,144,-140
108000172,4,304,-300
108000173,1067,1617,-550
108000175,493,94,399
108000178,330,228,102
108000179,160,701,-541
108000181,70,23,47
108000182,219,79,140
108000183,40,323,-283
108000184,675,1938,-1263
108000185,127,267,-140
108000186,378,306,72
108000187,88,295,-207
108000188,550,159,391
108000189,1151,6924,-5773
108000190,40,100,-60
108000192,184,381,-197
108000193,437,18,419
108000194,41,5,36
108000195,2,580,-578
108000196,141,172,-31
108000198,798,198,600
108000199,0,184,-184
108000200,398,234,164
108000203,109,393,-284
108000204,100,65,35
108000205,170,217,-47
108000339,883,328,555
108000364,181,484,-303
108000365,60,285,-225
108000367,137,219,-82
108000368,9,27,-18
108000369,654,222,432
108000371,8,522,-514
108000372,665,8,657
108000373,247,126,121
108000376,90,24,66
108000377,436,224,212
108000378,7335,8474,-1139
108000379,13,166,-153
108000381,74,8,66
108000382,163,3,160
108000383,0,174,-174
108900001,34,703,-669
108900002,122,36,86
108900003,178,449,-271
108900004,152,429,-277
108900007,272,174,98
108900008,112,118,-6
108900009,77,138,-61
108900010,249,135,114
108900011,573,286,287
108900012,346,310,36
108900013,186,176,10
108900014,12,111,-99
108900015,2,135,-133
108900016,1,174,-173
108900017,159,262,-103
108900018,136,249,-113
108900019,28,391,-363
108900020,61,127,-66
108900021,122,169,-47
108900022,61,2,59
108900023,43,22,21
108900024,33,91,-58
108900025,104,67,37
108900026,13,65,-52
108900027,1,48,-47
108900028,64,236,-172
108900029,41,156,-115
108900030,0,69,-69
108900031,77,232,-155
108900032,7,121,-114
108900033,36,58,-22
108900034,1,131,-130
108900035,268,705,-437
108900038,0,159,-159
108900039,1,213,-212
108900040,5,84,-79
108900041,3491,2770,721
108900042,5,266,-261
108900043,36,266,-230
108900044,0,213,-213
108900045,61,287,-226
108900046,28,433,-405
108900047,35,136,-101
108900048,62,477,-415
108900049,1613,945,668
108900050,0,147,-147
108900051,1,76,-75
108900052,50,116,-66
108900053,64,136,-72
108900054,56,145,-89
108900055,38,225,-187
108900056,0,84,-84
108900057,1,95,-94
108900058,51,180,-129
108900059,360,33,327
108900060,91,137,-46
108900061,72,21,51
108900062,3,147,-144
108900063,13,153,-140
108900064,213,45,168
108900065,5,142,-137
108900066,303,97,206
108900067,8,95,-87
108900068,4,81,-77
108900069,59,36,23
108900070,22,61,-39
108900071,88,60,28
108900072,1052,394,658
108900073,29,194,-165
108900074,154,210,-56
108900075,20,34,-14
108900076,329,63,266
108900077,91,238,-147
108900078,15,77,-62
108900079,530,86,444
108900080,28,611,-583
108900081,51,156,-105
108900082,91,67,24
108900083,25,193,-168
108900085,1252,135,1117
108900086,120,107,13
108900087,78,136,-58
108900088,838,300,538
108900089,19,83,-64
108900090,45,147,-102
108900091,96,49,47
108900092,455,243,212
108900093,81,59,22
108900094,218,85,133
108900095,18,202,-184
108900096,234,13,221
108900097,307,198,109
108900098,1230,500,730
108900099,408,190,218
108900100,67,114,-47
108900101,162,140,22
108900102,60,798,-738
108900103,51,122,-71
108900105,3,1140,-1137
108900106,492,222,270
108900108,193,46,147
108900109,343,42,301
108900110,174,250,-76
108900111,368,289,79
108900113,26,48,-22
108900114,61,6,55
108900115,63,61,2
108900116,55,11,44
108900117,149,10,139
108900118,544,16,528
108900119,242,10,232
108900120,228,133,95
108900121,279,63,216
108900122,133,10,123
108900123,141,102,39
108900124,466,158,308
108900125,388,2,386
108900126,102,17,85
108900127,138,23,115
108900128,135,30,105
108900129,656,136,520
108900130,313,3,310
108900131,377,8,369
108900132,409,67,342
108900133,186,51,135
108900134,401,171,230
108900135,118,7,111
108900136,44,0,44
108900137,155,2,153
108900138,657,53,604
108900140,322,147,175
108900141,310,24,286
108900142,85,4,81
108900143,70,0,70
108900144,67,1,66
108900145,185,8,177
108900146,68,0,68
108900147,252,2,250
108900148,38,13,25
108900150,253,3,250
108900151,129,10,119
108900152,134,1,133
108900153,188,157,31
108900154,3423,236,3187
108900156,76,8,68
108900157,26,345,-319
108900158,291,22,269
108900159,4,105,-101
108900160,15,164,-149
108900161,3,209,-206
108900162,131,0,131
108900163,5,252,-247
108900164,76,51,25
108900168,4413,1890,2523
108900169,63,93,-30
108900171,3740,2467,1273
108900172,134,40,94
108900173,105,183,-78
108900174,654,438,216
108900176,81,237,-156
108900177,2940,4232,-1292
108900178,2188,2848,-660
108900180,83,255,-172
108900183,167,179,-12
108900184,633,223,410
108900185,118,316,-198
108900186,59,343,-284
108900189,384,102,282
108900190,235,1492,-1257
108900192,80,135,-55
108900195,73,123,-50
108900196,20,189,-169
108900199,218,237,-19
108900200,525,388,137
108900201,364,1010,-646
108900203,357,80,277
108900204,243,13,230
108900205,118,26,92
108900206,397,58,339
108900207,168,79,89
108900208,16,202,-186
108900209,151,324,-173
108900210,119,120,-1
108900211,93,417,-324
108900212,395,1172,-777
108900215,58,309,-251
108900216,353,169,184
108900217,101,5,96
108900218,101,34,67
108900221,42,144,-102
108900224,25,114,-89
108900225,2,172,-170
108900227,120,235,-115
108900230,145,149,-4
108900232,2,154,-152
108900233,293,66,227
108900234,294,118,176
108900235,146,334,-188
108900236,35,209,-174
108900240,76,50,26
108900241,35,13,22
108900245,4,954,-950
108900250,174,66,108
108900258,9,141,-132
108900259,49,59,-10
108900260,6,57,-51
108900261,63,80,-17
108900262,137,109,28
108900263,21,81,-60
108900264,478,180,298
108900265,440,309,131
108900266,428,521,-93
108900267,4,84,-80
108900268,3,5,-2
108900269,102,4,98
108900270,52,3,49
108900271,35,21,14
108900272,160,18,142
108900273,546,593,-47
108900274,131,30,101
109000001,2034,1556,478
109000002,1104,1557,-453
109000003,2255,324,1931
109000004,428,1736,-1308
109000005,1991,484,1507
109000006,692,1479,-787
109000007,1327,485,842
109000008,500,1241,-741
109000009,2867,1108,1759
109000010,1038,2439,-1401
109000011,2935,1659,1276
109000012,1593,2275,-682
109000013,2929,2361,568
109000014,1466,1969,-503
109000015,3978,8241,-4263
109000016,4230,2300,1930
109000017,2203,1110,1093
109000018,797,2056,-1259
109000019,2185,1209,976
109000020,826,1387,-561
109000023,244,26,218
109000024,9,185,-176
109000025,240,436,-196
109000026,555,253,302
109000027,73,321,-248
109000028,148,69,79
109000029,104,149,-45
109000030,82,393,-311
109000031,146,112,34
109000032,133,387,-254
109000033,284,184,100
109000034,61,56,5
109000035,15,50,-35
109000036,56,275,-219
109000037,177,1378,-1201
109000038,341,271,70
109000039,713,553,160
109000040,1648,5292,-3644
109000041,1741,1494,247
109000042,361,854,-493
109000044,340,137,203
109000045,229,322,-93
109000046,274,63,211
109000047,114,276,-162
109000048,851,418,433
109000049,272,360,-88
109000050,430,400,30
109000051,250,160,90
109000052,454,555,-101
109000053,1263,279,984
109000054,100,294,-194
109000055,181,235,-54
109000056,285,204,81
109000057,553,411,142
109000058,1394,226,1168
109000059,631,1359,-728
109000060,626,323,303
109000061,628,861,-233
109000062,93,279,-186
109000063,165,116,49
109000064,231,109,122
109000065,84,134,-50
109000066,318,55,263
109000067,52,154,-102
109000068,2018,8,2010
109000069,650,9,641
109000070,10,1408,-1398
109000071,403,62,341
109000072,103,380,-277
109000073,72,68,4
109000074,26,123,-97
109000075,66,271,-205
109000076,234,291,-57
109000077,295,248,47
109000078,120,139,-19
109000079,156,111,45
109000080,263,54,209
109000081,167,320,-153
109000082,682,135,547
109000083,269,402,-133
109000088,91,309,-218
109000089,285,55,230
109000090,108,266,-158
109000091,262,153,109
109000092,248,300,-52
109000093,263,145,118
109000094,473,2,471
109000095,98,244,-146
109000096,634,291,343
109000097,72,140,-68
109000098,64,149,-85
109000099,819,217,602
109000100,203,390,-187
109000101,1318,430,888
109000102,265,528,-263
109000103,805,455,350
109000104,1555,476,1079
109000105,349,794,-445
109000106,1458,606,852
109000107,470,1199,-729
109000108,1539,463,1076
109000109,356,1178,-822
109000110,1087,435,652
109000111,694,1160,-466
109000112,305,89,216
109000113,399,113,286
109000114,109,232,-123
109000115,1061,72,989
109000116,20,533,-513
109000117,191,72,119
109000118,8,236,-228
109000119,1257,208,1049
109000120,205,485,-280
109000121,742,85,657
109000122,149,476,-327
109000123,48,129,-81
109000124,613,305,308
109000125,670,257,413
109000126,519,448,71
109000127,1635,301,1334
109000128,546,855,-309
109000129,1852,673,1179
109000130,663,1336,-673
109000131,1448,993,455
109000132,940,1792,-852
109000133,268,733,-465
109000134,578,876,-298
109000135,887,1287,-400
109000136,312,209,103
109000137,224,275,-51
109000138,337,195,142
109000139,411,336,75
109000140,244,446,-202
109000141,835,400,435
109000142,125,414,-289
109000143,70,57,13
109000145,101,296,-195
109000146,95,88,7
109000148,2014,1307,707
109000149,15,88,-73
109000150,118,211,-93
109000155,729,483,246
109000156,794,459,335
109000158,90,181,-91
109000159,77,303,-226
109000160,921,151,770
109000161,272,658,-386
109000162,1599,445,1154
109000163,894,1136,-242
109000164,1158,1668,-510
109000165,1114,340,774
109000166,763,89,674
109000167,110,329,-219
109000170,34,18,16
109000171,40,28,12
109000172,42,57,-15
109000173,22,72,-50
109000174,73,39,34
109000175,102,172,-70
109000176,230,210,20
109000177,18,68,-50
109000178,657,212,445
109000179,2848,3602,-754
109000180,3114,2500,614
109000181,18,16,2
109000182,27,21,6
109000183,29,18,11
109000184,46,16,30
109000185,23,34,-11
109000188,415,987,-572
109000189,2017,683,1334
109000190,481,298,183
109000191,293,295,-2
109000192,375,134,241
109000193,160,187,-27
109000194,290,80,210
109000195,144,199,-55
109000196,289,91,198
109000197,149,222,-73
109000198,338,37,301
109000199,74,303,-229
109000206,200,21,179
109000207,84,38,46
109000208,63,66,-3
109000209,105,85,20
109000210,161,358,-197
109000211,481,374,107
109000214,512,503,9
109000215,104,50,54
109000216,265,253,12
109000217,158,109,49
109000218,287,156,131
109000221,479,694,-215
109000222,850,255,595
109000223,251,197,54
109000224,47,87,-40
109000225,65,23,42
109000226,70,125,-55
109000227,866,515,351
109000228,6,1429,-1423
109000231,1,170,-169
109000232,372,175,197
109000236,175,601,-426
109000241,1918,1533,385
109000242,1647,1021,626
109000293,64,136,-72
109000361,174,205,-31
109000364,149,304,-155
109000396,5,275,-270
109000397,539,6,533
109000399,113,271,-158
109000400,62,223,-161
109000403,69,1254,-1185
109000406,305,7,298
109000407,235,119,116
109000408,0,322,-322
109000410,893,220,673
109000411,254,27,227
109000412,1,60,-59
109900001,88,0,88
109900002,488,8,480
109900003,268,1,267
109900005,24,1,23
109900006,249,137,112
109900007,783,345,438
109900008,1,27,-26
109900009,96,260,-164
109900010,585,17,568
109900011,63,32,31
109900012,213,107,106
109900013,317,137,180
109900014,325,45,280
109900015,224,121,103
109900016,148,13,135
109900017,164,204,-40
109900018,182,38,144
109900019,193,20,173
109900020,40,34,6
109900021,57,9,48
109900022,147,135,12
109900023,15,3,12
109900024,23,0,23
109900025,11,10,1
109900027,42,34,8
109900028,708,884,-176
109900029,2,156,-154
109900030,31,3,28
109900031,1,89,-88
109900032,3,202,-199
109900033,3,317,-314
109900034,45,3,42
109900035,34,22,12
109900036,6,39,-33
109900037,30,282,-252
109900038,118,135,-17
109900039,13,1,12
109900040,26,335,-309
109900041,36,200,-164
109900042,14,356,-342
109900044,58,173,-115
109900045,117,49,68
109900046,147,64,83
109900047,200,226,-26
109900048,20,58,-38
109900049,14,31,-17
109900050,0,120,-120
109900051,0,29,-29
109900052,64,275,-211
109900053,1,154,-153
109900054,570,198,372
109900055,51,163,-112
109900056,21,151,-130
109900057,2,83,-81
109900058,1,77,-76
109900060,361,62,299
109900061,54,118,-64
109900062,0,104,-104
109900064,503,169,334
109900065,86,77,9
109900066,258,410,-152
109900067,2,119,-117
109900068,90,8,82
109900069,2,17,-15
109900071,2,22,-20
109900072,13,91,-78
109900073,338,278,60
109900074,10,17,-7
109900075,31,35,-4
109900076,16,184,-168
109900077,37,41,-4
109900078,65,174,-109
109900080,76,141,-65
109900081,15,217,-202
109900082,26,178,-152
109900083,9,29,-20
109900084,43,91,-48
109900085,146,304,-158
109900086,99,482,-383
109900087,95,293,-198
109900089,541,207,334
109900092,365,15,350
109900093,814,141,673
109900094,70,79,-9
109900095,85,101,-16
109900096,32,1,31
109900097,88,3,85
109900098,414,26,388
109900099,204,2,202
109900100,21,1,20
109900101,428,10,418
109900102,402,9,393
109900103,31,23,8
109900104,525,419,106
109900105,515,31,484
109900106,286,36,250
109900107,451,68,383
109900108,95,208,-113
109900109,31,105,-74
109900111,154,450,-296
109900114,346,948,-602
109900115,151,70,81
109900117,834,103,731
109900121,319,333,-14
109900123,11,94,-83
109900125,0,80,-80
109900126,263,75,188
109900130,3393,1502,1891
109900131,56,94,-38
109900132,18,99,-81
109900134,41,79,-38
109900135,293,54,239
109900137,86,163,-77
109900140,153,112,41
109900149,18,52,-34
109900150,3,70,-67
109900151,6,38,-32
109900152,2,15,-13
109900153,0,38,-38
109900154,36,0,36
109900155,72,9,63
109900157,45,193,-148
109900159,97,22,75
109900161,212,60,152
109900162,177,73,104
109900163,384,160,224
109900164,67,209,-142
109900165,165,3,162
109900166,1,93,-92
109900167,118,251,-133
109900168,167,378,-211
109900169,176,152,24
109900170,193,713,-520
109900171,131,62,69
109900172,159,222,-63
109900173,1567,1936,-369
109900174,35,61,-26
109900175,47,64,-17
109900176,86,109,-23
109900177,41,130,-89
109900178,2,94,-92
109900179,40,13,27
109900180,5,18,-13
110000001,897,463,434
110000002,467,633,-166
110000003,632,551,81
110000004,383,603,-220
110000005,287,1271,-984
110000006,223,273,-50
110000007,81,62,19
110000008,16,42,-26
110000009,55,24,31
110000010,34,51,-17
110000011,47,35,12
110000012,390,241,149
110000013,52,444,-392
110000014,452,316,136
110000015,200,410,-210
110000016,189,1257,-1068
110000017,1827,179,1648
110000018,1752,327,1425
110000019,11,95,-84
110000020,437,165,272
110000021,313,330,-17
110000022,599,96,503
110000023,4,144,-140
110000024,504,295,209
110000025,290,4,286
110000026,6,193,-187
110000027,454,813,-359
110000028,715,584,131
110000029,490,577,-87
110000030,220,256,-36
110000031,266,367,-101
110000032,602,320,282
110000033,271,88,183
110000034,355,499,-144
110000035,821,406,415
110000036,605,449,156
110000037,201,264,-63
110000038,227,496,-269
110000039,550,2560,-2010
110000040,250,239,11
110000041,281,1177,-896
110000042,61,297,-236
110000043,638,245,393
110000044,46,322,-276
110000045,465,108,357
110000046,6,29,-23
110000047,42,20,22
110000048,11,30,-19
110000049,32,10,22
110000050,10,35,-25
110000051,20,8,12
110000052,35,34,1
110000053,43,15,28
110000054,64,227,-163
110000055,184,49,135
110000056,109,79,30
110000057,329,454,-125
110000058,1075,415,660
110000059,831,384,447
110000060,790,716,74
110000061,604,529,75
110000062,510,713,-203
110000063,45,114,-69
110000064,85,51,34
110000065,61,74,-13
110000066,68,35,33
110000067,76,92,-16
110000068,281,97,184
110000069,237,64,173
110000071,169,67,102
110000073,15,8,7
110000075,7,46,-39
110000076,223,192,31
110000077,209,484,-275
110000078,24,21,3
110000080,260,436,-176
110000081,62,235,-173
110000082,53,249,-196
110000083,184,507,-323
110000084,1129,799,330
110000085,1192,1265,-73
110000086,989,2176,-1187
110000087,16,71,-55
110000088,71,178,-107
110000089,260,117,143
110000090,289,204,85
110000091,715,232,483
110000092,11,47,-36
110000093,45,16,29
110000094,361,160,201
110000095,182,394,-212
110000096,1255,1423,-168
110000097,994,1071,-77
110000098,1751,552,1199
110000099,588,1135,-547
110000100,856,277,579
110000101,39,203,-164
110000102,90,34,56
110000104,275,117,158
110000105,40,186,-146
110000106,631,444,187
110000107,215,320,-105
110000108,107,72,35
110000109,175,168,7
110000110,1918,3352,-1434
110000111,4122,2379,1743
110000112,871,1255,-384
110000113,222,2117,-1895
110000114,161,469,-308
110000115,295,193,102
110000116,47,45,2
110000117,216,192,24
110000118,330,91,239
110000119,197,200,-3
110000120,275,114,161
110000121,72,271,-199
110000122,269,322,-53
110000123,500,323,177
110000124,0,541,-541
110000125,894,12,882
110000126,279,25,254
110000127,1072,49,1023
110000128,30,707,-677
110000129,10,446,-436
110000130,338,160,178
110000131,77,290,-213
110000132,3,427,-424
110000133,24,424,-400
110000134,19,300,-281
110000135,159,23,136
110000136,61,215,-154
110000137,424,311,113
110000138,623,398,225
110000139,780,590,190
110000140,919,693,226
110000143,554,263,291
110000144,3934,1557,2377
110000145,1406,1104,302
110000146,1023,529,494
110000147,314,420,-106
110000148,380,173,207
110000151,627,1022,-395
110000152,587,364,223
110000153,94,21,73
110000154,11,28,-17
110000155,955,3727,-2772
110000156,764,2060,-1296
110000157,929,1994,-1065
110000160,412,228,184
110000161,227,230,-3
110000166,485,86,399
110000167,762,486,276
110000168,822,464,358
110000169,818,336,482
110000170,93,56,37
110000171,476,142,334
110000172,140,523,-383
110000173,761,737,24
110000174,170,570,-400
110000175,581,63,518
110000176,222,291,-69
110000177,165,733,-568
110000178,300,1176,-876
110000179,768,243,525
110000180,187,155,32
110000181,353,273,80
110000182,275,100,175
110000183,4970,4960,10
110000184,251,1641,-1390
110000185,515,507,8
110000186,600,544,56
110000191,945,221,724
110000192,497,15,482
110000193,1053,12,1041
110000194,16,680,-664
110000195,438,149,289
110000196,282,209,73
110000197,127,90,37
110000198,84,47,37
110000199,56,102,-46
110000200,743,366,377
110000201,645,752,-107
110000202,1018,475,543
110000203,525,446,79
110000204,8,178,-170
110000205,122,48,74
110000206,413,678,-265
110000207,862,304,558
110000208,129,144,-15
110000209,115,479,-364
110000210,1112,368,744
110000211,551,454,97
110000212,335,752,-417
110000213,215,46,169
110000214,254,59,195
110000215,168,247,-79
110000216,73,178,-105
110000217,297,106,191
110000218,180,181,-1
110000219,255,55,200
110000220,79,159,-80
110000221,293,60,233
110000222,69,120,-51
110000223,3,133,-130
110000224,47,9,38
110000225,197,469,-272
110000226,180,42,138
110000227,522,535,-13
110000228,223,119,104
110000229,0,153,-153
110000230,384,474,-90
110000231,130,149,-19
110000232,138,163,-25
110000233,149,220,-71
110000234,380,415,-35
110000235,686,786,-100
110000236,534,466,68
110000237,1702,864,838
110000238,817,1012,-195
110000239,1613,895,718
110000240,0,40,-40
110000242,0,4,-4
110000243,119,100,19
110000244,92,211,-119
110000245,56,230,-174
110000246,735,420,315
110000247,904,4150,-3246
110000248,1557,1360,197
110000249,64,12,52
110000250,17,162,-145
110000251,319,507,-188
110000252,201,138,63
110000253,1330,605,725
110000254,591,1030,-439
110000255,145,677,-532
110000256,398,209,189
110000257,547,337,210
110000258,14,334,-320
110000259,116,22,94
110000260,25,157,-132
110000263,444,108,336
110000264,233,301,-68
110000265,800,1243,-443
110000266,1169,2140,-971
110000267,26,113,-87
110000268,214,246,-32
110000269,6,42,-36
110000270,67,2,65
110000271,938,177,761
110000272,1028,795,233
110000273,2370,1116,1254
110000274,108,1180,-1072
110000275,1293,391,902
110000276,256,249,7
110000277,260,236,24
110000278,290,548,-258
110000279,603,630,-27
110000280,418,321,97
110000281,43,253,-210
110000282,199,26,173
110000283,38,84,-46
110000284,39,34,5
110000285,2,354,-352
110000286,18,1,17
110000287,66,1,65
110000288,4,54,-50
110000289,353,1644,-1291
110000290,595,459,136
110000291,3589,984,2605
110000292,981,3687,-2706
110000293,496,508,-12
110000294,872,761,111
110000295,111,626,-515
110000296,450,243,207
110000297,2146,371,1775
110000298,157,473,-316
110000299,243,69,174
110000301,252,19,233
110000302,467,566,-99
110000303,342,10,332
110000304,189,161,28
110000305,994,20,974
110000306,177,721,-544
110000307,1412,2,1410
110000308,420,8,412
110000309,11,460,-449
110000310,639,36,603
110000311,8,459,-451
110000312,400,92,308
110000313,2000,3593,-1593
110000314,1,199,-198
110000315,1970,1908,62
110000316,471,1057,-586
110000317,213,430,-217
110000318,5,43,-38
110000319,12,26,-14
110000320,65,34,31
110000321,13,30,-17
110000322,247,242,5
110000323,329,113,216
110000324,2318,1457,861
110000325,1564,2316,-752
110000327,280,164,116
110000328,120,233,-113
110000333,634,584,50
110000334,698,940,-242
110000335,599,340,259
110000336,616,706,-90
110000337,1119,429,690
110000338,421,181,240
110000339,220,166,54
110000340,39,150,-111
110000341,453,368,85
110000342,225,6,219
110000343,0,17,-17
110000344,79,111,-32
110000345,89,92,-3
110000346,1458,1413,45
110000347,1016,585,431
110000348,30,14,16
110000349,15,16,-1
110000350,28,2,26
110000351,856,527,329
110000352,646,1132,-486
110000353,1769,490,1279
110000354,1138,2363,-1225
110000355,37,40,-3
110000356,454,3,451
110000357,320,11,309
110000361,13,34,-21
110000362,53,6,47
110000363,405,75,330
110000364,234,208,26
110000365,101,0,101
110000366,1,77,-76
110000367,265,107,158
110000368,3,48,-45
110000369,24,0,24
110000373,4,192,-188
110000374,74,15,59
110000375,87,641,-554
110000376,33,70,-37
110000377,75,392,-317
110000378,17,256,-239
110000379,1712,1584,128
110000380,43,5,38
110000383,1,1080,-1079
110000384,1452,1007,445
110000385,0,168,-168
110000387,63,13,50
110000388,27,165,-138
110000389,781,2,779
110000391,581,198,383
110000396,147,84,63
110000397,136,84,52
110000398,4,33,-29
110000399,105,16,89
110000587,74,27,47
110000589,212,129,83
110000640,188,50,138
110000652,3,141,-138
110000653,301,308,-7
110000654,131,575,-444
110000656,0,309,-309
110000674,15,19,-4
110000675,9,20,-11
110000676,0,30,-30
110000679,329,1095,-766
110000682,78,168,-90
110000683,224,452,-228
110000684,4,21,-17
110000685,9,3,6
110000686,0,21,-21
110000687,17,2,15
110000688,34,756,-722
110000689,55,31,24
110000692,31,104,-73
110000693,44,268,-224
110000694,0,140,-140
110000695,167,439,-272
110000696,36,49,-13
110000698,39,630,-591
110000699,129,297,-168
110900001,202,11,191
110900002,177,166,11
110900003,757,374,383
110900004,358,115,243
110900005,1371,1752,-381
110900006,31,11,20
110900007,124,22,102
110900008,14,42,-28
110900009,361,92,269
110900010,16,40,-24
110900011,22,52,-30
110900012,12,56,-44
110900013,830,83,747
110900014,344,30,314
110900015,333,506,-173
110900016,58,82,-24
110900017,350,20,330
110900018,276,28,248
110900019,240,16,224
110900020,59,152,-93
110900021,57,321,-264
110900022,79,181,-102
110900023,37,293,-256
110900024,29,227,-198
110900025,7,32,-25
110900027,47,135,-88
110900028,28,89,-61
110900029,14,204,-190
110900030,37,119,-82
110900031,1,115,-114
110900032,0,44,-44
110900033,39,121,-82
110900035,17,329,-312
110900036,83,17,66
110900037,68,6,62
110900038,432,87,345
110900039,14,172,-158
110900040,148,11,137
110900041,11,48,-37
110900042,117,36,81
110900043,5,74,-69
110900044,163,10,153
110900045,39,214,-175
110900046,17,122,-105
110900047,211,207,4
110900049,68,63,5
110900050,22,6,16
110900052,25,109,-84
110900053,65,16,49
110900054,28,103,-75
110900055,12,1,11
110900056,37,57,-20
110900057,12,171,-159
110900058,198,80,118
110900059,474,358,116
110900060,375,78,297
110900061,15,22,-7
110900062,110,96,14
110900063,38,86,-48
110900064,5,0,5
110900065,245,108,137
110900066,5,28,-23
110900067,120,330,-210
110900068,188,107,81
110900069,10,8,2
110900070,105,46,59
110900071,140,413,-273
110900073,0,10,-10
110900074,265,73,192
110900075,343,59,284
110900077,743,472,271
110900078,25,35,-10
110900079,1521,1093,428
110900080,108,60,48
110900081,14,41,-27
110900082,145,83,62
110900083,64,26,38
110900084,52,40,12
110900085,35,137,-102
110900086,53,249,-196
110900087,223,48,175
110900088,6,1,5
110900090,12,33,-21
110900091,1,33,-32
110900093,175,86,89
110900095,22,21,1
110900097,10,11,-1
110900098,38,51,-13
110900099,36,198,-162
110900100,0,22,-22
110900102,29,8,21
110900105,371,156,215
110900108,6,17,-11
110900111,172,44,128
110900112,768,3,765
110900113,299,20,279
110900115,6,45,-39
110900116,533,975,-442
110900118,110,2771,-2661
110900119,2226,177,2049
110900120,5,64,-59
110900121,130,0,130
110900122,378,173,205
110900125,345,329,16
110900127,380,1005,-625
110900128,247,444,-197
110900129,276,755,-479
110900130,687,551,136
110900131,189,56,133
110900132,262,35,227
110900133,71,115,-44
110900135,57,182,-125
110900136,331,18,313
110900138,0,0,0
110900139,2,0,2
110900140,0,0,0
110900141,149,148,1
110900142,61,89,-28
110900143,149,52,97
110900144,2,425,-423
110900145,131,34,97
110900146,228,149,79
110900147,104,269,-165
110900148,5,209,-204
110900149,1,47,-46
110900150,16,23,-7
110900151,3,34,-31
110900152,52,136,-84
110900153,131,41,90
111000001,586,463,123
111000002,663,476,187
111000003,1384,592,792
111000004,403,721,-318
111000005,1267,930,337
111000006,677,1302,-625
111000007,3129,2380,749
111000008,1491,2124,-633
111000009,479,624,-145
111000010,713,233,480
111000011,281,1290,-1009
111000012,470,408,62
111000013,384,1017,-633
111000014,1081,466,615
111000017,116,789,-673
111000018,234,320,-86
111000020,588,1707,-1119
111000021,54,66,-12
111000023,85,66,19
111000025,2931,3304,-373
111000029,76,101,-25
111000030,36,98,-62
111000031,1443,813,630
111000032,415,246,169
111000033,196,261,-65
111000034,114,235,-121
111000037,1052,746,306
111000038,2595,1481,1114
111000039,1433,1405,28
111000040,1229,1556,-327
111000041,1374,1289,85
111000042,2085,1645,440
111000043,1472,2660,-1188
111000044,1507,970,537
111000045,1973,1875,98
111000046,1323,1491,-168
111000047,2033,3206,-1173
111000049,343,328,15
111000050,1054,1056,-2
111000051,475,734,-259
111000052,460,1201,-741
111000053,253,578,-325
111000054,275,549,-274
111000055,798,1195,-397
111000056,143,397,-254
111000057,116,343,-227
111000058,395,60,335
111000059,447,222,225
111000060,3320,721,2599
111000061,453,248,205
111000062,621,254,367
111000063,1613,750,863
111000064,640,425,215
111000065,1002,776,226
111000066,425,293,132
111000067,449,458,-9
111000068,609,869,-260
111000069,1197,1287,-90
111000070,994,736,258
111000071,216,462,-246
111000072,1100,412,688
111000073,287,898,-611
111000074,1214,1314,-100
111000075,907,597,310
111000076,458,436,22
111000077,1471,1398,73
111000078,2510,1214,1296
111000079,1058,584,474
111000080,470,522,-52
111000081,1228,3175,-1947
111000082,614,479,135
111000084,761,405,356
111000085,819,846,-27
111000086,1813,726,1087
111000087,629,385,244
111000088,3312,1790,1522
111000089,652,633,19
111000090,642,1047,-405
111000091,737,386,351
111000092,1231,681,550
111000093,630,907,-277
111000094,1460,896,564
111000095,632,1942,-1310
111000096,1181,6155,-4974
111000097,3117,1207,1910
111000098,643,810,-167
111000099,515,1205,-690
111000100,355,1004,-649
111000101,363,605,-242
111000102,270,378,-108
111000104,545,185,360
111000107,130,481,-351
111000109,413,187,226
111000110,1233,585,648
111000111,2003,381,1622
111000112,1657,555,1102
111000113,792,1267,-475
111000114,1984,2849,-865
111000115,3912,1011,2901
111000116,735,697,38
111000117,346,701,-355
111000118,1135,650,485
111000119,1003,734,269
111000120,414,493,-79
111000121,347,559,-212
111000122,457,807,-350
111000123,1015,1727,-712
111000124,344,1471,-1127
111000125,274,907,-633
111000126,74,547,-473
111000127,923,102,821
111000128,1742,244,1498
111000129,2286,394,1892
111000130,1848,545,1303
111000131,1651,446,1205
111000132,1247,604,643
111000133,165,104,61
111000134,149,91,58
111000135,35,133,-98
111000136,382,249,133
111000138,19,4,15
111000140,5,5,0
111000141,159,349,-190
111000142,16,119,-103
111000143,9,188,-179
111000144,30,744,-714
111000145,1015,22,993
111000146,132,10,122
111000147,235,23,212
111000148,120,60,60
111000149,1,31,-30
111000150,23,6,17
111000151,1,22,-21
111000153,488,581,-93
111000154,684,192,492
111000155,68,145,-77
111000156,376,547,-171
111000157,214,859,-645
111000158,733,636,97
111000159,1933,699,1234
111000160,460,298,162
111000161,12,247,-235
111000162,79,111,-32
111000163,683,631,52
111000164,437,2424,-1987
111000165,709,350,359
111000166,1432,252,1180
111000167,148,299,-151
111000168,184,308,-124
111000169,248,533,-285
111000170,381,393,-12
111000171,427,411,16
111000172,195,336,-141
111000173,459,635,-176
111000174,279,225,54
111000175,59,228,-169
111000176,252,89,163
111000177,361,183,178
111000178,1074,267,807
111000179,205,137,68
111000180,192,356,-164
111000181,1091,183,908
111000182,175,161,14
111000183,237,306,-69
111000184,340,175,165
111000185,297,339,-42
111000186,219,246,-27
111000187,112,122,-10
111000188,215,276,-61
111000189,729,419,310
111000190,188,214,-26
111000191,178,212,-34
111000192,179,404,-225
111000193,323,315,8
111000194,61,239,-178
111000195,158,225,-67
111000196,83,131,-48
111000197,404,111,293
111000198,592,95,497
111000199,234,132,102
111000200,347,257,90
111000201,617,196,421
111000202,258,155,103
111000203,358,242,116
111000204,417,1076,-659
111000213,238,442,-204
111000214,1282,991,291
111000215,1061,946,115
111000217,1109,659,450
111000218,1064,783,281
111000219,453,192,261
111000220,862,368,494
111000221,485,85,400
111000224,56,259,-203
111000225,408,314,94
111000226,82,2,80
111000227,47,6,41
111000228,15,299,-284
111000229,47,689,-642
111000230,201,226,-25
111000231,991,474,517
111000232,551,621,-70
111000233,867,601,266
111000234,111,368,-257
111000239,86,87,-1
111000240,62,196,-134
111000241,27,205,-178
111000242,171,50,121
111000243,196,335,-139
111000244,464,81,383
111000245,1230,246,984
111000246,558,199,359
111000247,298,533,-235
111000248,747,304,443
111000249,379,440,-61
111000250,35,49,-14
111000251,26,68,-42
111000253,4,15,-11
111000255,68,7,61
111000257,48,11,37
111000260,64,774,-710
111000261,1172,88,1084
111000271,64,279,-215
111000273,2132,991,1141
111000274,1090,1741,-651
111000275,145,56,89
111000276,166,1055,-889
111000277,175,249,-74
111000278,469,130,339
111000291,802,4680,-3878
111000298,434,194,240
111000299,543,163,380
111000300,66,356,-290
111000302,264,88,176
111000303,70,155,-85
111000312,48,69,-21
111000315,8,82,-74
111000320,183,429,-246
111000321,327,105,222
111000322,277,275,2
111000323,270,27,243
111000324,317,157,160
111000325,46,50,-4
111000326,194,249,-55
111000327,401,232,169
111000328,252,411,-159
111000329,2,44,-42
111000330,51,10,41
111000331,28,6,22
111000332,373,938,-565
111000334,317,924,-607
111000335,946,222,724
111000337,1291,296,995
111000338,65,86,-21
111000339,519,173,346
111000340,190,372,-182
111000341,1308,605,703
111000342,204,1038,-834
111000344,895,535,360
111000345,146,76,70
111000346,33,135,-102
111000347,158,4,154
111000350,183,123,60
111000351,109,308,-199
111000352,155,92,63
111000353,99,184,-85
111000354,418,136,282
111000355,276,428,-152
111000358,132,662,-530
111000360,176,356,-180
111000361,174,142,32
111000546,738,340,398
111000547,383,306,77
111000548,112,236,-124
111000549,228,187,41
111000550,91,787,-696
111000551,512,170,342
111000552,1119,218,901
111000907,455,12,443
111000908,22,0,22
111000916,1696,230,1466
111000917,37,358,-321
111000918,218,452,-234
111000920,516,11,505
111000921,23,118,-95
111000922,471,206,265
111000924,23,469,-446
111000925,2228,1553,675
111000926,1029,1178,-149
111000927,2305,3477,-1172
111000928,3204,2113,1091
111000929,1175,985,190
111000930,687,1475,-788
111000931,1597,2141,-544
111000932,3018,1473,1545
111000933,2911,2055,856
111000934,1470,2211,-741
111000935,1362,753,609
111000936,1018,1400,-382
111000937,1023,1048,-25
111000938,1282,1050,232
111000939,391,40,351
111000940,371,125,246
111000941,367,236,131
111000943,425,175,250
111000944,217,241,-24
111000945,64,877,-813
111001109,384,323,61
111001110,152,362,-210
111001111,83,9,74
111001112,73,6,67
111001113,9,182,-173
111001114,511,129,382
111001115,62,433,-371
111001116,3347,3363,-16
111001117,575,2271,-1696
111001120,116,151,-35
111001121,171,142,29
111001122,231,326,-95
111001123,281,103,178
111001124,133,116,17
111001125,4,163,-159
111001126,0,0,0
111001127,2,36,-34
111001128,595,455,140
111001129,1,185,-184
111900001,0,111,-111
111900002,1,275,-274
111900003,2,163,-161
111900004,20,34,-14
111900006,6,31,-25
111900007,76,1,75
111900008,133,0,133
111900009,120,2,118
111900010,199,214,-15
111900012,54,54,0
111900013,1,3,-2
111900014,2781,3300,-519
111900015,0,46,-46
111900016,0,78,-78
111900017,1,83,-82
111900018,149,0,149
111900019,1,67,-66
111900020,3,38,-35
111900021,35,68,-33
111900022,14,48,-34
111900023,85,73,12
111900024,316,133,183
111900025,0,36,-36
111900026,0,27,-27
111900027,2,58,-56
111900028,5,194,-189
111900029,0,52,-52
111900030,26,195,-169
111900032,3,160,-157
111900033,2,37,-35
111900034,175,269,-94
111900035,24,189,-165
111900036,2,159,-157
111900038,208,341,-133
111900039,43,251,-208
111900040,1,306,-305
111900042,21,109,-88
111900043,0,220,-220
111900044,242,142,100
111900046,32,76,-44
111900048,239,404,-165
111900049,16,117,-101
111900050,105,28,77
111900051,1,105,-104
111900052,250,226,24
111900053,576,1165,-589
111900054,95,1,94
111900055,21,215,-194
111900056,117,215,-98
111900057,111,55,56
111900058,407,326,81
111900059,960,435,525
111900060,275,4,271
111900061,9,119,-110
111900062,20,35,-15
111900063,210,155,55
111900064,54,119,-65
111900065,98,23,75
111900066,104,142,-38
111900067,2,159,-157
111900068,41,34,7
111900069,68,18,50
111900070,136,71,65
111900071,1,103,-102
111900072,53,18,35
111900073,649,152,497
111900074,8,92,-84
111900075,73,4,69
111900076,159,78,81
111900077,15,2,13
111900078,215,15,200
111900079,44,30,14
111900080,181,217,-36
111900082,159,33,126
111900083,140,13,127
111900084,77,6,71
111900085,23,105,-82
111900086,46,2,44
111900087,33,1,32
111900088,561,8,553
111900089,24,0,24
111900090,42,26,16
111900091,221,1,220
111900092,90,0,90
111900093,383,5,378
111900094,22,0,22
111900095,171,14,157
111900096,197,5,192
111900097,41,0,41
111900098,212,0,212
111900099,14,0,14
111900100,105,1,104
111900101,56,21,35
111900102,373,288,85
111900103,52,64,-12
111900104,67,54,13
111900105,258,122,136
111900106,367,31,336
111900110,908,304,604
111900111,63,0,63
111900112,291,2025,-1734
111900113,207,70,137
111900118,236,83,153
111900119,239,139,100
111900122,106,92,14
111900123,20,31,-11
111900124,34,60,-26
111900125,481,28,453
111900126,217,3,214
111900127,2,447,-445
111900128,1,276,-275
111900129,290,13,277
111900130,93,28,65
111900131,419,0,419
111900132,18,525,-507
111900133,56,242,-186
111900134,6,151,-145
111900135,8,30,-22
111900136,60,150,-90
111900137,51,52,-1
111900138,10,56,-46
111900139,10,79,-69
111900140,77,20,57
111900141,56,6,50
111900142,77,21,56
111900143,19,50,-31
111900144,0,54,-54
111900145,0,210,-210
111900146,0,142,-142
111900147,83,216,-133
111900148,19,346,-327
111900149,4,157,-153
111900150,8,62,-54
111900151,6,14,-8
111900152,39,68,-29
111900153,811,531,280
111900154,21,260,-239
111900155,23,74,-51
111900156,39,65,-26
111900157,98,18,80
111900158,477,51,426
111900159,285,18,267
111900160,304,2,302
111900161,197,1,196
111900162,77,143,-66
111900163,30,181,-151
111900164,77,50,27
111901113,397,172,225
111901114,161,124,37
111901115,55,1,54
111901116,22,2,20
111901117,20,20,0
111901118,33,194,-161
111901119,367,32,335
111901121,81,59,22
111901122,1,217,-216
111901123,134,180,-46
111901124,162,4,158
111901125,367,175,192
111901127,252,250,2
111901128,2,37,-35
111901129,1,70,-69
111901130,0,92,-92
111901131,2,201,-199
111901132,110,26,84
111901133,32,2,30
111901134,65,3,62
111901135,20,5,15
111901138,158,28,130
111901139,8,12,-4
111901140,10,33,-23
111901141,12,54,-42
111901142,18,53,-35
111901143,0,57,-57
111901144,28,50,-22
111901145,143,251,-108
111901146,210,13,197
111901147,256,11,245
111901148,12,34,-22
111901149,3,1,2
111901150,11,0,11
111901151,0,0,0
111901152,7,12,-5
112000001,1590,555,1035
112000002,483,1285,-802
112000003,1365,764,601
112000004,564,540,24
112000005,2862,3194,-332
112000006,1458,964,494
112000007,2863,2032,831
112000008,2140,3360,-1220
112000009,2148,2042,106
112000010,2428,3041,-613
112000011,1157,1065,92
112000012,2674,4233,-1559
112000013,2001,2111,-110
112000014,1461,2484,-1023
112000015,1583,2845,-1262
112000016,2111,1597,514
112000017,851,2337,-1486
112000024,1590,560,1030
112000026,1769,2528,-759
112000027,661,613,48
112000028,839,1021,-182
112000029,410,585,-175
112000030,108,41,67
112000031,839,3842,-3003
112000032,180,22,158
112000033,1119,2231,-1112
112000034,97,35,62
112000035,54,291,-237
112000036,434,769,-335
112000037,571,617,-46
112000038,987,747,240
112000039,86,56,30
112000040,54,196,-142
112000041,361,309,52
112000042,806,282,524
112000050,1040,1030,10
112000051,873,1304,-431
112000054,1041,1113,-72
112000057,304,250,54
112000058,229,423,-194
112000059,370,577,-207
112000061,2176,1539,637
112000062,1183,817,366
112000063,822,1614,-792
112000064,2702,4222,-1520
112000065,1229,1858,-629
112000066,3121,1468,1653
112000067,596,557,39
112000068,2978,2534,444
112000069,569,1257,-688
112000070,1413,855,558
112000071,712,1814,-1102
112000072,2151,691,1460
112000073,1186,1691,-505
112000074,1215,907,308
112000075,1235,1072,163
112000076,2271,1750,521
112000077,717,397,320
112000078,1732,454,1278
112000079,1132,924,208
112000080,684,582,102
112000081,1135,1668,-533
112000082,1276,671,605
112000083,558,855,-297
112000084,1174,615,559
112000085,1160,770,390
112000086,1604,879,725
112000087,511,560,-49
112000088,651,354,297
112000089,168,192,-24
112000090,183,200,-17
112000091,655,612,43
112000092,1800,909,891
112000093,1399,598,801
112000094,587,713,-126
112000095,629,618,11
112000096,600,479,121
112000097,1104,566,538
112000098,542,666,-124
112000099,639,1398,-759
112000100,1690,635,1055
112000101,435,552,-117
112000102,1250,507,743
112000103,318,519,-201
112000105,659,1024,-365
112000106,2058,445,1613
112000107,98,192,-94
112000108,305,989,-684
112000109,199,103,96
112000110,1646,590,1056
112000111,658,2188,-1530
112000112,2598,517,2081
112000113,696,1130,-434
112000114,1948,750,1198
112000115,318,312,6
112000116,551,649,-98
112000117,1002,660,342
112000118,691,555,136
112000119,338,512,-174
112000120,72,201,-129
112000121,78,260,-182
112000122,256,111,145
112000123,742,112,630
112000124,440,83,357
112000125,301,180,121
112000126,217,295,-78
112000127,1699,2006,-307
112000128,576,423,153
112000129,119,95,24
112000130,173,84,89
112000131,54,161,-107
112000132,119,177,-58
112000133,320,124,196
112000134,339,287,52
112000135,1028,677,351
112000136,766,1053,-287
112000137,1282,1339,-57
112000138,1032,937,95
112000139,781,668,113
112000140,629,1019,-390
112000141,802,376,426
112000142,150,408,-258
112000143,1035,198,837
112000144,292,759,-467
112000145,2319,412,1907
112000146,458,1156,-698
112000147,2424,1359,1065
112000148,1159,1349,-190
112000149,434,387,47
112000150,309,382,-73
112000151,373,236,137
112000152,341,292,49
112000153,213,175,38
112000154,138,156,-18
112000155,109,112,-3
112000157,514,445,69
112000158,246,252,-6
112000159,471,240,231
112000167,330,78,252
112000169,201,339,-138
112000173,578,117,461
112000175,353,344,9
112000176,1681,1509,172
112000177,601,152,449
112000178,68,183,-115
112000179,217,70,147
112000180,217,306,-89
112000181,1101,1114,-13
112000182,1194,841,353
112000183,47,39,8
112000184,396,240,156
112000185,457,349,108
112000187,3304,1811,1493
112000195,96,4,92
112000196,145,2,143
112000197,124,113,11
112000198,29,176,-147
112000199,821,571,250
112000202,447,2,445
112000216,29,145,-116
112000230,53,5,48
112000231,5,107,-102
112000256,58,201,-143
112000313,46,87,-41
112000314,45,22,23
112000337,257,420,-163
112000352,219,388,-169
112000392,1120,1141,-21
112000398,1251,612,639
112000399,1142,1770,-628
112000400,1251,1703,-452
112000401,1776,1452,324
112000402,2492,3174,-682
112000403,1030,2448,-1418
112000404,854,757,97
112000405,1767,2321,-554
112000406,2182,1458,724
112000407,5925,6158,-233
112000408,5407,3829,1578
112000409,1200,2498,-1298
112000410,343,231,112
112000411,1985,994,991
112000412,936,398,538
112000413,4527,4722,-195
112000414,57,61,-4
112000415,98,16,82
112000416,2504,900,1604
112000417,281,66,215
112000421,36,47,-11
112000422,282,211,71
112000424,1357,2019,-662
112000425,147,229,-82
112000426,155,235,-80
112000427,0,8,-8
112000428,187,219,-32
112000429,1612,1608,4
112000430,1874,2001,-127
112000431,105,134,-29
112000432,676,1079,-403
112000433,225,617,-392
112000437,70,159,-89
112900001,56,3,53
112900002,452,689,-237
112900003,94,211,-117
112900004,31,122,-91
112900005,165,134,31
112900007,36,79,-43
112900008,1,30,-29
112900009,241,93,148
112900010,334,512,-178
112900011,122,134,-12
112900012,1,23,-22
112900013,0,95,-95
112900014,3,139,-136
112900015,268,515,-247
112900016,17,129,-112
112900017,29,113,-84
112900018,399,541,-142
112900019,25,105,-80
112900020,282,714,-432
112900021,2,147,-145
112900022,4,54,-50
112900023,1,84,-83
112900024,14,130,-116
112900025,52,160,-108
112900026,4,122,-118
112900027,8,635,-627
112900028,10,107,-97
112900029,17,265,-248
112900030,72,76,-4
112900031,4,291,-287
112900032,183,168,15
112900034,0,25,-25
112900035,7,223,-216
112900036,33,81,-48
112900037,82,213,-131
112900038,444,84,360
112900039,11,174,-163
112900040,7,178,-171
112900041,421,810,-389
112900042,21,192,-171
112900043,28,12,16
112900044,346,317,29
112900045,247,185,62
112900046,96,40,56
112900047,4,12,-8
112900049,166,26,140
112900050,19,250,-231
112900051,160,340,-180
112900052,7,432,-425
112900053,230,68,162
112900054,112,48,64
112900055,57,19,38
112900056,279,142,137
112900057,10,295,-285
112900058,255,315,-60
112900059,94,65,29
112900060,17,84,-67
112900061,60,48,12
112900062,45,52,-7
112900063,100,11,89
112900064,106,140,-34
112900065,17,18,-1
112900066,179,171,8
112900067,206,77,129
112900068,38,59,-21
112900069,1014,618,396
112900071,16,6,10
112900072,83,1343,-1260
112900073,355,115,240
112900074,71,279,-208
112900075,691,781,-90
112900076,43,32,11
112900078,261,300,-39
112900079,182,26,156
112900080,49,2,47
112900081,36,156,-120
112900082,407,34,373
112900083,69,78,-9
112900084,194,110,84
112900086,31,0,31
112900087,461,93,368
112900088,125,28,97
112900089,595,19,576
112900090,40,32,8
112900091,227,3,224
112900092,95,270,-175
112900093,1026,26,1000
112900095,19,0,19
112900096,449,113,336
112900097,85,201,-116
112900098,53,3,50
112900099,705,14,691
112900100,65,2,63
112900101,326,2,324
112900102,80,8,72
112900103,189,6,183
112900104,526,7,519
112900105,12,0,12
112900106,320,91,229
112900107,2,0,2
112900108,14,0,14
112900109,119,1,118
112900110,1272,24,1248
112900111,682,4,678
112900112,332,2,330
112900113,0,17,-17
112900114,161,19,142
112900115,1221,6,1215
112900116,151,5,146
112900117,101,50,51
112900118,17,97,-80
112900119,135,3,132
112900120,476,189,287
112900121,82,116,-34
112900122,3,51,-48
112900123,90,22,68
112900124,5,59,-54
112900125,35,287,-252
112900126,144,153,-9
112900127,284,76,208
112900128,158,450,-292
112900129,0,487,-487
112900130,170,48,122
112900131,31,223,-192
112900132,129,314,-185
112900133,21,651,-630
112900134,1,162,-161
112900135,73,38,35
112900137,32,371,-339
112900138,4,149,-145
112900139,112,610,-498
112900141,669,26,643
112900142,51,135,-84
112900143,33,280,-247
112900144,3,546,-543
112900145,29,283,-254
112900146,6,693,-687
112900147,3,850,-847
112900148,51,2,49
112900149,163,392,-229
112900151,13,50,-37
112900152,2598,552,2046
112900153,1140,1780,-640
112900154,1,69,-68
112900155,146,42,104
112900156,385,740,-355
112900157,298,49,249
112900158,56,63,-7
112900159,143,101,42
112900160,43,166,-123
112900161,92,49,43
112900162,21,8,13
112900163,42,29,13
112900164,18,149,-131
112900165,100,9,91
112900166,13,59,-46
112900167,2,37,-35
112900168,1,8,-7
112900169,7,21,-14
112900170,95,71,24
112900172,31,10,21
112900173,141,75,66
112900174,165,38,127
112900175,106,116,-10
112900176,7,56,-49
112900177,201,57,144
112900178,581,1967,-1386
112900179,38,276,-238
112900180,1307,994,313
112900181,488,1,487
112900182,59,529,-470
112900183,95,206,-111
112900184,352,301,51
112900185,162,420,-258
112900186,889,807,82
112900187,61,442,-381
112900188,419,487,-68
112900189,17,8,9
112900190,17,38,-21
112900192,580,467,113
112900193,929,255,674
112900194,59,43,16
112900195,763,27,736
112900196,238,238,0
112900197,100,240,-140
112900199,428,238,190
112900200,403,138,265
112900201,129,78,51
112900202,369,522,-153
112900203,225,133,92
112900204,620,467,153
112900205,25,21,4
112900206,22,53,-31
112900207,20,0,20
112900208,81,328,-247
112900209,359,215,144
112900210,0,23,-23
112900211,55,4,51
112900212,1,49,-48
112900213,47,12,35
112900214,22,11,11
112900215,12,127,-115
112900216,22,34,-12
112900217,0,56,-56
112900218,178,1,177
112900219,61,5,56
112900220,3,0,3
112900221,9,82,-73
112900222,0,24,-24
112900223,790,13,777
112900224,319,269,50
112900225,367,184,183
112900226,132,258,-126
112900227,281,302,-21
112900228,65,15,50
112900229,233,32,201
112900230,4414,2767,1647
112900232,175,223,-48
112900233,80,123,-43
112900234,17,45,-28
112900235,77,19,58
112900236,223,5,218
112900237,234,283,-49
112900238,0,14,-14
112900239,455,347,108
112900240,1,27,-26
112900241,21,58,-37
112900242,11,74,-63
112900243,11,94,-83
112900244,4,35,-31
112900245,4,28,-24
112900246,1,15,-14
112900247,72,35,37
112900248,5,0,5
112900249,20,0,20
112900250,77,7,70
112900251,72,5,67
112900252,41,12,29
112900253,30,6,24
112900254,19,3,16
112900255,1,23,-22
112900256,3,41,-38
112900257,7,31,-24
112900258,28,18,10
113000001,4751,3353,1398
113000002,3059,2601,458
113000003,1452,1182,270
113000004,1374,1631,-257
113000005,1455,747,708
113000006,853,973,-120
113000007,1495,858,637
113000008,1178,1220,-42
113000009,947,544,403
113000010,925,877,48
113000011,667,1023,-356
113000012,1467,530,937
113000013,983,612,371
113000014,1139,1108,31
113000015,279,107,172
113000016,255,612,-357
113000017,27,366,-339
113000018,365,35,330
113000019,145,310,-165
113000020,395,84,311
113000021,902,469,433
113000022,623,895,-272
113000025,83,272,-189
113000026,448,410,38
113000027,405,563,-158
113000028,455,463,-8
113000029,620,655,-35
113000030,288,459,-171
113000031,265,294,-29
113000032,235,277,-42
113000033,251,362,-111
113000034,221,278,-57
113000035,36,13,23
113000036,24,66,-42
113000037,53,24,29
113000038,10,52,-42
113000039,65,272,-207
113000040,76,78,-2
113000042,566,425,141
113000051,716,1663,-947
113000052,1474,532,942
113000053,365,237,128
113000054,294,526,-232
113000055,1123,430,693
113000056,957,620,337
113000058,611,672,-61
113000059,947,409,538
113000060,229,392,-163
113000061,430,649,-219
113000062,462,238,224
113000063,184,55,129
113000064,69,153,-84
113000065,145,507,-362
113000066,635,100,535
113000067,1886,838,1048
113000068,470,724,-254
113000069,514,691,-177
113000070,2140,734,1406
113000071,324,345,-21
113000072,776,346,430
113000073,298,918,-620
113000074,843,275,568
113000075,1541,556,985
113000076,513,1685,-1172
113000077,785,565,220
113000078,473,1699,-1226
113000079,462,701,-239
113000080,555,586,-31
113000081,566,647,-81
113000082,729,608,121
113000083,439,787,-348
113000084,1220,909,311
113000085,761,721,40
113000086,929,997,-68
113000087,723,742,-19
113000088,1559,1005,554
113000089,798,1286,-488
113000090,175,414,-239
113000091,350,284,66
113000094,881,179,702
113000095,215,658,-443
113000096,165,570,-405
113000097,997,330,667
113000098,134,34,100
113000099,758,301,457
113000100,116,308,-192
113000101,282,449,-167
113000102,522,397,125
113000103,1588,244,1344
113000104,494,1637,-1143
113000105,673,366,307
113000106,315,270,45
113000107,883,746,137
113000108,654,736,-82
113000109,481,1086,-605
113000110,1259,351,908
113000111,191,387,-196
113000112,343,310,33
113000113,895,351,544
113000114,241,884,-643
113000116,449,290,159
113000117,639,87,552
113000118,139,341,-202
113000119,266,221,45
113000120,57,230,-173
113000121,360,524,-164
113000124,236,107,129
113000125,49,737,-688
113000127,1723,243,1480
113000128,538,343,195
113000129,367,606,-239
113000133,1787,1233,554
113000134,2,737,-735
113000135,3498,4238,-740
113000137,1265,2882,-1617
113000139,268,185,83
113000140,91,202,-111
113000141,147,191,-44
113000142,331,723,-392
113000143,279,219,60
113000144,289,493,-204
113000145,70,111,-41
113000146,123,67,56
113000147,126,91,35
113000148,208,91,117
113000149,103,122,-19
113000150,402,188,214
113000151,55,34,21
113000152,26,83,-57
113000153,998,365,633
113000154,593,1177,-584
113000155,309,470,-161
113000156,134,300,-166
113000157,281,643,-362
113000158,516,222,294
113000159,875,776,99
113000160,599,742,-143
113000161,239,305,-66
113000162,721,317,404
113000163,96,77,19
113000164,33,60,-27
113000166,157,101,56
113000167,34,62,-28
113000168,68,72,-4
113000169,195,52,143
113000170,126,79,47
113000171,33,74,-41
113000172,301,70,231
113000173,99,32,67
113000174,124,353,-229
113000175,405,90,315
113000176,468,171,297
113000177,217,362,-145
113000178,145,202,-57
113000179,269,182,87
113000180,402,913,-511
113000181,999,648,351
113000182,107,256,-149
113000183,127,457,-330
113000184,25,72,-47
113000189,449,608,-159
113000190,496,358,138
113000192,865,2323,-1458
113000193,2220,1745,475
113000194,894,1080,-186
113000195,1293,1064,229
113000196,183,69,114
113000197,904,1048,-144
113000198,54,240,-186
113000199,910,271,639
113000201,192,332,-140
113000202,2827,646,2181
113000203,124,129,-5
113000204,728,2000,-1272
113000205,8,12,-4
113000206,7,14,-7
113000207,80,25,55
113000208,29,31,-2
113000209,14,23,-9
113000210,1,9,-8
113000211,198,298,-100
113000212,90,36,54
113000213,28,117,-89
113000214,141,257,-116
113000234,190,641,-451
113000410,96,194,-98
113000411,1768,2820,-1052
113000412,4450,2164,2286
113000413,1652,2335,-683
113000414,4342,10414,-6072
113000415,1650,2027,-377
113000416,5078,2880,2198
113000417,1749,1979,-230
113000418,3630,2726,904
113000419,1291,1607,-316
113000420,3082,4923,-1841
113000421,3069,5374,-2305
113000422,9111,10295,-1184
113000423,1454,4581,-3127
113000424,2164,8257,-6093
113000425,2,45,-43
113000428,17,22,-5
113000430,4,76,-72
113000432,2151,181,1970
113000433,55,533,-478
113000434,29,104,-75
113000435,29,293,-264
113000436,27,728,-701
113000437,1116,27,1089
113000438,232,16,216
113000439,28,81,-53
113000440,101,20,81
113000441,221,146,75
113000442,88,109,-21
113000443,235,145,90
113000444,150,138,12
113000445,136,92,44
113000446,52,87,-35
113000448,199,123,76
113000449,168,544,-376
113000450,404,1435,-1031
113000451,941,166,775
113000452,168,322,-154
113000453,60,295,-235
113000454,266,96,170
113000455,49,297,-248
113000456,2355,2069,286
113000468,1179,99,1080
113000469,48,54,-6
113000470,302,18,284
113000471,11,303,-292
113000472,74,200,-126
113000474,660,424,236
113000475,1269,1077,192
113000476,1230,1534,-304
113000477,2903,1507,1396
113000478,2654,3446,-792
113000479,60,103,-43
113000483,0,1,-1
113000484,0,0,0
113000485,0,0,0
113000486,2,0,2
113000487,1,0,1
113000488,0,0,0
113000489,0,1,-1
113000490,0,2,-2
113000491,2,0,2
113000492,2,0,2
113000493,0,0,0
113000495,148,113,35
113000496,107,90,17
113900001,2,137,-135
113900002,0,34,-34
113900003,0,32,-32
113900004,1,40,-39
113900005,0,62,-62
113900006,0,32,-32
113900007,20,1,19
113900008,17,0,17
113900009,33,1,32
113900010,41,5,36
113900011,42,0,42
113900012,21,2,19
113900013,121,4,117
113900014,443,1,442
113900015,1,28,-27
113900016,19,0,19
113900017,5,29,-24
113900018,222,143,79
113900019,129,30,99
113900020,113,0,113
113900022,18,0,18
113900023,46,1,45
113900024,54,23,31
113900025,168,6,162
113900026,46,0,46
113900027,5,41,-36
113900028,53,268,-215
113900029,77,143,-66
113900030,181,0,181
113900031,30,1,29
113900032,36,0,36
113900033,75,31,44
113900035,24,0,24
113900036,18,45,-27
113900037,188,273,-85
113900038,41,80,-39
113900039,120,9,111
113900040,8,7,1
113900041,2,0,2
113900042,63,34,29
113900043,106,54,52
113900044,207,259,-52
113900045,46,0,46
113900046,221,396,-175
113900047,51,89,-38
113900048,122,66,56
113900049,391,234,157
113900050,172,207,-35
113900051,149,189,-40
113900052,73,97,-24
113900053,507,359,148
113900054,14,2,12
113900055,55,281,-226
113900056,48,125,-77
113900057,13,50,-37
113900058,52,94,-42
113900059,160,161,-1
113900060,81,107,-26
113900061,447,145,302
113900062,81,4,77
113900063,56,97,-41
113900064,19,85,-66
113900065,341,16,325
113900066,313,138,175
113900067,113,197,-84
113900068,424,355,69
113900069,24,18,6
113900070,110,306,-196
113900071,95,61,34
113900072,41,88,-47
113900073,243,237,6
113900074,80,316,-236
113900075,995,885,110
113900076,93,3,90
113900077,37,138,-101
113900078,30,60,-30
113900079,0,23,-23
113900080,377,136,241
113900081,25,126,-101
113900082,83,139,-56
113900083,275,208,67
113900084,173,93,80
113900085,38,217,-179
113900086,42,19,23
113900087,62,81,-19
113900088,50,82,-32
113900089,314,41,273
113900090,482,241,241
113900091,6,5,1
113900092,20,68,-48
113900093,64,562,-498
113900094,408,236,172
113900095,157,78,79
113900096,194,49,145
113900097,17,49,-32
113900098,500,53,447
113900099,0,15,-15
113900100,0,4,-4
113900101,22,48,-26
113900102,99,131,-32
113900103,196,207,-11
113900104,94,166,-72
113900105,96,133,-37
113900106,0,26,-26
113900107,0,16,-16
113900108,145,151,-6
113900109,260,129,131
113900110,36,10,26
113900111,137,81,56
113900112,111,35,76
113900113,665,389,276
113900114,4,31,-27
113900115,1,48,-47
113900116,73,86,-13
113900117,73,19,54
113900118,181,241,-60
113900119,132,375,-243
113900120,52,23,29
113900121,49,48,1
113900122,201,1721,-1520
113900123,367,171,196
113900124,0,31,-31
113900125,534,104,430
113900126,106,29,77
113900127,170,560,-390
113900128,124,33,91
113900129,21,148,-127
113900130,0,38,-38
113900131,207,43,164
113900132,49,62,-13
113900133,11,59,-48
113900135,248,222,26
113900136,81,65,16
113900137,276,210,66
113900138,20,105,-85
113900139,208,144,64
113900140,121,231,-110
113900141,458,174,284
113900142,94,55,39
113900143,11,28,-17
113900144,130,189,-59
113900145,310,120,190
113900146,107,35,72
113900148,114,264,-150
113900149,107,65,42
113900150,334,334,0
113900151,336,105,231
113900152,14,19,-5
113900153,194,382,-188
113900154,4,82,-78
113900155,136,108,28
113900156,173,244,-71
113900157,28,193,-165
113900158,174,279,-105
113900159,11,162,-151
113900160,397,326,71
113900161,45,188,-143
113900162,276,443,-167
113900163,163,170,-7
113900164,212,39,173
113900165,465,263,202
113900166,112,136,-24
113900167,237,52,185
113900168,69,69,0
113900169,174,220,-46
113900171,159,53,106
113900172,9,113,-104
113900173,42,423,-381
113900174,339,337,2
113900175,183,112,71
113900176,252,348,-96
113900177,253,109,144
113900178,179,88,91
113900179,15,276,-261
113900180,122,72,50
113900181,574,98,476
113900182,397,569,-172
113900183,36,71,-35
113900184,6,314,-308
113900185,132,71,61
113900186,17,16,1
113900187,44,98,-54
113900188,45,92,-47
113900189,199,98,101
113900190,168,78,90
113900191,49,122,-73
113900192,970,1204,-234
113900193,9,129,-120
113900194,844,714,130
113900195,186,249,-63
113900196,1,66,-65
113900197,0,127,-127
113900198,15,161,-146
113900199,84,421,-337
113900200,7,139,-132
113900201,2,90,-88
113900202,25,147,-122
113900203,15,56,-41
113900204,33,290,-257
113900205,4,101,-97
113900206,10,73,-63
113900207,2,23,-21
113900208,0,25,-25
113900209,0,29,-29
113900210,411,459,-48
113900211,136,44,92
113900212,213,280,-67
113900214,327,328,-1
113900215,87,62,25
113900216,88,450,-362
113900217,52,116,-64
113900218,92,66,26
113900219,63,367,-304
113900220,92,91,1
113900221,302,156,146
113900222,962,599,363
113900223,141,450,-309
113900224,50,74,-24
113900225,376,115,261
113900226,257,78,179
113900227,276,181,95
113900228,172,311,-139
113900229,39,519,-480
113900230,2227,2567,-340
113900231,91,114,-23
113900232,75,53,22
113900233,51,49,2
113900234,245,267,-22
113900235,67,24,43
113900236,160,169,-9
113900237,128,7,121
113900238,168,383,-215
113900239,36,76,-40
113900240,4,104,-100
113900241,64,54,10
113900242,50,84,-34
113900243,58,249,-191
113900244,255,159,96
113900245,848,185,663
113900246,8,19,-11
113900247,78,353,-275
113900248,1528,1126,402
113900249,467,362,105
113900250,56,122,-66
113900251,605,165,440
113900252,472,11,461
113900253,579,45,534
113900254,732,87,645
113900255,401,8,393
113900256,360,15,345
113900257,29,335,-306
113900258,32,281,-249
113900259,473,93,380
113900260,166,14,152
113900261,16,64,-48
113900262,106,274,-168
113900263,98,444,-346
113900264,3,267,-264
113900265,113,211,-98
113900266,40,97,-57
113900267,80,352,-272
113900268,172,262,-90
113900269,63,89,-26
113900270,218,450,-232
113900271,417,685,-268
113900273,21,12,9
113900274,54,29,25
113900275,23,44,-21
113900276,1,86,-85
113900277,108,5,103
113900278,173,111,62
113900279,53,39,14
113900280,1012,449,563
113900281,372,931,-559
113900282,361,335,26
113900283,297,393,-96
113900284,751,173,578
113900285,88,41,47
113900286,13,60,-47
113900287,55,30,25
113900288,1,92,-91
113900289,481,76,405
113900290,210,155,55
113900291,74,100,-26
113900292,10,7,3
113900293,10,127,-117
113900294,420,15,405
113900295,372,364,8
113900296,630,201,429
113900297,1822,16,1806
113900298,11,1183,-1172
113900299,116,90,26
113900300,1863,1434,429
113900301,586,348,238
113900302,1387,721,666
113900303,311,304,7
113900304,0,57,-57
113900305,106,2,104
113900306,32,0,32
113900307,9,0,9
113900308,55,50,5
113900309,1,498,-497
113900310,0,4,-4
113900311,2,0,2
113900312,126,177,-51
113900313,9,0,9
113900314,0,5,-5
113900315,37,0,37
114000001,701,1624,-923
114000002,314,262,52
114000003,227,618,-391
114000004,293,323,-30
114000005,195,173,22
114000006,2116,1704,412
114000007,648,863,-215
114000008,1219,1497,-278
114000009,755,207,548
114000011,2339,1725,614
114000012,2241,1146,1095
114000013,1599,1009,590
114000014,625,406,219
114000015,1709,280,1429
114000016,187,193,-6
114000017,69,271,-202
114000018,117,32,85
114000026,1651,988,663
114000027,2695,1797,898
114000028,2050,2237,-187
114000038,291,108,183
114000039,173,175,-2
114000040,126,176,-50
114000042,248,144,104
114000043,389,177,212
114000044,303,119,184
114000045,58,58,0
114000046,2250,4134,-1884
114000047,10,52,-42
114000048,111,110,1
114000049,1281,1534,-253
114000050,1309,1996,-687
114000051,2563,1893,670
114000052,2641,2058,583
114000053,82,818,-736
114000054,194,620,-426
114000055,152,40,112
114000056,644,733,-89
114000057,3251,1634,1617
114000058,348,1334,-986
114000059,179,273,-94
114000060,537,656,-119
114000061,2369,2527,-158
114000062,1495,1327,168
114000063,1846,1355,491
114000064,3759,3049,710
114000065,1082,1681,-599
114000066,406,442,-36
114000067,14,632,-618
114000068,504,619,-115
114000069,747,587,160
114000070,1796,1514,282
114000071,590,374,216
114000072,443,167,276
114000073,25,45,-20
114000074,49,14,35
114000075,53,43,10
114000076,24,44,-20
114000077,4,17,-13
114000078,338,373,-35
114000079,118,26,92
114000080,60,88,-28
114000081,87,67,20
114000082,42,280,-238
114000083,56,159,-103
114000084,294,72,222
114000085,72,431,-359
114000086,208,232,-24
114000087,63,82,-19
114000088,59,30,29
114000089,484,271,213
114000090,636,690,-54
114000091,1112,849,263
114000092,745,507,238
114000093,1126,694,432
114000094,289,267,22
114000095,203,120,83
114000096,62,231,-169
114000097,99,309,-210
114000098,516,79,437
114000099,626,372,254
114000100,1339,389,950
114000101,393,470,-77
114000102,575,263,312
114000103,117,277,-160
114000104,8,142,-134
114000105,114,54,60
114000106,592,857,-265
114000107,297,83,214
114000108,1429,918,511
114000109,523,1443,-920
114000110,397,994,-597
114000111,1484,587,897
114000112,388,1535,-1147
114000113,1559,416,1143
114000114,1013,993,20
114000115,2366,984,1382
114000116,666,1545,-879
114000117,2780,372,2408
114000118,2405,362,2043
114000119,1516,341,1175
114000120,312,308,4
114000121,387,589,-202
114000122,324,327,-3
114000123,1779,301,1478
114000124,850,188,662
114000125,458,578,-120
114000126,1511,193,1318
114000127,156,128,28
114000128,705,189,516
114000130,379,426,-47
114000131,286,56,230
114000132,473,404,69
114000133,633,1026,-393
114000134,53,105,-52
114000138,38,132,-94
114000139,361,267,94
114000144,691,500,191
114000145,66,96,-30
114000146,82,166,-84
114000147,1234,1900,-666
114000148,1410,1446,-36
114000149,339,286,53
114000150,1127,1311,-184
114000151,1299,1919,-620
114000152,147,32,115
114000153,927,2651,-1724
114000154,700,872,-172
114000155,1042,1947,-905
114000156,547,607,-60
114000157,231,881,-650
114000158,1223,595,628
114000159,185,405,-220
114000160,102,336,-234
114000161,1052,2719,-1667
114000162,1034,2231,-1197
114000163,21,78,-57
114000165,478,308,170
114000166,577,327,250
114000167,2247,1312,935
114000168,482,417,65
114000169,1179,1051,128
114000170,1011,1032,-21
114000171,1133,3382,-2249
114000174,168,299,-131
114000176,304,362,-58
114000177,1268,625,643
114000178,32,31,1
114000179,892,545,347
114000180,343,459,-116
114000181,1152,3112,-1960
114000182,1536,1644,-108
114000183,690,627,63
114000184,2230,653,1577
114000185,966,606,360
114000189,941,107,834
114000190,2496,351,2145
114000191,67,87,-20
114000192,134,814,-680
114000193,453,1583,-1130
114000194,1160,596,564
114000195,171,22,149
114000196,2,151,-149
114000197,1184,21,1163
114000198,559,236,323
114000199,1414,1348,66
114000200,402,1086,-684
114000201,115,507,-392
114000202,809,425,384
114000203,725,734,-9
114000204,129,325,-196
114000205,160,971,-811
114000206,494,885,-391
114000207,485,989,-504
114000208,321,1397,-1076
114000209,431,1490,-1059
114000210,165,642,-477
114000211,880,1028,-148
114000212,540,642,-102
114000213,1117,406,711
114000214,73,162,-89
114000215,208,72,136
114000216,1270,255,1015
114000217,317,155,162
114000218,147,180,-33
114000219,1182,164,1018
114000220,18,802,-784
114000221,688,83,605
114000222,114,638,-524
114000223,437,136,301
114000224,84,356,-272
114000225,225,357,-132
114000226,184,181,3
114000227,751,443,308
114000228,656,477,179
114000229,879,559,320
114000230,1425,855,570
114000231,844,907,-63
114000232,626,137,489
114000233,1693,87,1606
114000234,878,546,332
114000235,1133,1180,-47
114000236,1,254,-253
114000237,108,499,-391
114000238,81,173,-92
114000239,147,724,-577
114000240,590,689,-99
114000241,180,594,-414
114000242,639,580,59
114000243,1219,611,608
114000244,468,254,214
114000245,331,576,-245
114000246,89,26,63
114000247,409,365,44
114000248,900,402,498
114000249,422,335,87
114000250,522,441,81
114000251,364,173,191
114000252,80,43,37
114000253,30,94,-64
114000254,41,35,6
114000255,502,197,305
114000256,1074,1881,-807
114000257,462,928,-466
114000258,228,265,-37
114000259,66,207,-141
114000260,1,34,-33
114000261,45,33,12
114000262,118,70,48
114000263,6,0,6
114000264,964,256,708
114000265,0,0,0
114000267,6,1255,-1249
114000268,6,843,-837
114000270,84,1,83
114000271,283,32,251
114000283,981,312,669
114000285,19,138,-119
114000288,77,338,-261
114000289,1242,146,1096
114000293,173,323,-150
114000294,144,185,-41
114000395,981,54,927
114000396,608,458,150
114000402,480,227,253
114000403,219,202,17
114000405,170,303,-133
114000423,312,231,81
114000424,299,137,162
114000425,778,209,569
114000426,252,642,-390
114000427,76,42,34
114000428,186,186,0
114000429,10,133,-123
114000432,91,77,14
114000434,48,82,-34
114000435,0,75,-75
114900001,579,519,60
114900002,332,72,260
114900003,678,739,-61
114900004,174,323,-149
114900005,614,424,190
114900006,89,31,58
114900007,206,21,185
114900008,131,98,33
114900010,1460,1892,-432
114900011,153,85,68
114900013,253,112,141
114900018,649,21,628
114900020,207,73,134
114900022,16,446,-430
114900025,415,144,271
114900026,89,110,-21
114900029,122,26,96
114900030,318,199,119
114900031,377,27,350
114900032,289,16,273
114900034,52,123,-71
114900035,113,231,-118
114900036,175,389,-214
114900039,407,313,94
114900040,83,80,3
114900041,710,288,422
114900042,798,384,414
114900044,128,25,103
114900047,182,1797,-1615
114900048,83,240,-157
114900049,29,132,-103
114900050,39,259,-220
114900051,18,231,-213
114900052,36,135,-99
114900053,56,179,-123
114900054,26,61,-35
114900057,211,13,198
114900058,0,41,-41
114900059,65,52,13
114900063,57,166,-109
114900064,1405,285,1120
114900065,374,520,-146
114900067,50,333,-283
114900068,53,158,-105
114900069,114,104,10
114900070,527,262,265
114900072,4,209,-205
114900073,1,113,-112
114900074,578,349,229
114900075,227,3,224
114900076,2,200,-198
114900080,1329,239,1090
114900082,2559,2085,474
114900083,732,752,-20
114900090,347,180,167
114900091,64,128,-64
114900097,136,4,132
114900098,6,120,-114
114900099,208,4,204
115000001,4125,2363,1762
115000002,3387,3337,50
115000003,4100,1979,2121
115000004,3632,5007,-1375
115000005,1280,1492,-212
115000006,835,1349,-514
115000007,209,192,17
115000008,414,431,-17
115000009,163,217,-54
115000010,344,188,156
115000013,42,171,-129
115000015,54,341,-287
115000016,40,167,-127
115000019,44,328,-284
115000020,99,492,-393
115000021,250,373,-123
115000022,395,277,118
115000023,345,443,-98
115000024,663,326,337
115000025,657,548,109
115000026,135,292,-157
115000027,289,252,37
115000028,148,569,-421
115000029,549,73,476
115000030,482,836,-354
115000031,1167,158,1009
115000032,9,172,-163
115000033,176,30,146
115000034,42,524,-482
115000035,813,66,747
115000036,0,308,-308
115000037,519,16,503
115000038,55,151,-96
115000039,2690,2659,31
115000040,3470,1949,1521
115000041,1040,2805,-1765
115000042,508,489,19
115000043,3193,1947,1246
115000044,2954,2661,293
115000045,2046,1114,932
115000046,2079,2095,-16
115000047,2131,1209,922
115000048,1511,1512,-1
115000049,1127,2158,-1031
115000050,2553,1298,1255
115000051,1329,2525,-1196
115000052,1484,1345,139
115000053,1517,1488,29
115000054,495,717,-222
115000055,148,640,-492
115000056,214,387,-173
115000057,523,1378,-855
115000058,389,326,63
115000059,187,148,39
115000061,86,153,-67
115000062,196,228,-32
115000063,266,213,53
115000064,208,79,129
115000065,81,345,-264
115000067,172,10,162
115000069,73,199,-126
115000070,43,598,-555
115000071,92,9,83
115000072,3,67,-64
115000073,956,42,914
115000075,78,60,18
115000076,2250,1671,579
115000077,1629,1336,293
115000078,1216,859,357
115000079,1096,1106,-10
115000080,1935,1453,482
115000081,397,534,-137
115000082,3269,2777,492
115000083,1716,1146,570
115000084,2073,925,1148
115000085,609,587,22
115000086,1067,553,514
115000087,310,947,-637
115000088,1585,567,1018
115000089,1210,942,268
115000090,397,684,-287
115000091,195,590,-395
115000092,588,317,271
115000093,403,4,399
115000094,4246,4219,27
115000095,3038,4299,-1261
115000096,703,813,-110
115000097,886,681,205
115000098,891,461,430
115000099,2089,1569,520
115000100,964,237,727
115000101,357,969,-612
115000102,408,194,214
115000103,276,454,-178
115000105,115,75,40
115000106,592,230,362
115000107,178,279,-101
115000108,2087,1654,433
115000109,2885,3481,-596
115000110,1100,1308,-208
115000111,459,1061,-602
115000112,474,544,-70
115000113,434,523,-89
115000114,1253,517,736
115000116,2944,1758,1186
115000117,2518,2525,-7
115000118,2040,1435,605
115000119,1493,1874,-381
115000120,506,1223,-717
115000121,872,680,192
115000122,1809,1175,634
115000123,854,1775,-921
115000124,640,764,-124
115000125,279,548,-269
115000126,82,265,-183
115000127,295,79,216
115000128,329,596,-267
115000129,227,317,-90
115000130,352,504,-152
115000131,859,225,634
115000132,244,258,-14
115000133,544,193,351
115000134,206,200,6
115000135,192,124,68
115000136,182,246,-64
115000137,123,112,11
115000138,357,232,125
115000139,230,136,94
115000140,318,175,143
115000141,156,149,7
115000142,200,172,28
115000143,729,428,301
115000144,469,56,413
115000145,245,170,75
115000146,375,277,98
115000147,295,322,-27
115000148,202,524,-322
115000149,493,138,355
115000150,569,519,50
115000151,1010,390,620
115000152,558,685,-127
115000153,1125,424,701
115000154,855,236,619
115000155,544,634,-90
115000156,820,503,317
115000157,510,550,-40
115000158,409,319,90
115000159,502,428,74
115000160,301,270,31
115000161,99,320,-221
115000162,489,609,-120
115000163,363,546,-183
115000164,555,420,135
115000165,257,383,-126
115000167,175,109,66
115000168,442,231,211
115000169,382,234,148
115000170,144,121,23
115000171,258,218,40
115000172,736,529,207
115000173,238,429,-191
115000174,92,313,-221
115000175,172,95,77
115000176,45,106,-61
115000177,31,93,-62
115000178,8,171,-163
115000179,29,45,-16
115000180,79,310,-231
115000181,569,128,441
115000182,720,176,544
115000183,283,470,-187
115000186,598,145,453
115000187,147,484,-337
115000188,406,360,46
115000189,135,340,-205
115000190,516,262,254
115000191,91,337,-246
115000194,91,135,-44
115000195,206,253,-47
115000196,147,96,51
115000197,204,134,70
115000198,329,120,209
115000199,344,121,223
115000200,352,93,259
115000201,166,254,-88
115000206,251,34,217
115000207,81,254,-173
115000208,164,295,-131
115000209,407,213,194
115000210,114,113,1
115000211,103,125,-22
115000212,972,257,715
115000224,416,40,376
115000225,28,65,-37
115000229,148,163,-15
115000230,81,208,-127
115000231,282,1043,-761
115000232,1624,216,1408
115000233,88,121,-33
115000234,18,222,-204
115000241,66,165,-99
115000242,103,194,-91
115000243,59,139,-80
115000244,14,93,-79
115000246,57,13,44
115000247,23,12,11
115000248,59,14,45
115000249,39,13,26
115000250,225,27,198
115000251,234,66,168
115000252,84,155,-71
115000253,17,345,-328
115000258,270,108,162
115000259,253,76,177
115000261,15,13,2
115000262,9,13,-4
115000263,11,35,-24
115000264,21,37,-16
115000267,57,46,11
115000268,30,98,-68
115000269,137,44,93
115000270,4,19,-15
115000272,92,180,-88
115000273,294,24,270
115000280,2029,284,1745
115000281,426,522,-96
115000282,351,379,-28
115000284,185,143,42
115000296,734,6,728
115000297,77,226,-149
115000298,146,804,-658
115000300,193,162,31
115000302,471,115,356
115000303,667,95,572
115000304,625,50,575
115000305,90,362,-272
115000306,136,221,-85
115000307,90,162,-72
115000308,19,13,6
115000310,870,473,397
115000311,891,790,101
115000313,107,309,-202
115000314,413,125,288
115000315,716,587,129
115000316,85,82,3
115000317,163,409,-246
115000318,555,242,313
115000319,44,262,-218
115000320,5,208,-203
115000321,163,4,159
115000322,34,150,-116
115000449,118,173,-55
115000557,40,1020,-980
115000558,377,126,251
115000587,652,250,402
115000588,1548,1940,-392
115000589,2945,1752,1193
115000590,866,1152,-286
115000591,1135,655,480
115000592,394,1318,-924
115000593,1095,532,563
115000594,591,2109,-1518
115000609,176,150,26
115000617,1066,2656,-1590
115000624,204,56,148
115000633,284,1310,-1026
115000634,2274,687,1587
115000635,504,145,359
115000638,406,369,37
115000641,58,95,-37
115000642,232,212,20
115000643,92,353,-261
115000644,115,364,-249
115000646,727,1314,-587
115000647,221,522,-301
115000648,1679,1183,496
115000893,2204,1280,924
115000894,147,755,-608
115000895,323,869,-546
115000896,1064,415,649
115000897,385,164,221
115000898,439,174,265
115000899,300,907,-607
115000900,59,329,-270
115000901,26,122,-96
115000912,407,91,316
115000913,0,10,-10
115000915,22,0,22
115000916,5,1,4
115000917,0,2,-2
115000918,68,287,-219
115000919,2,9,-7
115000920,15,55,-40
115000921,347,69,278
115000922,780,750,30
115000923,282,1158,-876
115000925,117,71,46
115000927,43,63,-20
115000933,244,261,-17
115000934,84,143,-59
115000935,113,53,60
115000936,40,606,-566
115000937,679,152,527
115000938,159,240,-81
115000939,193,199,-6
115000940,40,16,24
115000941,6,20,-14
115000942,28,119,-91
115000943,31,33,-2
115000944,0,25,-25
115900001,108,33,75
115900002,61,73,-12
115900003,172,55,117
115900004,1,33,-32
115900005,189,9,180
115900006,112,168,-56
115900008,51,3,48
115900009,72,125,-53
115900010,273,72,201
115900011,348,146,202
115900012,169,43,126
115900013,238,79,159
115900014,111,87,24
115900015,108,48,60
115900016,77,16,61
115900017,18,2,16
115900018,111,39,72
115900019,90,7,83
115900020,57,1,56
115900021,654,150,504
115900022,778,5,773
115900023,22,3,19
115900025,23,116,-93
115900026,624,109,515
115900027,0,174,-174
115900028,331,44,287
115900029,14,168,-154
115900030,13,30,-17
115900031,179,205,-26
115900032,371,456,-85
115900033,0,31,-31
115900034,27,193,-166
115900035,19,12,7
115900036,34,712,-678
115900037,23,211,-188
115900038,29,9,20
115900039,137,135,2
115900041,283,487,-204
115900042,30,4,26
115900043,53,32,21
115900044,174,206,-32
115900046,200,134,66
115900047,113,121,-8
115900049,125,155,-30
115900051,4,26,-22
115900052,9,135,-126
115900053,192,113,79
115900054,278,34,244
115900055,26,87,-61
115900056,125,126,-1
115900057,46,9,37
115900058,28,44,-16
115900060,45,79,-34
115900061,202,0,202
115900062,11,157,-146
115900063,51,5,46
115900064,132,140,-8
115900065,124,66,58
115900066,83,74,9
115900067,23,309,-286
115900068,1778,725,1053
115900069,28,95,-67
115900070,183,64,119
115900071,12,237,-225
115900072,34,74,-40
115900073,61,59,2
115900074,3,187,-184
115900075,41,146,-105
115900076,2,25,-23
115900077,8,148,-140
115900078,26,116,-90
115900079,205,6,199
115900080,311,102,209
115900081,19,53,-34
115900082,121,94,27
115900084,354,20,334
115900085,52,49,3
115900086,971,365,606
115900088,4,57,-53
115900089,295,465,-170
115900090,409,6,403
115900091,4,12,-8
115900092,23,100,-77
115900093,9,12,-3
115900094,3,247,-244
115900096,5,7,-2
115900097,6,236,-230
115900098,131,174,-43
115900099,53,36,17
115900100,19,276,-257
115900101,113,160,-47
115900102,75,98,-23
115900103,229,85,144
115900104,63,75,-12
115900105,206,314,-108
115900106,75,14,61
115900107,50,54,-4
115900108,116,29,87
115900109,32,238,-206
115900110,4,15,-11
115900111,3,65,-62
115900112,31,477,-446
115900113,48,17,31
115900114,3,79,-76
115900115,53,113,-60
115900116,68,467,-399
115900117,47,12,35
115900118,3,141,-138
115900119,102,84,18
115900120,31,166,-135
115900121,162,130,32
115900124,190,551,-361
115900125,281,32,249
115900126,572,54,518
115900127,551,51,500
115900128,4,115,-111
115900129,535,44,491
115900130,23,212,-189
115900131,259,35,224
115900132,516,18,498
115900134,302,6,296
115900135,349,830,-481
115900137,31,5,26
115900139,23,26,-3
115900140,185,13,172
115900141,5,24,-19
115900142,3,20,-17
115900143,159,275,-116
115900144,84,127,-43
115900146,7,54,-47
115900147,131,132,-1
115900148,79,11,68
115900149,85,19,66
115900150,66,32,34
115900151,17,61,-44
115900152,107,200,-93
115900153,79,135,-56
115900154,271,252,19
115900155,0,23,-23
115900156,485,653,-168
115900157,155,341,-186
115900158,16,9,7
115900159,116,196,-80
115900160,4,3,1
115900161,21,114,-93
115900163,163,86,77
115900164,493,4,489
115900166,138,73,65
115900168,79,61,18
115900171,72,262,-190
115900172,52,88,-36
115900173,172,92,80
115900174,171,159,12
115900175,68,148,-80
115900178,1,283,-282
115900179,223,20,203
115900180,40,62,-22
115900181,119,107,12
115900182,346,146,200
115900183,21,18,3
115900184,816,5,811
115900187,15,114,-99
115900189,0,139,-139
115900190,111,996,-885
115900191,31,240,-209
115900192,7,101,-94
115900193,120,115,5
115900194,638,36,602
115900195,482,1679,-1197
115900198,165,213,-48
115900199,164,120,44
115900200,230,220,10
115900201,399,338,61
115900202,0,44,-44
115900203,12,13,-1
115900204,1,2,-1
115900205,90,13,77
115900206,163,95,68
115900207,43,19,24
115900208,109,64,45
115900209,4,103,-99
115900210,7,135,-128
115900211,3,149,-146
115900212,128,119,9
115900213,76,82,-6
115900214,362,98,264
115900215,22,89,-67
115900216,2,59,-57
115900217,3,30,-27
115900218,2,18,-16
115900219,71,9,62
115900220,147,7,140
115900221,97,16,81
115900222,48,32,16
115900223,8,311,-303
115900224,612,895,-283
115900225,38,26,12
115900226,14,22,-8
115900227,10,25,-15
115900228,2,21,-19
115900229,3,31,-28
115900230,26,60,-34
115900231,108,3,105
115900232,31,0,31
115900233,66,14,52
115900234,31,17,14
115900235,15,22,-7
115900236,25,30,-5
115900237,13,23,-10
115900238,22,12,10
115900239,13,28,-15
115900240,11,24,-13
115900241,132,87,45
115900242,173,289,-116
115900243,10,5,5
115900244,5,10,-5
115900245,34,1,33
115900246,10,12,-2
115900247,27,6,21
115900248,8,4,4
115900249,1,10,-9
115900250,9,15,-6
115900251,1,9,-8
115900252,3,3,0
115900253,7,11,-4
115900254,4,24,-20
115900255,3,14,-11
115900256,7,63,-56
115900257,3,5,-2
115900258,0,0,0
115900259,4,3,1
115900260,12,0,12
115900261,10,1,9
115900262,3,0,3
115900263,9,1,8
115900264,4,3,1
115900265,2,3,-1
115900266,5,15,-10
115900267,9,25,-16
115900268,0,7,-7
115900269,369,216,153
115900270,335,194,141
115900271,100,2,98
115900272,14,4,10
115900273,8,15,-7
115900274,2,11,-9
115900275,1,12,-11
115900276,1,13,-12
115900277,0,49,-49
115900278,41,45,-4
115900279,28,116,-88
115900280,11,291,-280
115900281,258,252,6
115900282,10,12,-2
115900283,13,14,-1
115900284,12,5,7
116000001,5991,2596,3395
116000002,3370,7843,-4473
116000003,1297,1266,31
116000004,2153,3235,-1082
116000005,1277,1587,-310
116000006,1667,1746,-79
116000007,1510,2232,-722
116000008,2727,1754,973
116000009,930,1572,-642
116000010,2055,1233,822
116000011,737,1252,-515
116000012,1302,858,444
116000013,5110,2635,2475
116000014,6790,9030,-2240
116000015,149,915,-766
116000016,2411,1889,522
116000017,832,981,-149
116000018,642,346,296
116000019,468,298,170
116000020,432,454,-22
116000021,361,207,154
116000022,319,250,69
116000023,672,465,207
116000024,434,493,-59
116000025,564,520,44
116000026,818,1068,-250
116000027,202,299,-97
116000028,414,670,-256
116000029,458,511,-53
116000030,647,334,313
116000031,112,281,-169
116000032,305,134,171
116000033,265,321,-56
116000034,443,570,-127
116000035,350,459,-109
116000036,1145,1026,119
116000037,474,362,112
116000038,354,464,-110
116000039,363,366,-3
116000040,261,204,57
116000041,111,311,-200
116000042,798,277,521
116000043,70,463,-393
116000044,13,47,-34
116000045,1195,492,703
116000046,390,866,-476
116000047,987,1409,-422
116000048,1405,1288,117
116000049,1069,2661,-1592
116000050,1289,1061,228
116000051,4719,3021,1698
116000052,4129,4279,-150
116000053,1437,701,736
116000054,746,2173,-1427
116000055,586,785,-199
116000056,849,793,56
116000057,2016,1247,769
116000058,2718,3024,-306
116000059,1940,3463,-1523
116000060,1443,723,720
116000061,458,805,-347
116000062,518,169,349
116000063,502,928,-426
116000066,326,540,-214
116000067,216,329,-113
116000068,275,425,-150
116000069,554,333,221
116000078,538,788,-250
116000080,1476,641,835
116000082,4,23,-19
116000083,1272,410,862
116000084,1328,2214,-886
116000085,1798,1373,425
116000086,1337,991,346
116000087,1927,1393,534
116000088,571,662,-91
116000089,142,57,85
116000090,93,150,-57
116000091,185,137,48
116000093,694,293,401
116000094,345,323,22
116000095,554,319,235
116000096,577,813,-236
116000097,631,506,125
116000098,119,4497,-4378
116000099,3507,205,3302
116000100,248,15,233
116000101,769,510,259
116000102,178,819,-641
116000103,429,233,196
116000104,160,791,-631
116000105,953,93,860
116000106,394,778,-384
116000107,1871,305,1566
116000108,214,120,94
116000111,98,33,65
116000113,139,106,33
116000114,38,86,-48
116000115,291,88,203
116000116,210,283,-73
116000117,1196,1272,-76
116000118,1072,747,325
116000119,2677,1503,1174
116000120,2426,2201,225
116000121,755,486,269
116000122,879,973,-94
116000123,1011,322,689
116000124,349,515,-166
116000125,1941,486,1455
116000126,243,883,-640
116000127,768,725,43
116000128,1551,704,847
116000129,1097,180,917
116000130,861,571,290
116000133,910,570,340
116000134,1314,1216,98
116000135,2437,1135,1302
116000136,915,1259,-344
116000137,982,602,380
116000138,601,517,84
116000139,1234,1876,-642
116000140,98,179,-81
116000141,236,211,25
116000142,1569,477,1092
116000143,1537,1464,73
116000144,2018,1933,85
116000145,1419,851,568
116000146,515,135,380
116000147,167,117,50
116000148,417,360,57
116000149,531,490,41
116000151,240,128,112
116000153,190,150,40
116000155,323,401,-78
116000156,428,812,-384
116000157,78,17,61
116000158,260,242,18
116000159,20,20,0
116000160,12,35,-23
116000161,1,47,-46
116000162,67,101,-34
116000163,24,5,19
116000164,1,19,-18
116000177,101,73,28
116000194,393,361,32
116000195,1212,457,755
116000196,12,7,5
116000197,7,8,-1
116000198,2463,1261,1202
116000200,450,482,-32
116000201,500,461,39
116000202,7,177,-170
116000203,8,76,-68
116000204,7,60,-53
116000205,0,93,-93
116000206,5,68,-63
116000207,1,75,-74
116000233,134,211,-77
116000287,121,240,-119
116000288,211,152,59
116000292,42,78,-36
116000296,14,148,-134
116000297,83,22,61
116000304,97,22,75
116000305,51,41,10
116000346,122,62,60
116000352,68,29,39
116000354,23,10,13
116000357,12,20,-8
116000358,271,61,210
116000361,370,0,370
116000372,3107,3474,-367
116000381,101,3,98
116000388,0,38,-38
116000389,617,383,234
116000445,381,421,-40
116000446,650,388,262
116000447,24,283,-259
116000448,403,113,290
116000563,688,660,28
116000565,37,292,-255
116000568,26,145,-119
116000579,19,109,-90
116000583,105,43,62
116000584,17,2,15
116000585,21,25,-4
116000586,79,64,15
116000587,413,413,0
116000589,34,59,-25
116000590,67,47,20
116000591,214,170,44
116000592,9,61,-52
116000593,0,21,-21
116000594,467,263,204
116000595,504,88,416
116000596,95,2,93
116000597,349,69,280
116000598,15,126,-111
116000605,192,105,87
116000606,46,188,-142
116000607,5,20,-15
116000609,132,735,-603
116000611,139,327,-188
116000612,720,1410,-690
116000613,476,317,159
116000614,363,338,25
116000615,3,299,-296
116000616,39,62,-23
116000617,98,25,73
116000618,0,39,-39
116000619,54,54,0
116000620,121,295,-174
116000621,46,85,-39
116000622,62,108,-46
116000624,238,98,140
116000627,58,44,14
116000628,53,186,-133
116000629,22,150,-128
116000630,212,18,194
116000631,103,23,80
116000632,723,56,667
116000633,148,160,-12
116000634,247,37,210
116000635,2482,2483,-1
116000636,697,1075,-378
116000637,331,10,321
116000638,102,236,-134
116000639,107,1,106
116000640,32,11,21
116000641,33,91,-58
116000643,52,172,-120
116000644,78,295,-217
116000645,12,11,1
116900001,188,125,63
116900002,218,2,216
116900003,36,33,3
116900004,38,30,8
116900005,235,36,199
116900006,82,113,-31
116900007,74,136,-62
116900008,372,209,163
116900009,12,4,8
116900010,468,851,-383
116900011,4,17,-13
116900012,122,136,-14
116900013,1,71,-70
116900014,127,112,15
116900015,378,34,344
116900016,229,4,225
116900017,0,332,-332
116900018,56,63,-7
116900019,4,143,-139
116900020,471,784,-313
116900023,43,11,32
116900024,499,29,470
116900025,838,481,357
116900026,69,393,-324
116900027,25,38,-13
116900028,6,71,-65
116900029,1,45,-44
116900031,1,1,0
116900032,2,196,-194
116900033,8,6,2
116900034,3,51,-48
116900035,108,99,9
116900036,4,47,-43
116900038,24,2,22
116900041,25,14,11
116900042,297,172,125
116900043,20,32,-12
116900047,26,93,-67
116900049,22,183,-161
116900050,89,304,-215
116900051,123,119,4
116900052,107,44,63
116900055,0,8,-8
116900057,17,145,-128
116900058,19,227,-208
116900059,1,75,-74
116900060,140,107,33
116900062,3,6,-3
116900064,83,361,-278
116900065,17,82,-65
116900067,76,55,21
116900068,67,108,-41
116900070,8,2,6
116900072,21,218,-197
116900073,20,65,-45
116900074,5,26,-21
116900076,4,21,-17
116900077,9,89,-80
116900078,170,67,103
116900079,37,140,-103
116900080,2,21,-19
116900081,251,728,-477
116900082,141,745,-604
116900083,31,15,16
116900084,89,44,45
116900085,36,106,-70
116900086,30,98,-68
116900088,251,63,188
116900090,74,37,37
116900091,230,101,129
116900092,47,384,-337
116900093,1028,1096,-68
116900094,2369,2348,21
116900095,178,86,92
116900096,53,194,-141
116900097,1632,2063,-431
116900098,664,282,382
116900099,456,402,54
116900100,773,23,750
116900101,219,298,-79
116900103,1,1,0
116900104,41,57,-16
116900105,215,99,116
116900106,1000,3,997
116900107,1727,1877,-150
116900110,8,1,7
116900111,627,325,302
116900112,228,593,-365
116900113,939,1066,-127
116900116,65,482,-417
116900117,104,101,3
116900118,486,682,-196
116900120,275,50,225
116900121,103,5,98
116900122,667,429,238
116900123,193,393,-200
116900124,134,580,-446
116900125,295,114,181
116900126,66,349,-283
116900128,0,20,-20
116900129,0,210,-210
116900130,389,2781,-2392
116900131,58,230,-172
116900132,42,54,-12
116900133,179,117,62
116900134,125,175,-50
116900136,146,186,-40
116900137,212,93,119
116900138,173,108,65
116900139,93,303,-210
116900140,154,100,54
116900141,603,318,285
116900142,3,41,-38
116900143,215,219,-4
116900144,23,57,-34
116900145,48,103,-55
116900147,302,321,-19
116900148,4,24,-20
116900149,33,200,-167
116900150,8,5,3
116900151,34,19,15
116900153,72,47,25
116900154,307,415,-108
116900155,57,55,2
116900157,498,158,340
116900158,76,208,-132
116900159,71,177,-106
116900160,586,576,10
116900161,3494,4757,-1263
116900162,2,63,-61
116900163,119,82,37
116900164,94,58,36
116900165,222,259,-37
116900166,28,47,-19
116900167,316,49,267
116900168,259,45,214
116900169,360,515,-155
116900170,219,442,-223
116900171,47,96,-49
116900172,82,266,-184
116900173,151,15,136
116900174,70,45,25
116900175,108,130,-22
116900178,35,70,-35
116900179,62,243,-181
116900180,78,17,61
116900182,266,135,131
116900183,121,72,49
116900185,18,60,-42
116900186,64,130,-66
116900187,53,45,8
116900188,123,15,108
116900189,22,1,21
116900191,296,448,-152
116900192,182,69,113
116900194,84,1093,-1009
116900195,20,17,3
116900196,15,75,-60
116900197,85,9,76
116900198,91,178,-87
116900200,54,18,36
116900201,95,5,90
116900202,74,34,40
116900203,113,3,110
116900204,62,98,-36
116900206,29,21,8
116900207,28,37,-9
116900208,32,58,-26
116900209,34,57,-23
116900210,363,193,170
116900211,133,2,131
116900212,60,38,22
116900213,184,92,92
116900214,141,112,29
116900215,57,46,11
116900216,252,138,114
116900218,4,132,-128
116900219,778,223,555
116900220,96,119,-23
116900221,84,214,-130
116900222,299,236,63
116900223,91,213,-122
116900226,52,47,5
116900227,140,67,73
116900228,290,141,149
116900230,50,173,-123
116900231,11,236,-225
116900232,17,256,-239
116900233,222,72,150
116900234,7,4,3
116900235,368,191,177
116900238,1057,194,863
116900239,26,814,-788
116900240,3080,2255,825
116900241,39,50,-11
116900242,541,520,21
116900243,1,14,-13
116900245,31,26,5
116900246,127,91,36
116900247,752,31,721
116900248,63,27,36
116900249,218,50,168
116900250,290,52,238
116900251,293,381,-88
116900252,129,422,-293
116900254,55,59,-4
116900255,105,62,43
116900256,425,76,349
116900257,21,255,-234
116900258,4,152,-148
116900259,209,11,198
116900260,0,59,-59
116900261,60,0,60
116900262,175,103,72
116900263,0,15,-15
116900264,71,39,32
116900265,37,0,37
116900266,7,10,-3
116900267,0,0,0
116900268,73,52,21
116900269,217,394,-177
116900271,773,148,625
116900272,262,204,58
116900273,128,93,35
116900274,84,27,57
116900275,117,51,66
116900276,290,161,129
116900277,291,17,274
116900278,4,7,-3
116900279,1,16,-15
116900280,22,10,12
116900281,3260,3225,35
116900282,4,52,-48
116900283,13,80,-67
116900284,4,140,-136
116900285,172,176,-4
116900286,133,13,120
116900287,2,22,-20
116900288,74,82,-8
116900289,25,2,23
116900290,2,11,-9
116900291,21,5,16
116900292,0,16,-16
116900293,53,20,33
116900294,15,88,-73
116900295,79,52,27
116900296,38,52,-14
116900297,5,68,-63
116900298,63,45,18
116900299,18,58,-40
116900300,2,59,-57
116900301,32,100,-68
116900302,26,73,-47
116900303,142,76,66
116900304,1,76,-75
116900305,12,17,-5
116900306,108,79,29
116900307,74,0,74
116900308,1,73,-72
116900309,45,52,-7
116900310,23,61,-38
116900311,1,136,-135
117000001,1596,1256,340
117000002,1426,2323,-897
117000003,5058,2445,2613
117000004,2524,3464,-940
117000005,1977,1548,429
117000006,1035,2247,-1212
117000007,3393,956,2437
117000008,824,2458,-1634
117000009,3820,1463,2357
117000010,1805,2611,-806
117000011,1900,1345,555
117000012,1006,914,92
117000013,1527,634,893
117000014,948,1548,-600
117000015,1828,985,843
117000016,164,112,52
117000017,193,99,94
117000018,98,336,-238
117000019,58,30,28
117000020,363,897,-534
117000021,1056,491,565
117000022,231,107,124
117000023,143,192,-49
117000024,145,196,-51
117000025,291,757,-466
117000026,1397,1126,271
117000027,1273,3479,-2206
117000028,2262,1639,623
117000030,350,356,-6
117000031,302,274,28
117000032,923,877,46
117000033,1033,880,153
117000034,254,258,-4
117000035,321,262,59
117000036,330,257,73
117000037,221,191,30
117000038,156,426,-270
117000039,356,168,188
117000040,219,564,-345
117000041,951,121,830
117000044,15,488,-473
117000045,443,73,370
117000046,317,844,-527
117000047,1034,603,431
117000048,1335,640,695
117000049,53,428,-375
117000050,133,1173,-1040
117000051,1951,100,1851
117000052,58,189,-131
117000053,530,48,482
117000054,1632,8,1624
117000055,62,1670,-1608
117000056,566,19,547
117000057,380,1493,-1113
117000060,359,764,-405
117000061,1367,724,643
117000062,151,394,-243
117000063,1320,880,440
117000064,479,541,-62
117000066,509,639,-130
117000067,137,475,-338
117000074,72,157,-85
117000076,51,39,12
117000077,129,148,-19
117000078,148,517,-369
117000079,285,211,74
117000080,2,224,-222
117000081,992,99,893
117000082,15,85,-70
117000083,589,165,424
117000084,122,2,120
117000085,244,602,-358
117000086,627,324,303
117000087,85,405,-320
117000088,229,163,66
117000089,1402,230,1172
117000090,250,967,-717
117000091,740,186,554
117000092,306,851,-545
117000093,1128,633,495
117000094,919,1581,-662
117000095,3222,703,2519
117000096,622,1453,-831
117000097,1291,889,402
117000098,1648,2467,-819
117000099,3129,974,2155
117000100,181,234,-53
117000101,134,591,-457
117000102,1574,562,1012
117000103,591,1123,-532
117000104,1087,553,534
117000105,601,1003,-402
117000106,1135,662,473
117000107,368,870,-502
117000108,1565,796,769
117000109,1126,1683,-557
117000110,1373,859,514
117000111,2740,2888,-148
117000112,2543,1250,1293
117000113,79,117,-38
117000114,184,104,80
117000115,85,56,29
117000116,121,170,-49
117000117,990,811,179
117000118,191,103,88
117000119,197,178,19
117000120,147,429,-282
117000121,88,914,-826
117000122,237,581,-344
117000123,974,32,942
117000124,380,51,329
117000125,166,152,14
117000126,32,16,16
117000127,117,182,-65
117000128,320,508,-188
117000129,285,755,-470
117000130,139,2,137
117000131,0,46,-46
117000132,2487,10,2477
117000133,1449,43,1406
117000134,0,37,-37
117000135,7,102,-95
117000136,1,15,-14
117000137,92,74,18
117000138,7,339,-332
117000140,403,997,-594
117000141,1514,445,1069
117000181,319,109,210
117000182,271,409,-138
117000195,120,536,-416
117000196,168,114,54
117000225,80,23,57
117000226,8,79,-71
117000276,269,19,250
117000277,0,224,-224
117000310,1143,1440,-297
117000315,45,415,-370
117000320,78,0,78
117000906,315,5,310
117000907,9,205,-196
117000909,32,24,8
117000910,177,143,34
117000911,95,159,-64
117000915,6,307,-301
117000916,28,3,25
117000917,1082,34,1048
117000918,71,46,25
117000919,5,56,-51
117000920,5,791,-786
117000921,2,666,-664
117000922,19,63,-44
117000924,345,602,-257
117000926,469,106,363
117000927,940,711,229
117000928,0,115,-115
117000929,232,209,23
117000930,240,14,226
117000931,217,95,122
117900002,94,317,-223
117900003,416,239,177
117900005,3,23,-20
117900006,1,13,-12
117900007,117,61,56
117900008,0,14,-14
117900010,209,84,125
117900011,12,125,-113
117900012,68,51,17
117900013,0,94,-94
117900014,527,107,420
117900015,15,60,-45
117900016,645,697,-52
117900017,594,217,377
117900018,95,105,-10
117900019,407,188,219
117900020,43,416,-373
117900021,36,40,-4
117900023,513,48,465
117900024,40,43,-3
117900025,35,15,20
117900026,302,212,90
117900028,22,1,21
117900029,220,362,-142
117900031,64,64,0
117900032,971,597,374
117900033,214,281,-67
117900034,46,28,18
117900035,260,120,140
117900036,230,202,28
117900037,124,61,63
117900038,57,148,-91
117900039,10,48,-38
117900040,133,244,-111
117900041,3,30,-27
117900042,2378,205,2173
117900043,18,38,-20
117900044,31,2989,-2958
117900045,93,106,-13
117900048,408,210,198
117900049,174,289,-115
117900050,7,34,-27
117900051,20,11,9
117900052,45,209,-164
117900053,1778,473,1305
117900054,1,21,-20
117900055,132,151,-19
117900056,117,63,54
117900057,821,890,-69
117900058,48,33,15
117900059,220,81,139
117900060,1935,3194,-1259
117900061,12,147,-135
117900063,322,121,201
117900065,422,802,-380
117900066,4,59,-55
117900067,448,112,336
117900069,640,197,443
117900070,97,21,76
117900071,56,74,-18
117900073,375,199,176
117900074,60,59,1
117900075,58,40,18
117900076,12,42,-30
117900077,372,95,277
117900078,275,692,-417
117900080,103,19,84
117900081,363,249,114
117900082,359,306,53
117900083,298,280,18
117900086,123,19,104
117900087,102,34,68
117900088,2376,1399,977
117900089,1850,657,1193
117900090,420,277,143
117900091,82,144,-62
117900092,52,14,38
117900093,72,29,43
117900094,28,13,15
117900095,331,468,-137
117900096,77,149,-72
117900097,168,39,129
117900098,20,4,16
117900099,122,157,-35
117900100,160,1,159
117900101,328,1457,-1129
117900102,49,30,19
117900103,49,1,48
117900104,20,94,-74
117900105,129,165,-36
117900106,73,32,41
117900107,33,0,33
117900109,466,266,200
117900110,87,2,85
117900111,264,9,255
117900112,52,8,44
117900113,1602,1039,563
117900114,14,0,14
117900115,162,63,99
117900116,583,542,41
117900117,497,215,282
117900118,60,0,60
117900119,210,118,92
117900120,152,36,116
117900121,39,38,1
117900122,944,3022,-2078
117900123,528,268,260
117900124,518,488,30
117900125,1345,1811,-466
117900126,175,311,-136
117900127,419,256,163
117900128,290,328,-38
117900129,83,2,81
117900130,567,326,241
117900131,2,106,-104
117900132,8,62,-54
117900133,10,56,-46
117900134,48,159,-111
117900135,29,124,-95
117900136,0,18,-18
117900137,39,170,-131
117900138,1,27,-26
117900139,102,85,17
117900140,2422,31,2391
117900141,102,121,-19
117900142,129,47,82
117900144,31,110,-79
117900145,10,47,-37
117900146,127,97,30
117900147,89,23,66
117900148,1422,1372,50
117900149,71,131,-60
117900150,38,23,15
117900151,37,65,-28
117900152,79,34,45
117900153,9,64,-55
117900154,296,373,-77
117900156,760,606,154
117900157,69,403,-334
117900158,205,63,142
117900160,570,669,-99
117900161,1719,1429,290
117900162,341,290,51
117900163,49,94,-45
117900165,0,5,-5
117900166,104,447,-343
117900168,119,174,-55
117900169,1,83,-82
117900170,4,21,-17
117900171,3,14,-11
117900172,8,22,-14
117900173,154,49,105
117900174,21,49,-28
117900175,4,16,-12
117900176,23,17,6
117900177,14,24,-10
117900178,58,29,29
117900180,153,17,136
117900181,45,292,-247
117900182,0,30,-30
117900183,54,162,-108
117900184,10,32,-22
117900185,40,33,7
117900186,60,22,38
117900187,15,9,6
117900188,105,38,67
117900189,76,31,45
117900190,31,1,30
117900191,48,0,48
117900192,130,0,130
117900193,0,46,-46
117900194,20,2,18
117900195,15,51,-36
117900196,24,33,-9
117900207,132,113,19
117900208,31,20,11
117900209,169,129,40
117900210,93,136,-43
117900211,3,111,-108
117900212,93,72,21
117900213,15,7,8
117900214,4,30,-26
117900215,53,26,27
117900216,49,33,16
117900217,74,283,-209
117900218,97,119,-22
117900219,7,107,-100
117900220,45,42,3
117900222,163,264,-101
117900223,197,260,-63
118000001,656,1081,-425
118000002,1032,1222,-190
118000003,1591,2647,-1056
118000004,1662,1615,47
118000005,3347,4761,-1414
118000006,3093,6587,-3494
118000007,3458,2792,666
118000008,2420,3223,-803
118000009,1169,1773,-604
118000010,2876,2866,10
118000011,1212,1361,-149
118000012,769,1271,-502
118000013,1707,1574,133
118000014,1360,1567,-207
118000016,174,208,-34
118000017,366,268,98
118000018,289,232,57
118000019,1504,1224,280
118000020,949,2272,-1323
118000021,480,2104,-1624
118000022,1091,569,522
118000023,798,291,507
118000024,869,794,75
118000027,9646,9491,155
118000029,863,601,262
118000032,755,3014,-2259
118000033,1812,4464,-2652
118000034,3504,2215,1289
118000035,1300,2164,-864
118000036,713,1001,-288
118000037,629,742,-113
118000038,194,62,132
118000039,65,136,-71
118000040,1382,1087,295
118000041,1801,951,850
118000045,476,330,146
118000046,863,392,471
118000047,561,790,-229
118000048,1366,1454,-88
118000051,894,731,163
118000052,509,279,230
118000053,153,333,-180
118000054,912,812,100
118000055,838,1039,-201
118000056,123,270,-147
118000057,171,322,-151
118000058,1477,1262,215
118000059,1170,1155,15
118000060,866,426,440
118000061,891,939,-48
118000062,386,210,176
118000063,237,552,-315
118000064,554,955,-401
118000065,2373,1105,1268
118000066,611,1132,-521
118000067,538,618,-80
118000068,1163,3495,-2332
118000069,1876,725,1151
118000070,3423,1205,2218
118000071,2057,4751,-2694
118000072,895,1495,-600
118000073,937,522,415
118000074,612,1023,-411
118000075,602,644,-42
118000076,912,2386,-1474
118000077,1020,996,24
118000078,1399,1909,-510
118000079,135,319,-184
118000080,717,832,-115
118000081,1459,1189,270
118000082,256,906,-650
118000083,1238,1277,-39
118000084,2250,1255,995
118000086,217,452,-235
118000087,2794,1753,1041
118000088,1235,1188,47
118000089,2224,1671,553
118000090,1088,1882,-794
118000091,885,1748,-863
118000092,709,373,336
118000093,69,508,-439
118000096,376,424,-48
118000097,645,519,126
118000098,283,147,136
118000099,567,469,98
118000101,974,298,676
118000102,359,603,-244
118000107,1160,342,818
118000108,492,1751,-1259
118000110,0,28,-28
118000111,1,225,-224
118000112,563,2,561
118000113,3,400,-397
118000114,319,13,306
118000115,6,9,-3
118000116,36,0,36
118000117,803,497,306
118000118,734,914,-180
118000119,628,1016,-388
118000120,1181,883,298
118000121,123,622,-499
118000122,1171,350,821
118000123,35,302,-267
118000125,1448,701,747
118000126,547,1297,-750
118000127,1266,516,750
118000128,490,828,-338
118000129,959,456,503
118000130,1332,1859,-527
118000131,422,650,-228
118000132,2102,1617,485
118000133,986,427,559
118000135,432,366,66
118000136,120,369,-249
118000137,461,88,373
118000138,312,416,-104
118000139,387,75,312
118000140,1861,3757,-1896
118000141,1588,1234,354
118000142,1475,1001,474
118000143,1697,972,725
118000144,742,477,265
118000145,1167,1047,120
118000146,967,462,505
118000147,703,932,-229
118000148,551,850,-299
118000149,832,737,95
118000150,342,251,91
118000151,387,295,92
118000153,1028,775,253
118000154,1697,1138,559
118000155,1084,965,119
118000156,1372,1795,-423
118000157,509,291,218
118000158,161,290,-129
118000159,32,62,-30
118000160,406,267,139
118000161,403,443,-40
118000162,1219,787,432
118000163,672,513,159
118000164,1413,909,504
118000168,388,298,90
118000169,771,767,4
118000170,2304,2803,-499
118000171,237,392,-155
118000172,125,175,-50
118000173,798,1050,-252
118000175,178,378,-200
118000176,238,421,-183
118000177,202,490,-288
118000178,37,47,-10
118000179,976,1031,-55
118000180,613,502,111
118000181,625,194,431
118000182,242,189,53
118000183,190,239,-49
118000184,749,440,309
118000185,912,964,-52
118000186,463,832,-369
118000187,1097,414,683
118000188,399,117,282
118000189,458,343,115
118000190,9,8,1
118000191,27,10,17
118000192,73,173,-100
118000193,65,264,-199
118000194,981,649,332
118000195,521,824,-303
118000196,240,202,38
118000197,339,516,-177
118000198,501,842,-341
118000199,710,600,110
118000200,51,183,-132
118000201,299,394,-95
118000202,27,51,-24
118000203,540,513,27
118000204,64,347,-283
118000205,146,255,-109
118000206,154,147,7
118000207,0,41,-41
118000208,966,1149,-183
118000209,1634,1141,493
118000210,69,32,37
118000211,27,30,-3
118000213,458,1043,-585
118000214,373,419,-46
118000215,340,117,223
118000216,1393,1063,330
118000217,24,61,-37
118000218,79,53,26
118000219,275,134,141
118000220,4,25,-21
118000221,187,194,-7
118000222,40,8,32
118000223,43,36,7
118000224,101,58,43
118000225,133,450,-317
118000226,773,158,615
118000227,512,285,227
118000228,99,162,-63
118000229,74,85,-11
118000230,93,120,-27
118000231,45,161,-116
118000232,701,424,277
118000233,923,616,307
118000234,385,110,275
118000236,217,177,40
118000237,77,140,-63
118000238,213,89,124
118000239,220,187,33
118000240,177,127,50
118000241,76,72,4
118000242,233,251,-18
118000243,231,116,115
118000244,37,83,-46
118000246,9,21,-12
118000255,90,213,-123
118000256,136,178,-42
118000259,4,18,-14
118000260,92,49,43
118000261,24,27,-3
118000263,58,62,-4
118000266,103,144,-41
118000267,0,80,-80
118000268,170,2,168
118000270,62,19,43
118000271,255,178,77
118000272,55,25,30
118000273,117,57,60
118000274,62,162,-100
118000276,405,245,160
118000295,7,101,-94
118000298,112,155,-43
118000299,41,61,-20
118000301,1,36,-35
118000302,69,25,44
118000311,408,50,358
118000312,259,110,149
118000313,43,70,-27
118000314,65,36,29
118000315,16,16,0
118000316,593,300,293
118000325,36,30,6
118000326,19,11,8
118000331,25,15,10
118000332,16,11,5
118000333,20,38,-18
118000335,255,0,255
118000336,1,156,-155
118000407,139,32,107
118000457,1,21,-20
118000465,2075,3095,-1020
118000480,40,39,1
118000489,29,261,-232
118000490,19,168,-149
118000492,282,129,153
118000510,30,17,13
118000514,137,185,-48
118000515,557,502,55
118000517,270,143,127
118000524,250,254,-4
118000525,440,496,-56
118000530,30,78,-48
118000531,306,213,93
118000532,194,196,-2
118000533,156,112,44
118000534,393,300,93
118000535,254,104,150
118000536,535,982,-447
118000537,58,295,-237
118000538,84,85,-1
118000539,26,155,-129
118000540,176,43,133
118000541,131,36,95
118000542,47,106,-59
118000543,209,259,-50
118000546,62,113,-51
118000553,0,2,-2
118000560,1252,1639,-387
118000562,39,91,-52
118000563,983,802,181
118000576,209,116,93
118000577,170,159,11
118000578,163,94,69
118000579,411,913,-502
118000583,0,0,0
118000595,229,74,155
118000596,0,36,-36
118000597,162,104,58
118000598,3,1,2
118000599,83,35,48
118000600,1,9,-8
118000601,1,0,1
118000602,0,4,-4
118000603,0,29,-29
118000605,62,255,-193
118000606,38,31,7
118000607,164,177,-13
118900001,314,819,-505
118900002,492,561,-69
118900003,201,7,194
118900004,64,31,33
118900005,50,5,45
118900006,130,0,130
118900007,2,1,1
118900008,1137,32,1105
118900009,51,22,29
118900010,44,3,41
118900011,122,12,110
118900012,345,125,220
118900013,343,72,271
118900015,140,30,110
118900016,1,4,-3
118900017,193,254,-61
118900018,635,12,623
118900019,18,12,6
118900020,105,106,-1
118900021,118,240,-122
118900022,118,108,10
118900023,137,71,66
118900024,71,104,-33
118900025,61,20,41
118900026,54,43,11
118900027,356,106,250
118900028,124,109,15
118900029,237,323,-86
118900030,254,47,207
118900031,140,49,91
118900032,165,125,40
118900033,312,333,-21
118900034,101,34,67
118900035,80,100,-20
118900036,971,433,538
118900037,187,218,-31
118900038,322,121,201
118900039,385,105,280
118900040,198,118,80
118900041,524,160,364
118900042,144,72,72
118900045,216,113,103
118900046,558,371,187
118900047,318,211,107
118900048,79,138,-59
118900049,53,39,14
118900050,19,32,-13
118900051,58,85,-27
118900052,148,157,-9
118900053,7,65,-58
118900054,118,47,71
118900055,78,34,44
118900056,62,282,-220
118900057,555,399,156
118900058,268,226,42
118900059,21,57,-36
118900062,291,152,139
118900064,427,464,-37
118900065,26,85,-59
118900066,66,69,-3
118900067,2908,3014,-106
118900068,10,142,-132
118900069,266,145,121
118900071,2,42,-40
118900072,294,275,19
118900073,163,68,95
118900074,102,99,3
118900075,49,43,6
118900076,140,79,61
118900077,149,100,49
118900078,18,1,17
118900079,38,144,-106
118900080,9,64,-55
118900081,81,22,59
118900082,588,116,472
118900083,25,1,24
118900084,14,14,0
118900085,417,563,-146
118900086,36,56,-20
118900087,21,174,-153
118900088,0,3,-3
118900089,27,19,8
118900090,411,274,137
118900091,113,131,-18
118900092,62,40,22
118900093,100,24,76
118900096,84,68,16
118900097,206,310,-104
118900099,64,124,-60
118900100,90,144,-54
118900101,58,139,-81
118900102,19,55,-36
118900103,14,60,-46
118900104,165,77,88
118900105,103,54,49
118900107,78,38,40
118900108,57,48,9
118900110,675,482,193
118900111,344,289,55
118900112,41,137,-96
118900113,160,227,-67
118900114,15,44,-29
118900115,53,236,-183
118900116,96,152,-56
118900117,84,138,-54
118900118,228,189,39
118900119,157,167,-10
118900120,80,226,-146
118900121,12,95,-83
118900122,9,716,-707
118900123,103,170,-67
118900124,61,142,-81
118900126,10,254,-244
118900129,199,150,49
118900130,46,149,-103
118900131,156,143,13
118900132,204,143,61
118900133,11,86,-75
118900135,142,141,1
118900136,160,326,-166
118900137,9,22,-13
118900139,199,233,-34
118900140,356,409,-53
118900141,92,74,18
118900144,121,266,-145
118900145,21,98,-77
118900146,232,375,-143
118900147,89,108,-19
118900148,52,33,19
118900150,266,465,-199
118900152,425,448,-23
118900157,47,108,-61
118900158,74,46,28
118900159,0,94,-94
118900161,49,10,39
118900163,73,76,-3
118900164,0,59,-59
118900165,40,45,-5
118900166,11,0,11
118900167,41,30,11
118900168,12,104,-92
118900169,69,68,1
118900170,77,40,37
118900171,24,34,-10
118900174,43,27,16
118900175,380,341,39
118900176,127,169,-42
118900177,43,40,3
118900178,24,112,-88
118900179,43,27,16
118900182,23,16,7
118900183,18,91,-73
118900184,166,22,144
118900185,135,78,57
118900186,83,65,18
118900187,137,191,-54
118900188,225,165,60
118900189,16,590,-574
118900190,10,142,-132
118900191,149,36,113
118900192,151,15,136
118900193,416,4,412
118900195,186,353,-167
118900196,23,74,-51
118900197,112,58,54
118900198,19,5,14
118900199,79,16,63
118900200,15,10,5
118900201,26,16,10
118900202,7,33,-26
118900203,8,7,1
118900204,11,3,8
118900205,1,4,-3
118900206,0,3,-3
119000001,1013,1466,-453
119000002,2548,2757,-209
119000003,2143,763,1380
119000004,1819,1005,814
119000005,1341,1429,-88
119000006,2522,1325,1197
119000007,2434,2257,177
119000008,1538,1288,250
119000009,2423,3379,-956
119000010,4092,3336,756
119000011,2540,2006,534
119000012,2000,2444,-444
119000013,2012,1217,795
119000014,1125,1886,-761
119000019,154,100,54
119000020,1548,1160,388
119000021,3713,1847,1866
119000022,1255,1591,-336
119000023,282,253,29
119000024,1349,8664,-7315
119000025,3938,892,3046
119000026,95,295,-200
119000027,177,289,-112
119000028,1246,593,653
119000029,75,252,-177
119000030,454,722,-268
119000031,758,482,276
119000032,1084,1549,-465
119000033,1694,866,828
119000034,796,665,131
119000035,17,194,-177
119000036,1691,487,1204
119000037,1098,1032,66
119000038,133,517,-384
119000039,295,200,95
119000040,456,430,26
119000041,491,948,-457
119000048,2042,1744,298
119000049,1574,1430,144
119000050,1076,1160,-84
119000051,1365,778,587
119000052,1380,2114,-734
119000053,1538,940,598
119000054,2566,1928,638
119000055,3861,2223,1638
119000056,2256,1302,954
119000057,1394,1210,184
119000058,1476,1026,450
119000059,985,1161,-176
119000060,1328,790,538
119000061,840,550,290
119000062,918,1028,-110
119000063,528,401,127
119000064,717,778,-61
119000065,1209,2086,-877
119000066,1720,913,807
119000067,1569,1477,92
119000068,1490,830,660
119000069,1303,1454,-151
119000070,2052,799,1253
119000071,424,409,15
119000072,3397,1888,1509
119000073,3183,5226,-2043
119000074,1141,1425,-284
119000075,1969,1663,306
119000076,345,711,-366
119000077,319,269,50
119000078,383,298,85
119000079,180,533,-353
119000080,359,126,233
119000081,290,228,62
119000082,630,178,452
119000083,539,366,173
119000084,252,348,-96
119000085,418,209,209
119000086,331,540,-209
119000087,1200,560,640
119000088,423,274,149
119000089,122,249,-127
119000090,150,134,16
119000091,198,465,-267
119000092,385,240,145
119000093,2668,1748,920
119000094,2513,3563,-1050
119000095,1456,1967,-511
119000097,1684,847,837
119000098,743,2252,-1509
119000099,1794,1008,786
119000100,2931,2254,677
119000101,2412,1417,995
119000102,485,1037,-552
119000103,800,547,253
119000104,1470,791,679
119000105,729,1632,-903
119000106,292,768,-476
119000107,803,439,364
119000108,306,580,-274
119000109,66,356,-290
119000110,230,209,21
119000111,22,519,-497
119000112,147,61,86
119000113,1244,177,1067
119000114,611,541,70
119000115,108,91,17
119000116,47,54,-7
119000117,102,249,-147
119000118,4,0,4
119000123,1806,1620,186
119000124,641,160,481
119000125,3482,506,2976
119000126,1164,527,637
119000127,566,328,238
119000128,6,1,5
119000131,772,412,360
119000132,4,0,4
119000133,3,4,-1
119000134,1396,438,958
119000135,124,119,5
119000136,197,133,64
119000137,182,177,5
119000138,434,164,270
119000139,191,101,90
119000140,187,219,-32
119000284,896,1957,-1061
119000285,1382,1392,-10
119000286,4686,3832,854
119000287,1053,1464,-411
119000288,1445,775,670
119000289,1242,1692,-450
119000290,150,268,-118
119000291,7,196,-189
119000293,144,144,0
119000294,48,19,29
119000295,892,227,665
119000296,331,178,153
119000302,1521,794,727
119000303,38,125,-87
119000314,1182,8086,-6904
119000315,4,253,-249
119000316,163,63,100
119000317,113,199,-86
119000319,621,189,432
119900001,164,823,-659
119900002,93,168,-75
119900003,24,549,-525
119900004,184,746,-562
119900005,128,52,76
119900006,157,250,-93
119900007,885,147,738
119900008,45,70,-25
119900009,399,433,-34
119900010,475,609,-134
119900011,24,82,-58
119900012,5,42,-37
119900013,1513,848,665
119900014,384,124,260
119900015,57,25,32
119900016,45,45,0
119900017,44,23,21
119900018,1181,744,437
119900019,22,3,19
119900020,101,122,-21
119900021,89,32,57
119900022,67,428,-361
119900023,303,1467,-1164
119900025,140,20,120
119900026,410,96,314
119900027,15,14,1
119900028,242,99,143
119900029,2,3,-1
119900030,421,267,154
119900031,39,287,-248
119900033,1031,235,796
119900034,289,63,226
119900037,121,26,95
119900038,23,285,-262
119900039,58,21,37
119900040,85,11,74
119900041,87,11,76
119900042,52,91,-39
119900043,42,64,-22
119900044,135,775,-640
119900046,79,25,54
119900047,273,53,220
119900049,149,3,146
119900050,55,90,-35
119900051,1000,15,985
119900052,34,30,4
119900053,170,125,45
119900054,151,4,147
119900055,908,292,616
119900057,162,39,123
119900058,173,0,173
119900059,65,22,43
119900060,231,16,215
119900061,249,11,238
119900062,63,8,55
119900063,5,33,-28
119900065,168,11,157
119900067,67,10,57
119900068,344,0,344
119900069,96,14,82
119900070,725,9,716
119900071,522,20,502
119900073,1115,460,655
119900074,15,17,-2
119900075,2638,1648,990
119900076,93,48,45
119900077,775,539,236
119900078,353,459,-106
119900079,260,124,136
119900080,272,188,84
119900081,515,13,502
119900082,1022,65,957
119900083,304,71,233
119900084,471,210,261
119900085,32,34,-2
119900086,332,674,-342
119900087,208,169,39
119900088,22,18,4
119900089,23,338,-315
119900090,88,25,63
119900091,51,589,-538
119900092,42,202,-160
119900093,627,107,520
119900094,35,124,-89
119900095,102,70,32
119900096,28,75,-47
119900097,326,176,150
119900098,13,34,-21
119900099,40,122,-82
119900100,1273,2194,-921
119900101,122,952,-830
119900102,17,139,-122
119900103,34,140,-106
119900104,21,94,-73
119900105,453,1240,-787
119900106,5,100,-95
119900107,172,1375,-1203
119900108,1961,476,1485
119900109,20,81,-61
119900110,622,407,215
119900111,212,323,-111
119900112,824,429,395
119900113,56,141,-85
119900114,241,683,-442
119900115,280,636,-356
119900116,106,308,-202
119900117,297,441,-144
119900118,64,449,-385
119900119,205,155,50
119900120,424,267,157
119900121,355,549,-194
119900122,301,223,78
119900123,125,221,-96
119900124,205,466,-261
119900125,36,128,-92
119900126,2195,215,1980
119900127,1328,670,658
119900128,354,469,-115
119900129,212,312,-100
119900130,15,107,-92
119900131,30,136,-106
119900132,10,146,-136
119900133,30,54,-24
119900134,940,124,816
119900135,0,191,-191
119900136,108,176,-68
119900138,221,256,-35
119900139,16,89,-73
119900140,2,96,-94
119900141,47,455,-408
119900142,0,16,-16
119900143,9,97,-88
119900144,812,125,687
119900145,55,77,-22
119900146,86,87,-1
119900147,0,77,-77
119900148,139,32,107
119900149,555,3108,-2553
119900150,111,63,48
119900151,1009,550,459
119900152,83,175,-92
119900153,116,43,73
119900154,16,495,-479
119900155,22,26,-4
119900156,16,11,5
119900157,79,113,-34
119900158,173,29,144
119900159,5,724,-719
119900160,34,82,-48
119900161,133,94,39
119900162,654,606,48
119900163,73,97,-24
119900164,2,3,-1
119900165,111,83,28
119900166,57,25,32
119900167,42,76,-34
119900168,750,293,457
119900169,53,157,-104
119900170,140,206,-66
119900171,788,292,496
119900172,65,20,45
119900173,6,211,-205
119900174,1,67,-66
119900175,1155,427,728
119900177,37,131,-94
119900178,1,117,-116
119900179,104,449,-345
119900180,776,637,139
119900181,33,73,-40
119900182,0,168,-168
119900183,83,477,-394
119900184,1128,293,835
119900185,30,112,-82
119900186,37,761,-724
119900187,4,222,-218
119900188,69,195,-126
119900189,260,274,-14
119900190,46,157,-111
119900191,167,175,-8
119900192,46,117,-71
119900193,296,134,162
119900194,21,58,-37
119900195,33,110,-77
119900196,573,208,365
119900197,144,111,33
119900198,113,167,-54
119900199,82,12,70
119900200,569,517,52
119900201,210,105,105
119900202,71,138,-67
119900203,106,436,-330
119900204,154,145,9
119900205,638,319,319
119900206,180,103,77
119900208,120,108,12
119900209,369,984,-615
119900210,43,9,34
119900211,56,7,49
119900212,466,340,126
119900213,11,53,-42
119900214,28,46,-18
119900215,43,49,-6
119900216,17,27,-10
119900217,14,37,-23
119900218,17,34,-17
119900219,13,70,-57
119900220,2,48,-46
119900221,10,95,-85
119900222,5,79,-74
119900223,14,42,-28
119900224,7,14,-7
119900225,416,27,389
119900226,317,1258,-941
119900227,662,172,490
119900228,42,223,-181
119900229,205,194,11
119900230,934,330,604
119900231,241,179,62
119900232,123,83,40
119900233,52,1,51
119900234,19,40,-21
119900235,5,21,-16
119900236,12,115,-103
119900237,21,257,-236
119900238,0,55,-55
119900240,63,83,-20
119900241,112,140,-28
119900242,823,710,113
119900244,423,822,-399
119900245,77,123,-46
119900246,194,410,-216
119900247,13,86,-73
119900248,64,180,-116
119900249,179,52,127
119900253,1339,242,1097
119900254,62,569,-507
119900255,55,409,-354
119900256,539,423,116
119900257,80,1,79
119900258,75,6,69
119900259,13,71,-58
119900260,103,8,95
119900261,191,102,89
119900262,4,134,-130
119900263,943,255,688
119900264,71,103,-32
119900265,294,221,73
119900266,268,126,142
119900267,167,299,-132
119900268,97,123,-26
119900269,786,566,220
119900271,25,64,-39
119900272,100,181,-81
119900275,151,81,70
119900276,53,3,50
119900277,6,3,3
119900278,125,62,63
119900279,68,163,-95
119900280,482,79,403
119900281,0,172,-172
119900282,33,80,-47
119900283,9,138,-129
119900284,13,72,-59
119900285,15,100,-85
119900286,4,19,-15
119900288,3,14,-11
119900289,2,20,-18
119900290,3,14,-11
119900291,1,41,-40
119900292,21,23,-2
119900293,8,49,-41
119900294,9,24,-15
119900295,19,23,-4
119900296,18,75,-57
119900297,1,10,-9
119900298,1,0,1
119900299,47,127,-80
119900300,174,106,68
119900301,13,22,-9
119900302,19,33,-14
119900303,191,136,55
119900304,125,25,100
119900305,11,82,-71
119900306,25,3,22
119900307,36,30,6
119900308,3,11,-8
119900309,30,96,-66
119900310,174,147,27
119900311,101,91,10
119900312,77,35,42
119900313,194,165,29
119900314,157,251,-94
119900315,1522,1269,253
119900318,13,19,-6
119900319,0,145,-145
119900320,146,303,-157
119900321,53,2,51
120000001,4597,12292,-7695
120000002,2071,1857,214
120000003,2131,1196,935
120000004,1996,1411,585
120000005,2717,1417,1300
120000006,1061,956,105
120000007,2698,2364,334
120000008,826,979,-153
120000009,1836,764,1072
120000010,1603,1621,-18
120000011,843,1163,-320
120000012,1168,1627,-459
120000013,2441,2105,336
120000014,642,950,-308
120000015,1793,1231,562
120000016,3011,1826,1185
120000017,2215,1946,269
120000018,2852,9030,-6178
120000019,874,1246,-372
120000020,2281,2554,-273
120000021,1498,1967,-469
120000022,2140,3371,-1231
120000023,928,1223,-295
120000024,1052,1956,-904
120000025,2261,1528,733
120000026,1967,1207,760
120000027,1881,1690,191
120000028,536,1155,-619
120000029,1575,849,726
120000030,231,856,-625
120000031,1663,4587,-2924
120000032,5347,2780,2567
120000033,3492,1276,2216
120000034,1839,1212,627
120000035,1754,1307,447
120000036,2175,3742,-1567
120000037,543,1246,-703
120000038,3877,2730,1147
120000039,495,772,-277
120000040,82,405,-323
120000041,1101,1302,-201
120000042,1407,1831,-424
120000043,3799,1119,2680
120000044,4632,1174,3458
120000045,5039,831,4208
120000046,2825,2208,617
120000047,710,3997,-3287
120000048,4923,3122,1801
120000049,2859,2269,590
120000050,2569,2698,-129
120000051,1945,2797,-852
120000052,5584,1633,3951
120000053,1191,1560,-369
120000054,1099,2615,-1516
120000055,1280,3254,-1974
120000056,3463,2605,858
120000057,2763,974,1789
120000058,2284,994,1290
120000059,8,1255,-1247
120000061,80,428,-348
120000062,166,289,-123
120000063,1128,1724,-596
120000064,198,727,-529
120000065,474,899,-425
120000066,170,253,-83
120000067,42,327,-285
120000068,183,521,-338
120000069,579,641,-62
120000070,98,479,-381
120000071,548,101,447
120000072,770,358,412
120000073,773,83,690
120000074,103,65,38
120000075,601,247,354
120000076,1921,462,1459
120000077,1694,623,1071
120000078,2900,1031,1869
120000079,450,372,78
120000080,291,277,14
120000081,442,136,306
120000082,266,276,-10
120000083,122,703,-581
120000084,273,241,32
120000085,263,293,-30
120000086,258,398,-140
120000087,264,394,-130
120000088,669,744,-75
120000089,1023,480,543
120000090,710,423,287
120000091,872,729,143
120000092,976,426,550
120000093,422,364,58
120000094,133,666,-533
120000095,820,296,524
120000096,262,468,-206
120000098,665,565,100
120000099,418,575,-157
120000100,617,648,-31
120000101,512,366,146
120000102,540,900,-360
120000103,1304,828,476
120000104,1584,438,1146
120000105,2572,611,1961
120000106,2121,651,1470
120000107,3683,541,3142
120000108,1238,146,1092
120000109,1021,62,959
120000110,80,676,-596
120000111,104,767,-663
120000112,641,1524,-883
120000113,532,1217,-685
120000114,795,1674,-879
120000115,306,1425,-1119
120000116,502,1182,-680
120000117,751,1058,-307
120000118,54,26,28
120000119,23,47,-24
120000120,54,52,2
120000121,23,70,-47
120000122,216,280,-64
120000123,2592,5006,-2414
120000124,356,258,98
120000125,408,404,4
120000126,267,853,-586
120000127,1443,914,529
120000128,2253,3148,-895
120000129,263,206,57
120000130,699,368,331
120000131,299,521,-222
120000134,340,610,-270
120000135,521,378,143
120000137,229,749,-520
120000138,997,290,707
120000139,268,405,-137
120000140,772,289,483
120000141,222,336,-114
120000142,502,421,81
120000143,1,82,-81
120000144,88,2,86
120000145,306,3,303
120000146,816,731,85
120000149,595,739,-144
120000150,2179,7674,-5495
120000151,333,287,46
120000152,449,109,340
120000153,227,341,-114
120000154,415,377,38
120000155,110,217,-107
120000156,648,722,-74
120000157,781,492,289
120000158,704,600,104
120000159,1406,1668,-262
120000160,1719,1340,379
120000161,1830,1562,268
120000162,87,222,-135
120000163,676,853,-177
120000164,533,245,288
120000165,649,610,39
120000166,1615,373,1242
120000167,162,104,58
120000168,10,322,-312
120000169,46,1221,-1175
120000170,46,871,-825
120000171,25,307,-282
120000172,28,242,-214
120000173,1820,1151,669
120000174,249,29,220
120000175,136,42,94
120000176,130,45,85
120000177,720,108,612
120000178,45,29,16
120000179,102,42,60
120000180,224,59,165
120000181,87,733,-646
120000182,41,452,-411
120000183,8,253,-245
120000184,101,865,-764
120000186,28,640,-612
120000187,36,285,-249
120000188,60,409,-349
120000190,598,57,541
120000191,447,92,355
120000192,429,39,390
120000193,208,13,195
120000195,35,2,33
120000196,148,26,122
120000197,37,79,-42
120000198,114,56,58
120000199,82,0,82
120000200,149,0,149
120000201,16,26,-10
120000202,4,39,-35
120000203,34,121,-87
120000207,0,36,-36
120000208,11,98,-87
120000209,4,33,-29
120000210,49,41,8
120000211,121,0,121
120000212,167,0,167
120000213,147,127,20
120000214,3,148,-145
120000215,1,89,-88
120000216,63,15,48
120000217,347,930,-583
120000218,103,524,-421
120000219,6,294,-288
120000220,4,912,-908
120000225,1482,5,1477
120000226,336,5,331
120000227,702,40,662
120000228,7313,2531,4782
120000230,304,26,278
120000231,1144,1288,-144
120000233,224,1,223
120000235,225,483,-258
120000236,720,1,719
120000237,1,949,-948
120000238,6,762,-756
120000241,907,2644,-1737
120000412,396,9,387
120000413,163,135,28
120000414,107,1,106
120000415,0,60,-60
120000416,70,1,69
120000417,2,103,-101
120000418,96,8,88
120000419,4,124,-120
120000420,48,18,30
120000421,6137,3837,2300
120000422,115,1312,-1197
120000423,1,44,-43
120000424,78,91,-13
120000436,99,617,-518
120000437,124,85,39
120000438,1619,171,1448
120000439,240,373,-133
120000443,157,4,153
120000444,1369,328,1041
120000445,1423,824,599
120000446,629,187,442
120000447,141,0,141
120000449,71,3,68
120000450,17,172,-155
120000451,108,178,-70
120000452,226,2,224
120000453,0,131,-131
120000454,91,32,59
120000455,71,32,39
120000456,1640,2956,-1316
120000457,660,404,256
120000458,366,475,-109
120000459,70,55,15
120000665,365,216,149
120000668,73,762,-689
120000669,83,130,-47
120000670,136,737,-601
120000671,1013,427,586
120000672,99,505,-406
120900001,54,97,-43
120900002,125,223,-98
120900003,133,15,118
120900004,3,48,-45
120900005,20,955,-935
120900006,366,219,147
120900007,119,48,71
120900008,256,823,-567
120900009,524,24,500
120900010,398,97,301
120900011,161,173,-12
120900012,141,861,-720
120900013,241,104,137
120900014,3,245,-242
120900015,602,99,503
120900016,837,82,755
120900017,1329,37,1292
120900018,106,254,-148
120900019,494,374,120
120900020,552,1060,-508
120900021,613,181,432
120900022,14,201,-187
120900023,299,33,266
120900024,1302,381,921
120900025,1070,865,205
120900026,105,99,6
120900027,672,15,657
120900028,365,96,269
120900029,100,473,-373
120900030,1210,629,581
120900031,225,125,100
120900032,1131,61,1070
120900033,937,71,866
120900034,34,1861,-1827
120900035,34,32,2
120900037,187,7,180
120900038,54,297,-243
120900039,64,48,16
120900040,249,9,240
120900041,96,14,82
120900042,522,41,481
120900043,51,23,28
120900044,17,247,-230
120900045,112,53,59
120900046,361,9,352
120900047,174,81,93
120900048,100,40,60
120900049,434,2,432
120900050,1215,1135,80
120900051,299,74,225
120900052,525,4,521
120900053,199,28,171
120900054,1199,290,909
120900055,395,1,394
120900056,507,14,493
120900057,121,18,103
120900058,573,0,573
120900059,100,6,94
120900060,41,13,28
120900061,163,115,48
120900062,303,1,302
120900063,641,9,632
120900064,559,2,557
120900065,561,0,561
120900066,177,61,116
120900067,170,35,135
120900068,320,0,320
120900069,157,16,141
120900071,6,0,6
120900072,682,4,678
120900073,491,35,456
120900074,358,2,356
120900076,327,1,326
120900077,1443,129,1314
120900078,779,780,-1
120900079,505,92,413
120900080,881,1111,-230
120900081,984,177,807
120900082,329,320,9
120900083,90,0,90
120900084,244,414,-170
120900085,75,165,-90
120900086,65,277,-212
120900087,376,387,-11
120900088,152,350,-198
120900089,1867,2402,-535
120900090,251,76,175
120900091,576,842,-266
120900092,859,273,586
120900093,1458,92,1366
120900094,347,116,231
120900095,258,15,243
120900096,26,74,-48
120900097,625,485,140
120900098,173,83,90
120900099,50,27,23
120900100,46,162,-116
120900101,441,139,302
120900102,36,71,-35
120900103,36,173,-137
120900104,41,40,1
120900105,35,356,-321
120900106,982,348,634
120900107,152,103,49
120900108,5,411,-406
120900109,44,313,-269
120900110,4,486,-482
120900111,136,240,-104
120900112,10,576,-566
120900113,9,540,-531
120900114,27,82,-55
120900115,102,248,-146
120900116,347,242,105
120900117,1,288,-287
120900118,22,463,-441
120900119,3857,2723,1134
120900120,62,329,-267
120900121,48,280,-232
120900122,375,248,127
120900123,7,241,-234
120900124,2,382,-380
120900125,4,439,-435
120900126,946,586,360
120900127,8,317,-309
120900128,874,941,-67
120900129,25,172,-147
120900130,0,144,-144
120900131,51,47,4
120900132,958,159,799
120900133,72,489,-417
120900134,631,253,378
120900135,0,307,-307
120900136,36,40,-4
120900137,186,52,134
120900138,6,146,-140
120900139,2,329,-327
120900140,5,66,-61
120900141,83,106,-23
120900142,13,273,-260
120900143,0,434,-434
120900144,0,62,-62
120900145,120,640,-520
120900146,1,473,-472
120900147,47,290,-243
120900148,76,133,-57
120900149,0,138,-138
120900150,47,333,-286
120900151,44,348,-304
120900152,222,20,202
120900153,61,53,8
120900154,2,160,-158
120900155,191,628,-437
120900156,208,252,-44
120900157,61,195,-134
120900158,68,378,-310
120900159,192,387,-195
120900160,15,442,-427
120900161,43,355,-312
120900162,72,446,-374
120900163,76,538,-462
120900164,0,29,-29
120900165,38,123,-85
120900166,33,420,-387
120900167,214,79,135
120900169,58,205,-147
120900170,670,2362,-1692
120900171,541,149,392
120900172,280,981,-701
120900173,5,38,-33
120900174,5,48,-43
120900175,209,85,124
120900176,18,304,-286
120900177,2,1008,-1006
120900178,1,289,-288
120900179,594,329,265
120900180,54,101,-47
120900181,54,27,27
120900182,26,222,-196
120900183,378,39,339
120900184,242,28,214
120900185,8,251,-243
120900186,1,336,-335
120900187,392,783,-391
120900188,167,5,162
120900189,77,1339,-1262
120900190,73,7,66
120900191,23,3,20
120900192,5607,6496,-889
120900194,49,50,-1
120900195,97,186,-89
120900196,561,33,528
120900197,602,107,495
120900198,188,388,-200
120900199,344,369,-25
120900200,60,92,-32
120900201,297,107,190
120900202,0,83,-83
120900203,28,92,-64
120900204,141,155,-14
120900205,42,16,26
120900206,18,23,-5
120900207,43,783,-740
121000001,482,763,-281
121000002,1629,968,661
121000003,1803,1310,493
121000004,1846,2277,-431
121000005,1274,1901,-627
121000006,2187,1350,837
121000007,1949,2310,-361
121000008,3730,2730,1000
121000009,3366,3862,-496
121000010,5668,4534,1134
121000011,5769,8531,-2762
121000012,11237,7443,3794
121000013,3715,4834,-1119
121000014,4655,4045,610
121000015,2954,5407,-2453
121000016,3337,2701,636
121000017,1401,2587,-1186
121000018,1936,1209,727
121000019,11682,9251,2431
121000020,10378,13599,-3221
121000021,2058,2175,-117
121000022,2006,2641,-635
121000023,2855,2130,725
121000024,4002,3987,15
121000025,330,1033,-703
121000026,291,133,158
121000027,1102,838,264
121000028,706,441,265
121000029,700,441,259
121000030,524,295,229
121000031,535,499,36
121000032,193,118,75
121000034,232,170,62
121000035,139,112,27
121000036,825,654,171
121000037,445,422,23
121000038,381,734,-353
121000039,263,327,-64
121000041,460,430,30
121000042,219,328,-109
121000043,534,462,72
121000044,1208,720,488
121000045,328,222,106
121000046,594,611,-17
121000047,306,304,2
121000049,1109,455,654
121000050,294,926,-632
121000051,559,262,297
121000052,398,522,-124
121000053,309,62,247
121000054,21,314,-293
121000055,974,939,35
121000056,583,771,-188
121000057,206,410,-204
121000058,527,300,227
121000059,1768,989,779
121000060,417,711,-294
121000061,76,329,-253
121000062,110,275,-165
121000063,790,736,54
121000064,687,701,-14
121000065,293,413,-120
121000066,656,530,126
121000067,456,534,-78
121000068,562,285,277
121000069,481,960,-479
121000070,1257,1104,153
121000071,1118,1135,-17
121000072,858,601,257
121000073,908,901,7
121000074,115,163,-48
121000075,47,608,-561
121000076,597,419,178
121000077,95,222,-127
121000078,113,115,-2
121000080,1468,503,965
121000081,2984,2181,803
121000082,106,208,-102
121000083,176,130,46
121000084,232,254,-22
121000085,253,395,-142
121000086,234,585,-351
121000087,60,236,-176
121000088,421,389,32
121000089,238,350,-112
121000090,351,326,25
121000091,1079,671,408
121000092,191,65,126
121000093,205,174,31
121000094,411,540,-129
121000095,259,491,-232
121000096,2030,1604,426
121000097,572,1663,-1091
121000098,581,919,-338
121000099,683,663,20
121000100,946,328,618
121000101,477,300,177
121000102,266,210,56
121000103,198,254,-56
121000104,209,105,104
121000105,328,155,173
121000106,265,321,-56
121000107,1491,1966,-475
121000109,789,734,55
121000110,173,610,-437
121000114,2058,1631,427
121000115,761,417,344
121000116,211,582,-371
121000117,447,200,247
121000118,1247,167,1080
121000119,219,353,-134
121000120,243,420,-177
121000121,403,1178,-775
121000123,1060,540,520
121000127,129,74,55
121000128,976,382,594
121000129,731,444,287
121000130,497,648,-151
121000131,1483,1455,28
121000132,1303,1323,-20
121000135,287,323,-36
121000136,684,896,-212
121000137,414,258,156
121000138,559,1149,-590
121000139,224,441,-217
121000141,179,88,91
121000142,636,1024,-388
121000143,80,17,63
121000144,663,1501,-838
121000145,520,733,-213
121000146,1172,880,292
121000147,987,431,556
121000148,725,807,-82
121000149,1973,1175,798
121000152,314,449,-135
121000153,1392,471,921
121000154,1040,490,550
121000155,1376,869,507
121000156,369,885,-516
121000157,725,1111,-386
121000158,308,329,-21
121000159,205,306,-101
121000160,283,263,20
121000161,215,214,1
121000162,91,95,-4
121000165,996,1515,-519
121000166,23,402,-379
121000168,369,197,172
121000169,43,83,-40
121000170,297,86,211
121000171,133,103,30
121000172,588,524,64
121000173,1052,912,140
121000174,368,365,3
121000175,934,253,681
121000176,301,204,97
121000177,636,440,196
121000178,84,58,26
121000179,52,58,-6
121000181,317,290,27
121000182,138,240,-102
121000183,79,92,-13
121000184,53,119,-66
121000185,46,169,-123
121000186,198,517,-319
121000187,168,98,70
121000188,200,103,97
121000192,760,349,411
121000193,564,493,71
121000194,1686,1637,49
121000195,151,660,-509
121000196,443,195,248
121000197,123,463,-340
121000198,156,96,60
121000199,83,221,-138
121000200,400,65,335
121000201,7,131,-124
121000202,594,99,495
121000203,619,1297,-678
121000204,2335,508,1827
121000205,65,125,-60
121000206,69,25,44
121000207,1642,299,1343
121000208,1,169,-168
121000209,427,175,252
121000210,580,312,268
121000211,241,108,133
121000212,506,339,167
121000213,6419,2008,4411
121000214,730,1439,-709
121000215,764,712,52
121000216,380,512,-132
121000217,2849,2082,767
121000218,329,1169,-840
121000219,1091,352,739
121000220,121,43,78
121000221,97,177,-80
121000222,1631,1547,84
121000223,361,377,-16
121000224,251,243,8
121000225,753,1435,-682
121000226,1327,841,486
121000227,11,156,-145
121000228,26,389,-363
121000229,268,284,-16
121000230,47,1082,-1035
121000231,884,22,862
121000232,311,240,71
121000233,457,284,173
121000234,12,43,-31
121000235,54,51,3
121000236,10,34,-24
121000237,44,8,36
121000238,6,59,-53
121000239,37,1,36
121000240,8,107,-99
121000241,54,12,42
121000242,45,409,-364
121000243,475,112,363
121000244,17,60,-43
121000245,99,13,86
121000246,1,58,-57
121000247,120,6,114
121000248,812,498,314
121000249,76,176,-100
121000250,413,180,233
121000251,8,215,-207
121000252,83,53,30
121000253,250,240,10
121000254,620,158,462
121000255,100,177,-77
121000256,280,143,137
121000257,14,76,-62
121000258,92,74,18
121000259,43,46,-3
121000260,55,57,-2
121000261,69,40,29
121000262,846,473,373
121000263,428,410,18
121000271,233,971,-738
121000273,48,6,42
121000274,8,51,-43
121000275,3,10,-7
121000276,4,15,-11
121000278,44,9,35
121000289,180,18,162
121000290,824,625,199
121000294,105,95,10
121000297,552,818,-266
121000299,84,455,-371
121000300,717,782,-65
121000302,41,644,-603
121000303,422,272,150
121000304,429,50,379
121000305,216,138,78
121000306,101,89,12
121000308,114,225,-111
121000309,362,526,-164
121000310,122,259,-137
121000311,89,498,-409
121000312,308,179,129
121000313,198,316,-118
121000314,110,112,-2
121000315,27,76,-49
121000530,1359,1011,348
121000531,1463,1114,349
121000532,5310,5837,-527
121000533,2643,2768,-125
121000918,42,106,-64
121000919,44,65,-21
121000938,120,174,-54
121000939,113,141,-28
121000956,1350,788,562
121000957,4,11,-7
121000958,15,22,-7
121000959,717,469,248
121000960,1163,1255,-92
121000961,238,89,149
121000962,262,424,-162
121000973,1,110,-109
121000976,7,101,-94
121000979,362,105,257
121000981,352,147,205
121000982,412,226,186
121000983,365,229,136
121000984,6,44,-38
121000985,665,350,315
121000986,265,125,140
121000987,189,584,-395
121000988,673,87,586
121001302,241,89,152
121001308,0,7,-7
121001309,33,66,-33
121001313,173,170,3
121001314,1457,1898,-441
121001315,3627,2477,1150
121001326,333,270,63
121001327,163,146,17
121001328,180,11,169
121900001,114,141,-27
121900002,37,21,16
121900003,426,8,418
121900004,72,260,-188
121900005,13,4,9
121900006,71,11,60
121900007,1228,1199,29
121900008,535,495,40
121900009,485,10,475
121900010,195,2,193
121900011,138,220,-82
121900012,1,1,0
121900013,841,73,768
121900014,945,254,691
121900015,174,126,48
121900016,0,24,-24
121900017,482,378,104
121900018,246,6,240
121900019,421,150,271
121900020,12,0,12
121900021,799,18,781
121900022,196,157,39
121900023,129,194,-65
121900024,202,80,122
121900025,433,326,107
121900026,243,28,215
121900027,272,89,183
121900028,161,13,148
121900029,93,183,-90
121900030,347,397,-50
121900031,650,4475,-3825
121900032,58,45,13
121900033,157,193,-36
121900034,194,81,113
121900035,2066,1506,560
121900036,76,225,-149
121900037,146,779,-633
121900038,27,80,-53
121900039,231,31,200
121900040,85,106,-21
121900041,91,163,-72
121900042,310,135,175
121900043,2,1,1
121900044,60,21,39
121900046,133,210,-77
121900047,203,56,147
121900048,34,77,-43
121900050,35,33,2
121900051,174,144,30
121900052,114,23,91
121900053,386,255,131
121900054,366,839,-473
121900055,0,5,-5
121900058,199,94,105
121900059,279,103,176
121900060,133,289,-156
121900062,147,62,85
121900063,957,411,546
121900064,225,433,-208
121900066,40,15,25
121900067,37,22,15
121900069,152,69,83
121900070,83,66,17
121900071,268,157,111
121900072,52,116,-64
121900073,227,218,9
121900074,530,707,-177
121900075,329,392,-63
121900076,316,502,-186
121900078,59,28,31
121900079,1,0,1
121900080,546,236,310
121900082,32,68,-36
121900084,12,57,-45
121900086,31,37,-6
121900087,132,110,22
121900088,1112,1803,-691
121900089,208,174,34
121900090,17,34,-17
121900091,64,46,18
121900092,53,106,-53
121900093,57,59,-2
121900094,17,4,13
121900095,250,130,120
121900096,726,720,6
121900097,522,111,411
121900098,1,0,1
121900099,194,46,148
121900100,119,365,-246
121900101,94,107,-13
121900102,6,84,-78
121900103,330,247,83
121900104,1188,255,933
121900105,210,172,38
121900106,6,4,2
121900107,53,18,35
121900108,3,10,-7
121900109,235,156,79
121900110,442,490,-48
121900111,365,174,191
121900112,103,102,1
121900113,63,331,-268
121900114,31,27,4
121900117,105,55,50
121900118,1210,467,743
121900119,120,83,37
121900120,34,798,-764
121900121,257,37,220
121900122,21,41,-20
121900123,165,270,-105
121900124,100,113,-13
121900125,1158,630,528
121900127,19,60,-41
121900128,61,58,3
121900129,393,160,233
121900130,80,181,-101
121900131,169,44,125
121900132,73,45,28
121900133,74,825,-751
121900134,25,137,-112
121900135,2259,221,2038
121900136,346,275,71
121900137,45,209,-164
121900138,50,106,-56
121900139,300,594,-294
121900140,53,131,-78
121900141,46,32,14
121900142,91,81,10
121900143,3,117,-114
121900144,107,223,-116
121900145,161,150,11
121900146,489,564,-75
121900147,54,137,-83
121900148,125,178,-53
121900149,194,355,-161
121900150,34,97,-63
121900151,57,206,-149
121900152,78,62,16
121900153,79,452,-373
121900154,9,193,-184
121900155,2,98,-96
121900156,121,85,36
121900157,1,230,-229
121900158,106,80,26
121900159,0,117,-117
121900160,6,210,-204
121900161,216,315,-99
121900162,106,174,-68
121900163,214,376,-162
121900164,289,209,80
121900165,185,118,67
121900166,156,123,33
121900167,74,89,-15
121900168,108,189,-81
121900169,4,184,-180
121900170,4,161,-157
121900171,567,395,172
121900172,483,115,368
121900173,497,191,306
121900174,32,45,-13
121900175,82,167,-85
121900176,474,1095,-621
121900177,177,79,98
121900178,29,32,-3
121900179,329,135,194
121900180,2066,3221,-1155
121900182,554,260,294
121900183,343,1061,-718
121900184,52,536,-484
121900186,4,202,-198
121900187,44,104,-60
121900188,335,241,94
121900189,21,92,-71
121900190,239,339,-100
121900191,83,172,-89
121900192,243,766,-523
121900193,39,128,-89
121900194,3,110,-107
121900195,64,69,-5
121900196,662,690,-28
121900197,205,1001,-796
121900198,895,686,209
121900199,3,24,-21
121900200,59,165,-106
121900201,680,505,175
121900202,96,487,-391
121900203,139,615,-476
121900204,569,781,-212
121900205,6,67,-61
121900206,14,27,-13
121900207,68,25,43
121900208,127,225,-98
121900209,53,32,21
121900210,987,742,245
121900211,293,336,-43
121900212,93,80,13
121900213,131,58,73
121900214,10,297,-287
121900215,52,53,-1
121900216,23,139,-116
121900217,152,100,52
121900218,118,296,-178
121900220,111,9,102
121900221,187,324,-137
121900222,127,92,35
121900223,125,36,89
121900224,77,29,48
121900225,55,82,-27
121900226,179,245,-66
121900227,193,469,-276
121900228,177,223,-46
121900230,51,242,-191
121900231,187,1727,-1540
121900232,145,221,-76
121900233,140,185,-45
121900234,239,152,87
121900235,398,98,300
121900236,253,127,126
121900237,184,179,5
121900238,141,217,-76
121900239,150,12,138
121900240,150,53,97
121900241,45,69,-24
121900242,6,0,6
121900243,12,0,12
121900244,15,1,14
121900245,154,34,120
121900246,1922,183,1739
121900248,965,1009,-44
121900250,173,306,-133
121900251,377,47,330
121900252,484,93,391
121900253,117,749,-632
121900254,391,211,180
121900255,347,49,298
121900258,2630,1357,1273
121900259,245,377,-132
121900260,67,77,-10
121900261,138,394,-256
121900262,236,643,-407
121900263,216,195,21
121900264,1059,797,262
121900265,272,140,132
121900266,459,103,356
121900267,87,33,54
121900269,151,600,-449
121900270,42,128,-86
121900271,38,75,-37
121900273,327,1250,-923
121900274,267,171,96
121900277,319,695,-376
121900278,62,656,-594
121900279,132,134,-2
121900280,64,198,-134
121900281,290,558,-268
121900284,43,5,38
121900286,109,50,59
121900287,13,20,-7
121900288,3,0,3
121900290,181,371,-190
121900291,288,529,-241
121900292,112,109,3
121900293,733,1910,-1177
121900294,202,1,201
121900295,103,122,-19
121900296,28,131,-103
121900298,174,570,-396
121900299,0,0,0
121900300,51,2,49
121900301,43,1,42
121900302,1,32,-31
121900303,157,224,-67
121900304,7,11,-4
121900305,1,8,-7
121900306,196,0,196
121900307,67,2,65
121900308,14,149,-135
121900309,13,172,-159
121900310,10,326,-316
121900311,400,30,370
121900312,313,7,306
121900313,343,10,333
121900314,5,27,-22
121900315,24,2,22
121900316,0,10,-10
121900317,13,5,8
121900318,0,18,-18
121900319,32,81,-49
121900320,32,28,4
121900321,25,1,24
121900322,1,14,-13
121900323,19,9,10
121900324,5,25,-20
121900325,24,1,23
121900326,5,13,-8
121900327,4,49,-45
121900328,0,18,-18
121900329,3,101,-98
121900330,0,31,-31
121900331,6,21,-15
121900332,86,15,71
121900333,28,1,27
121900334,65,59,6
122000001,1719,4569,-2850
122000002,3065,1295,1770
122000003,1367,2551,-1184
122000004,2144,1344,800
122000005,1867,1517,350
122000006,1157,871,286
122000007,804,1435,-631
122000008,2268,3090,-822
122000009,384,396,-12
122000010,1440,2237,-797
122000011,2332,1887,445
122000012,882,1349,-467
122000013,664,647,17
122000014,1454,763,691
122000015,946,693,253
122000016,367,562,-195
122000017,846,732,114
122000018,924,994,-70
122000019,626,806,-180
122000020,149,162,-13
122000021,199,320,-121
122000022,832,682,150
122000023,558,1052,-494
122000024,498,1080,-582
122000025,648,1315,-667
122000026,655,1040,-385
122000027,453,1236,-783
122000028,645,342,303
122000029,280,333,-53
122000030,170,95,75
122000031,155,237,-82
122000032,1323,1319,4
122000033,416,1029,-613
122000034,354,424,-70
122000035,185,467,-282
122000036,429,412,17
122000037,235,175,60
122000038,210,262,-52
122000039,470,309,161
122000040,129,175,-46
122000041,392,461,-69
122000042,301,385,-84
122000043,90,96,-6
122000044,86,105,-19
122000045,967,398,569
122000046,617,533,84
122000047,149,171,-22
122000048,2444,3381,-937
122000049,4108,2667,1441
122000050,978,694,284
122000051,220,264,-44
122000052,374,419,-45
122000053,152,755,-603
122000054,1749,1512,237
122000055,1559,2756,-1197
122000056,3272,2525,747
122000057,2379,2967,-588
122000058,1664,1426,238
122000059,1802,1764,38
122000060,457,676,-219
122000061,383,481,-98
122000062,685,249,436
122000063,746,604,142
122000064,2475,2558,-83
122000065,2612,1803,809
122000066,301,417,-116
122000067,1108,887,221
122000068,976,806,170
122000069,686,689,-3
122000070,590,995,-405
122000071,1419,904,515
122000072,300,306,-6
122000073,258,608,-350
122000074,2361,1282,1079
122000075,675,922,-247
122000076,2059,914,1145
122000077,733,843,-110
122000078,1229,2376,-1147
122000079,596,1143,-547
122000080,508,346,162
122000081,130,172,-42
122000082,438,712,-274
122000083,1256,1110,146
122000084,989,589,400
122000085,191,655,-464
122000086,1899,3609,-1710
122000087,308,209,99
122000088,186,235,-49
122000089,3490,1858,1632
122000090,139,388,-249
122000091,97,86,11
122000092,71,11,60
122000093,1089,1622,-533
122000094,3799,2084,1715
122000095,1354,2522,-1168
122000096,1318,1191,127
122000098,1960,1908,52
122000099,1100,700,400
122000100,693,488,205
122000101,273,540,-267
122000102,1581,862,719
122000103,1531,1270,261
122000104,406,159,247
122000105,662,242,420
122000106,406,540,-134
122000107,849,342,507
122000108,314,544,-230
122000109,373,222,151
122000110,319,362,-43
122000111,1716,972,744
122000112,781,973,-192
122000113,524,524,0
122000114,1659,1060,599
122000115,1116,834,282
122000116,389,457,-68
122000117,1072,403,669
122000118,490,804,-314
122000119,2845,2144,701
122000120,1846,4334,-2488
122000121,2124,2656,-532
122000122,602,1379,-777
122000123,1696,1524,172
122000124,820,478,342
122000125,501,628,-127
122000126,439,808,-369
122000127,821,1226,-405
122000128,459,620,-161
122000129,418,1214,-796
122000130,2952,1430,1522
122000131,1243,1378,-135
122000132,540,489,51
122000133,729,925,-196
122000134,858,800,58
122000135,667,574,93
122000136,824,678,146
122000137,1353,625,728
122000139,866,2760,-1894
122000140,549,434,115
122000141,2518,736,1782
122000142,214,821,-607
122000143,434,631,-197
122000144,1396,1350,46
122000145,841,737,104
122000146,469,1140,-671
122000147,608,598,10
122000148,1091,1370,-279
122000149,1706,1394,312
122000150,977,917,60
122000151,145,382,-237
122000152,335,325,10
122000153,309,367,-58
122000154,207,204,3
122000155,1152,1971,-819
122000156,1438,1798,-360
122000157,842,1647,-805
122000158,315,664,-349
122000159,782,1777,-995
122000160,3281,3006,275
122000161,982,1047,-65
122000162,1625,1617,8
122000163,192,58,134
122000164,37,74,-37
122000165,457,530,-73
122000166,600,964,-364
122000167,150,163,-13
122000168,149,402,-253
122000169,267,142,125
122000170,294,193,101
122000171,28,55,-27
122000172,1301,961,340
122000173,975,1449,-474
122000174,1396,685,711
122000175,665,178,487
122000176,225,608,-383
122000177,998,1067,-69
122000178,2135,1783,352
122000179,1124,1543,-419
122000180,1066,954,112
122000181,1091,2067,-976
122000182,1093,1234,-141
122000183,1726,900,826
122000184,1958,1817,141
122000185,1030,1389,-359
122000186,397,623,-226
122000187,1588,871,717
122000188,391,160,231
122000189,185,213,-28
122000190,652,899,-247
122000191,615,419,196
122000192,774,262,512
122000193,284,569,-285
122000194,344,163,181
122000195,142,391,-249
122000196,891,515,376
122000197,458,487,-29
122000198,353,692,-339
122000199,278,255,23
122000200,715,439,276
122000201,862,1230,-368
122000202,814,1019,-205
122000203,2095,1083,1012
122000204,1321,1460,-139
122000205,1185,1072,113
122000206,2291,952,1339
122000207,1387,1332,55
122000208,1712,1189,523
122000209,1360,288,1072
122000210,2036,1326,710
122000211,1112,1113,-1
122000212,727,503,224
122000213,838,1183,-345
122000214,1678,1332,346
122000215,1518,1221,297
122000217,1380,1066,314
122000218,629,80,549
122000219,1024,740,284
122000220,359,548,-189
122000221,104,300,-196
122000222,490,142,348
122000223,1065,513,552
122000225,610,270,340
122000226,1371,1384,-13
122000227,316,1749,-1433
122000228,312,281,31
122000229,29,384,-355
122000230,76,359,-283
122000231,212,639,-427
122000232,400,712,-312
122000233,0,61,-61
122000234,377,76,301
122000235,858,158,700
122000236,1015,88,927
122000237,118,78,40
122000238,278,268,10
122000239,546,143,403
122000240,1053,457,596
122000241,1712,344,1368
122000242,561,113,448
122000243,297,60,237
122000244,62,320,-258
122000245,136,194,-58
122000246,464,160,304
122000247,417,528,-111
122000248,853,1124,-271
122000249,1126,754,372
122000250,2015,968,1047
122000251,160,415,-255
122000252,376,131,245
122000253,49,182,-133
122000254,234,63,171
122000255,447,1065,-618
122000256,276,532,-256
122000257,169,180,-11
122000258,265,205,60
122000259,26,465,-439
122000260,176,579,-403
122000261,10,179,-169
122000262,5,46,-41
122000263,280,152,128
122000264,1092,307,785
122000265,1924,687,1237
122000266,3238,543,2695
122000267,192,140,52
122000268,115,284,-169
122000269,706,247,459
122000270,445,156,289
122000271,245,599,-354
122000272,301,732,-431
122000273,464,315,149
122000274,192,222,-30
122000275,377,238,139
122000276,776,409,367
122000277,1140,1411,-271
122000278,1759,597,1162
122000279,205,381,-176
122000280,618,512,106
122000281,675,548,127
122000282,146,420,-274
122000283,163,111,52
122000284,136,75,61
122000285,299,65,234
122000286,64,160,-96
122000287,1078,1097,-19
122000288,484,218,266
122000291,1666,553,1113
122000293,168,191,-23
122000294,133,184,-51
122000295,1055,170,885
122000296,30,511,-481
122000297,1775,2684,-909
122000299,491,263,228
122000300,393,464,-71
122000301,5871,2543,3328
122000302,469,1338,-869
122000303,2265,953,1312
122000304,39,138,-99
122000305,978,407,571
122000306,43,378,-335
122000307,91,85,6
122000309,45,38,7
122000310,21,88,-67
122000311,149,115,34
122000312,114,141,-27
122000313,83,80,3
122000314,96,141,-45
122000315,232,32,200
122000316,675,183,492
122000317,1281,244,1037
122000318,165,369,-204
122000319,168,224,-56
122000320,239,793,-554
122000321,93,124,-31
122000322,1620,1648,-28
122000323,962,1757,-795
122000324,893,1073,-180
122000325,696,1350,-654
122000326,143,81,62
122000327,525,822,-297
122000328,751,547,204
122000330,1583,779,804
122000333,13,95,-82
122000337,839,989,-150
122000338,357,242,115
122000340,274,468,-194
122000342,1301,695,606
122000343,365,803,-438
122000344,62,17,45
122000345,298,114,184
122000346,243,268,-25
122000348,625,480,145
122000349,114,510,-396
122000351,122,138,-16
122000352,203,143,60
122000353,82,60,22
122000355,129,311,-182
122000356,778,879,-101
122000357,59,26,33
122000358,4,37,-33
122000359,0,12,-12
122000360,0,28,-28
122000362,2,67,-65
122000364,197,203,-6
122000365,3,26,-23
122000366,21,8,13
122000368,352,478,-126
122000370,36,35,1
122000371,22,0,22
122000372,5,0,5
122000381,91,221,-130
122000382,86,296,-210
122000384,1508,825,683
122000385,40,2,38
122000386,220,928,-708
122000387,349,497,-148
122000388,1019,535,484
122000389,121,471,-350
122000390,309,187,122
122000391,207,124,83
122000392,149,178,-29
122000393,283,317,-34
122000394,392,157,235
122000395,121,133,-12
122000396,208,72,136
122000397,34,41,-7
122000398,18,32,-14
122000399,197,72,125
122000400,82,488,-406
122000401,124,74,50
122000402,281,101,180
122000403,391,553,-162
122000404,144,171,-27
122000408,623,877,-254
122000503,14,80,-66
122000524,166,97,69
122000544,82,1701,-1619
122000614,406,377,29
122000616,176,2,174
122000640,74,87,-13
122000641,109,155,-46
122000642,962,599,363
122000643,37,137,-100
122000644,123,58,65
122000645,62,110,-48
122000651,804,804,0
122000664,147,39,108
122000665,1030,442,588
122000666,665,912,-247
122000673,25,125,-100
122000674,196,56,140
122000675,1624,571,1053
122000686,350,678,-328
122000687,1111,253,858
122000688,226,363,-137
122000689,866,274,592
122000690,2049,299,1750
122000691,685,1052,-367
122000692,1090,273,817
122000693,292,1017,-725
122000695,311,243,68
122000696,410,178,232
122000698,390,325,65
122000699,168,45,123
122000701,1221,238,983
122000702,400,741,-341
122000703,104,42,62
122000712,0,0,0
122000717,104,52,52
122000718,631,1539,-908
122000719,91,67,24
122000720,578,151,427
122000724,244,263,-19
122900001,44,6,38
122900002,845,3765,-2920
122900003,303,30,273
122900004,942,36,906
122900005,72,64,8
122900006,238,513,-275
122900007,89,83,6
122900008,244,183,61
122900009,462,346,116
122900010,177,71,106
122900012,218,306,-88
122900014,107,123,-16
122900015,941,727,214
122900016,108,137,-29
122900017,281,565,-284
122900018,131,13,118
122900020,128,274,-146
122900021,43,260,-217
122900022,746,715,31
122900023,274,94,180
122900024,87,88,-1
122900025,2,221,-219
122900026,41,197,-156
122900027,26,434,-408
122900028,86,100,-14
122900029,2988,2119,869
122900030,790,371,419
122900031,57,214,-157
122900032,98,284,-186
122900033,142,93,49
122900034,2818,3391,-573
122900035,5,16,-11
122900036,32,42,-10
122900037,278,92,186
122900038,65,2093,-2028
122900039,91,340,-249
122900040,167,339,-172
122900041,164,349,-185
122900042,143,251,-108
122900043,222,129,93
122900044,101,223,-122
122900045,103,80,23
122900046,107,315,-208
122900047,83,171,-88
122900048,50,117,-67
122900049,1144,92,1052
122900051,89,75,14
122900052,104,139,-35
122900053,25,29,-4
122900055,194,46,148
122900057,151,36,115
122900061,324,132,192
122900062,457,428,29
122900063,122,139,-17
122900064,586,247,339
122900065,416,195,221
122900066,556,247,309
122900067,597,377,220
122900069,284,806,-522
122900070,295,34,261
122900071,85,247,-162
122900073,26,155,-129
122900074,581,314,267
122900075,1,43,-42
122900076,6,144,-138
122900077,5,69,-64
122900078,160,49,111
122900080,34,29,5
122900081,115,97,18
122900082,800,143,657
122900083,160,94,66
122900084,7,141,-134
122900086,12,67,-55
122900087,304,314,-10
122900088,40,143,-103
122900089,109,212,-103
122900090,10,296,-286
122900091,270,0,270
122900092,0,60,-60
122900093,1,147,-146
122900094,3,135,-132
122900095,140,19,121
122900096,207,135,72
122900097,29,43,-14
122900098,56,105,-49
122900099,56,12,44
122900100,88,178,-90
122900101,437,188,249
122900102,18,28,-10
122900103,177,13,164
122900104,244,5,239
122900105,17,7,10
122900106,2,68,-66
122900107,0,88,-88
122900108,3,169,-166
122900109,161,76,85
123000001,806,355,451
123000002,2499,4273,-1774
123000003,3128,3655,-527
123000004,2403,3037,-634
123000005,2146,2227,-81
123000006,1711,1832,-121
123000007,3711,2371,1340
123000008,2246,2396,-150
123000009,3473,2122,1351
123000010,2425,2593,-168
123000011,1667,666,1001
123000012,607,1529,-922
123000013,2635,766,1869
123000014,600,2277,-1677
123000015,2100,793,1307
123000016,2620,2757,-137
123000017,3232,1725,1507
123000018,71,67,4
123000019,365,132,233
123000020,224,42,182
123000021,127,110,17
123000022,257,1255,-998
123000023,1296,1492,-196
123000024,1506,685,821
123000025,223,117,106
123000026,56,90,-34
123000027,95,461,-366
123000028,732,1455,-723
123000029,544,1332,-788
123000030,223,221,2
123000031,274,160,114
123000032,424,104,320
123000033,219,63,156
123000034,1000,617,383
123000035,349,294,55
123000036,186,745,-559
123000037,199,227,-28
123000038,68,206,-138
123000039,345,1342,-997
123000040,599,283,316
123000041,1010,1011,-1
123000042,646,479,167
123000043,2049,7711,-5662
123000044,3140,1900,1240
123000045,4481,2192,2289
123000046,436,1278,-842
123000047,1192,987,205
123000048,54,802,-748
123000049,4319,7102,-2783
123000050,1334,1310,24
123000051,127,163,-36
123000052,720,2777,-2057
123000053,2118,2445,-327
123000054,1313,1051,262
123000055,1023,1757,-734
123000056,1013,1164,-151
123000057,6349,4835,1514
123000058,516,819,-303
123000059,330,454,-124
123000060,750,303,447
123000061,245,570,-325
123000063,625,761,-136
123000064,698,211,487
123000065,2551,1753,798
123000066,505,424,81
123000067,1001,668,333
123000068,2055,2052,3
123000069,4564,2122,2442
123000070,196,527,-331
123000071,940,626,314
123000072,953,568,385
123000073,1181,611,570
123000074,964,685,279
123000075,288,928,-640
123000076,697,522,175
123000077,1783,1677,106
123000078,1364,1156,208
123000079,1458,1225,233
123000080,1822,1044,778
123000081,126,202,-76
123000082,294,819,-525
123000083,694,263,431
123000084,589,417,172
123000085,291,79,212
123000086,443,135,308
123000087,249,196,53
123000088,925,515,410
123000089,490,785,-295
123000090,881,709,172
123000091,1158,1127,31
123000092,874,862,12
123000094,409,134,275
123000095,372,475,-103
123000096,662,243,419
123000097,414,482,-68
123000098,752,411,341
123000099,539,543,-4
123000100,368,504,-136
123000101,375,432,-57
123000102,393,541,-148
123000104,316,377,-61
123000105,358,385,-27
123000106,489,462,27
123000107,332,522,-190
123000108,587,1123,-536
123000111,616,300,316
123000112,960,372,588
123000113,482,776,-294
123000114,337,562,-225
123000115,211,264,-53
123000116,53,98,-45
123000117,1251,1233,18
123000118,459,478,-19
123000119,226,490,-264
123000120,247,545,-298
123000121,375,417,-42
123000122,280,182,98
123000123,424,464,-40
123000124,421,349,72
123000125,809,1188,-379
123000126,904,3446,-2542
123000127,580,545,35
123000128,229,229,0
123000129,623,157,466
123000130,507,70,437
123000131,666,626,40
123000132,285,438,-153
123000133,164,296,-132
123000134,332,137,195
123000135,1999,945,1054
123000136,121,450,-329
123000137,73,201,-128
123000138,62,224,-162
123000139,486,84,402
123000140,99,513,-414
123000141,562,104,458
123000142,985,850,135
123000143,753,1432,-679
123000144,22,24,-2
123000145,107,123,-16
123000146,22,50,-28
123000147,62,102,-40
123000149,342,315,27
123000150,136,222,-86
123000151,188,455,-267
123000152,59,346,-287
123000153,157,640,-483
123000154,1117,1548,-431
123000155,1557,982,575
123000156,26,84,-58
123000157,657,657,0
123000158,449,702,-253
123000159,2434,2248,186
123000160,873,741,132
123000161,1402,893,509
123000162,893,1257,-364
123000163,432,118,314
123000164,1228,290,938
123000165,393,986,-593
123000166,33,72,-39
123000167,179,210,-31
123000168,221,138,83
123000169,619,117,502
123000170,82,74,8
123000171,556,19,537
123000172,145,306,-161
123000173,476,242,234
123000174,841,307,534
123000175,390,732,-342
123000176,843,235,608
123000177,248,594,-346
123000178,632,140,492
123000179,43,355,-312
123000180,1351,264,1087
123000181,235,923,-688
123000182,174,150,24
123000183,148,457,-309
123000184,80,307,-227
123000185,651,296,355
123000186,70,423,-353
123000187,467,14,453
123000188,268,66,202
123000189,110,175,-65
123000190,52,222,-170
123000192,32,221,-189
123000193,129,595,-466
123000194,295,243,52
123000195,300,61,239
123000196,342,220,122
123000197,147,101,46
123000198,40,533,-493
123000199,33,542,-509
123000200,467,34,433
123000201,1105,56,1049
123000202,62,525,-463
123000203,783,84,699
123000204,95,705,-610
123000205,423,998,-575
123000206,1850,290,1560
123000207,77,604,-527
123000208,437,171,266
123000209,1852,546,1306
123000210,410,1381,-971
123000211,460,1450,-990
123000212,2490,454,2036
123000213,516,129,387
123000215,45,144,-99
123000216,98,488,-390
123000217,210,28,182
123000218,46,425,-379
123000219,534,112,422
123000220,426,68,358
123000221,144,52,92
123000222,325,171,154
123000223,218,189,29
123000224,332,268,64
123000225,211,33,178
123000226,45,238,-193
123000227,60,184,-124
123000228,210,40,170
123000229,727,1055,-328
123000232,66,386,-320
123000233,558,116,442
123000234,148,452,-304
123000235,928,220,708
123000236,207,475,-268
123000237,285,77,208
123000238,53,307,-254
123000239,305,778,-473
123000240,53,360,-307
123000241,325,48,277
123000242,99,126,-27
123000243,573,616,-43
123000244,630,596,34
123000245,36,130,-94
123000249,292,391,-99
123000252,778,162,616
123000253,1097,462,635
123000254,525,534,-9
123000255,871,597,274
123000256,25,157,-132
123000257,1776,1175,601
123000258,637,556,81
123000259,242,297,-55
123000260,442,248,194
123000261,137,82,55
123000262,98,133,-35
123000263,366,69,297
123000264,188,65,123
123000265,58,108,-50
123000266,448,486,-38
123000267,520,289,231
123000268,62,60,2
123000269,56,74,-18
123000270,20,52,-32
123000271,62,64,-2
123000272,645,246,399
123000273,258,415,-157
123000274,1012,483,529
123000275,200,551,-351
123000278,1553,1909,-356
123000279,108,85,23
123000280,295,209,86
123000281,199,82,117
123000282,66,217,-151
123000283,108,47,61
123000284,67,46,21
123000286,136,301,-165
123000287,373,185,188
123000288,1045,721,324
123000289,322,705,-383
123000291,169,594,-425
123000294,190,231,-41
123000295,782,653,129
123000296,603,276,327
123000297,709,421,288
123000298,556,257,299
123000299,188,283,-95
123000300,789,765,24
123000301,94,193,-99
123000302,122,114,8
123000303,78,228,-150
123000305,621,709,-88
123000306,119,105,14
123000309,63,47,16
123000310,57,40,17
123000311,18,125,-107
123000312,534,466,68
123000313,522,402,120
123000315,216,203,13
123000316,39,25,14
123000317,189,46,143
123000318,64,143,-79
123000329,18,20,-2
123000337,781,415,366
123000338,259,82,177
123000339,156,85,71
123000340,90,258,-168
123000342,9,90,-81
123000343,27,0,27
123000344,966,393,573
123000345,333,454,-121
123000346,393,58,335
123000352,751,645,106
123000353,64,112,-48
123000354,680,11,669
123000355,0,597,-597
123000356,282,6,276
123000357,3,83,-80
123000359,19,94,-75
123000360,147,64,83
123000361,178,194,-16
123000362,299,58,241
123000363,77,125,-48
123000364,352,390,-38
123000365,24,278,-254
123000366,311,1424,-1113
123000367,219,586,-367
123000370,16,192,-176
123000371,253,22,231
123000372,238,26,212
123000373,22,201,-179
123000374,35,108,-73
123000375,236,50,186
123000376,844,625,219
123000377,293,10,283
123000378,10,114,-104
123000379,18,161,-143
123000380,39,314,-275
123000381,91,48,43
123000382,669,97,572
123000383,122,1065,-943
123000384,428,77,351
123000385,148,388,-240
123000436,15,818,-803
123000507,134,157,-23
123000508,160,930,-770
123000517,215,30,185
123000518,23,221,-198
123000519,140,49,91
123000520,29,197,-168
123000521,320,78,242
123000522,82,233,-151
123000541,9,5,4
123000542,0,13,-13
123000565,893,44,849
123000566,228,376,-148
123000567,80,129,-49
123000573,43,553,-510
123000574,552,77,475
123000575,1142,640,502
123000576,662,943,-281
123000577,63,461,-398
123000578,419,54,365
123000579,1533,4318,-2785
123000580,116,50,66
123000582,261,16,245
123000583,7,197,-190
123000584,164,244,-80
123000585,0,46,-46
123000586,64,0,64
123000596,59,62,-3
123000597,52,136,-84
123000602,29,15,14
123000603,693,431,262
123000604,503,370,133
123000605,36,0,36
123000606,0,21,-21
123000609,8,195,-187
123000610,142,96,46
123000613,81,160,-79
123000614,205,50,155
123000615,58,124,-66
123000616,544,56,488
123000617,130,170,-40
123000618,68,333,-265
123000619,398,60,338
123000620,11,257,-246
123000622,346,18,328
123000624,152,69,83
123000630,1208,310,898
123000631,230,724,-494
123000632,630,517,113
123000633,0,17,-17
123000634,54,123,-69
123000635,67,95,-28
123000636,35,250,-215
123000637,118,7,111
123000638,441,31,410
123000639,634,3417,-2783
123000640,44,321,-277
123000648,386,74,312
123000649,54,322,-268
123000650,136,65,71
123000651,11,75,-64
123000652,526,50,476
123000653,75,187,-112
123000654,91,104,-13
123000655,34,272,-238
123000656,128,31,97
123000657,10,95,-85
123000658,189,8,181
123000659,4,1084,-1080
123000660,548,10,538
123000661,747,46,701
123900001,927,23,904
123900002,16,1029,-1013
123900003,129,253,-124
123900005,172,166,6
123900006,216,48,168
124000001,1384,80,1304
124000002,1,286,-285
124000003,759,127,632
124000004,41,336,-295
124000005,722,252,470
124000006,196,591,-395
124000007,324,112,212
124000008,10,286,-276
124000009,725,150,575
124000010,171,269,-98
124000011,854,201,653
124000012,167,342,-175
124000017,192,80,112
124000018,88,45,43
124000019,98,108,-10
124000020,27,96,-69
124000021,92,73,19
124000022,78,148,-70
124000023,498,134,364
124000024,766,338,428
124000025,535,367,168
124000026,558,306,252
124000027,1102,766,336
124000028,1647,574,1073
124000031,1525,2642,-1117
124000032,1480,792,688
124000033,1008,424,584
124000034,497,785,-288
124000035,328,147,181
124000036,145,430,-285
124000037,287,1109,-822
124000038,33,96,-63
124000039,656,453,203
124000040,391,953,-562
124000041,335,68,267
124000042,78,433,-355
124000043,82,65,17
124000044,48,139,-91
124000045,757,339,418
124000046,287,497,-210
124000047,1479,626,853
124000048,907,821,86
124000049,1434,515,919
124000050,728,1019,-291
124000051,840,428,412
124000052,565,583,-18
124000053,524,1416,-892
124000054,795,327,468
124000055,1289,2405,-1116
124000056,1444,992,452
124000057,988,508,480
124000058,318,869,-551
124000059,622,979,-357
124000060,711,476,235
124000061,1148,4860,-3712
124000062,3792,1284,2508
124000063,967,1176,-209
124000064,1414,995,419
124000065,87,267,-180
124000066,156,70,86
124000067,155,113,42
124000068,52,144,-92
124000069,516,124,392
124000070,177,257,-80
124000071,68,75,-7
124000072,93,128,-35
124000073,482,104,378
124000074,149,428,-279
124000075,345,20,325
124000076,10,111,-101
124000077,1168,731,437
124000078,1625,1471,154
124000079,335,1214,-879
124000080,453,155,298
124000081,126,386,-260
124000082,91,176,-85
124000083,117,81,36
124000084,45,509,-464
124000085,53,39,14
124000086,47,90,-43
124000087,169,76,93
124000088,107,299,-192
124000089,677,226,451
124000090,119,264,-145
124000091,497,98,399
124000092,127,521,-394
124000093,103,99,4
124000094,95,321,-226
124000095,99,59,40
124000096,122,136,-14
124000097,97,124,-27
124000098,53,80,-27
124000099,190,70,120
124000100,71,84,-13
124000101,77,95,-18
124000102,75,47,28
124000103,120,94,26
124000104,121,46,75
124000105,87,102,-15
124000106,114,38,76
124000107,22,166,-144
124000108,40,14,26
124000109,139,109,30
124000110,193,79,114
124000111,181,115,66
124000112,574,428,146
124000113,90,96,-6
124000114,347,306,41
124000115,246,587,-341
124000116,88,161,-73
124000117,44,88,-44
124000118,19,71,-52
124000119,596,319,277
124000120,432,328,104
124000121,1497,707,790
124000122,524,1022,-498
124000123,802,446,356
124000124,408,754,-346
124000125,308,349,-41
124000126,231,507,-276
124000127,747,275,472
124000128,397,605,-208
124000129,1610,1358,252
124000130,578,422,156
124000131,791,476,315
124000132,589,551,38
124000133,707,649,58
124000134,727,465,262
124000135,1313,1378,-65
124000136,614,741,-127
124000137,962,625,337
124000138,859,1011,-152
124000139,685,79,606
124000140,68,398,-330
124000141,757,33,724
124000142,36,452,-416
124000143,105,15,90
124000144,4,148,-144
124000145,116,40,76
124000146,19,57,-38
124000148,9,82,-73
124000149,926,364,562
124000150,268,572,-304
124000151,710,149,561
124000152,433,742,-309
124000153,619,581,38
124000154,298,470,-172
124000155,1056,774,282
124000156,1093,685,408
124000169,205,286,-81
124000170,335,353,-18
124000171,254,155,99
124000172,263,377,-114
124000173,396,146,250
124000174,307,343,-36
124000175,6,65,-59
124000176,29,11,18
124000177,7,40,-33
124000178,42,52,-10
124000185,53,9,44
124000186,2,24,-22
124000187,13,30,-17
124000188,97,12,85
124000190,100,46,54
124000191,93,219,-126
124000192,793,275,518
124000193,164,592,-428
124000194,374,275,99
124000195,270,443,-173
124000196,693,695,-2
124000197,35,37,-2
124000198,44,57,-13
124000201,285,486,-201
124000202,614,244,370
124000203,207,302,-95
124000204,724,151,573
124000205,60,260,-200
124000206,577,227,350
124000207,0,35,-35
124000209,146,130,16
124000210,428,84,344
124000211,673,6,667
124000212,0,238,-238
124000213,366,151,215
124000214,378,313,65
124000215,694,81,613
124000216,3,278,-275
124000329,130,940,-810
124000338,84,414,-330
124000339,1003,87,916
124000341,1533,87,1446
124000344,52,1,51
124000357,1436,2952,-1516
124000358,1298,2252,-954
124000359,955,701,254
124000360,823,516,307
124000361,1310,695,615
124000362,722,1028,-306
124000363,254,299,-45
124000364,501,653,-152
124000365,505,758,-253
124000366,1386,1162,224
124000367,133,338,-205
124000368,470,356,114
124000369,111,104,7
124000370,45,319,-274
124000402,32,10,22
124000403,150,15,135
124000404,19,75,-56
124000405,888,595,293
124000406,557,528,29
124000407,7,20,-13
124000411,8,198,-190
124000412,417,10,407
124000413,135,12,123
124000414,87,77,10
124000415,48,71,-23
124000416,137,137,0
124000417,139,103,36
124000418,193,73,120
124000419,83,81,2
124000420,79,42,37
124000421,41,134,-93
124000422,35,15,20
124000423,125,25,100
124000424,2,82,-80
124000425,151,14,137
124000426,7,152,-145
124000427,174,6,168
124000428,7,57,-50
124000429,69,34,35
124000430,515,298,217
124000431,202,294,-92
124000432,238,552,-314
124000439,46,6,40
124000443,1,37,-36
124000445,154,1286,-1132
124000446,882,299,583
124000447,31,120,-89
124000448,121,15,106
124000449,178,9,169
124000450,16,121,-105
124000451,4,74,-70
124000452,361,79,282
124000453,2080,3242,-1162
124000454,1887,3987,-2100
124000455,5,765,-760
124000456,855,13,842
124000457,6,397,-391
124000458,7,265,-258
124000459,329,8,321
124000460,5,123,-118
124900001,475,277,198
124900002,84,150,-66
124900003,707,291,416
124900004,713,299,414
124900005,169,81,88
124900006,654,202,452
124900008,973,528,445
124900009,146,245,-99
124900010,136,97,39
124900011,412,189,223
124900012,358,73,285
124900013,544,202,342
124900014,323,84,239
124900015,93,255,-162
124900016,52,61,-9
124900017,461,1682,-1221
124900018,239,39,200
124900020,61,36,25
124900021,214,22,192
124900022,282,10,272
124900024,210,3,207
124900026,115,11,104
124900027,96,318,-222
124900028,248,52,196
124900030,4,68,-64
124900031,34,129,-95
124900033,91,200,-109
124900035,124,241,-117
124900036,4,46,-42
124900037,179,128,51
124900038,151,179,-28
124900039,1,70,-69
124900040,50,69,-19
124900041,250,623,-373
124900042,105,25,80
124900043,215,396,-181
124900044,80,3,77
124900045,433,715,-282
124900047,91,105,-14
124900050,365,228,137
124900052,87,219,-132
124900053,175,359,-184
124900054,1360,394,966
124900055,0,118,-118
124900057,14,349,-335
124900060,66,156,-90
124900061,168,22,146
124900062,150,12,138
124900066,0,18,-18
124900067,13,289,-276
124900068,177,392,-215
124900070,36,22,14
124900072,205,130,75
124900075,325,516,-191
124900076,82,1245,-1163
124900077,100,193,-93
124900078,67,7,60
124900080,291,372,-81
124900081,964,233,731
124900082,349,468,-119
124900083,418,574,-156
124900085,646,393,253
124900086,28,1049,-1021
124900087,421,60,361
124900088,293,55,238
124900089,1045,108,937
124900090,256,150,106
124900091,215,194,21
124900092,177,110,67
124900093,303,118,185
124900094,294,147,147
124900095,67,307,-240
124900096,329,173,156
124900097,332,48,284
124900098,111,183,-72
124900099,296,346,-50
124900100,216,45,171
124900101,81,321,-240
124900102,201,6,195
124900103,162,98,64
124900104,83,86,-3
124900105,120,63,57
124900106,298,43,255
124900107,109,4,105
124900108,276,126,150
124900111,4,214,-210
124900112,98,334,-236
124900113,73,301,-228
124900114,134,208,-74
124900115,44,27,17
124900116,177,153,24
124900117,183,145,38
124900118,75,279,-204
124900119,256,98,158
124900120,42,226,-184
124900121,177,226,-49
124900122,108,185,-77
124900123,334,306,28
124900124,286,475,-189
124900125,556,4,552
124900126,5,373,-368
204000001,111,19,92
204000002,7,9,-2
204000003,11,2,9
204000004,5,3,2
204000005,677,549,128
204000006,1143,1103,40
204000011,19,28,-9
204000012,41,93,-52
204000019,540,385,155
204000020,527,446,81
204000021,1052,590,462
204000022,491,326,165
204000023,498,494,4
204000031,53,18,35
204000032,339,20,319
204000034,75,110,-35
204000035,1,0,1
204000036,3,7,-4
204000037,1,17,-16
204000038,0,12,-12
204000039,7,8,-1
204000040,1,11,-10
204000041,5,9,-4
204000042,19,7,12
204000043,50,1,49
204000044,18,1,17
204000045,32,2,30
204000046,8,2,6
204000057,4,7,-3
204000062,53,47,6
204000068,48,283,-235
204000069,112,330,-218
204000070,63,48,15
204000080,50,93,-43
204000085,1969,1061,908
204000086,2066,1311,755
204000087,51,10,41
204000088,13,74,-61
204000090,191,201,-10
204000093,366,96,270
204000096,803,1084,-281
204000097,397,39,358
204000099,805,1427,-622
204000100,1106,1870,-764
204000105,1955,1078,877
204000110,387,677,-290
204000111,452,372,80
204000112,548,433,115
204000113,388,446,-58
204000114,489,512,-23
204000115,502,233,269
204000116,506,510,-4
204000119,1679,2576,-897
204000132,738,326,412
204000133,1151,178,973
204000134,258,63,195
204000135,583,61,522
204000136,720,177,543
204000138,383,411,-28
204000140,291,192,99
204000141,178,64,114
204000144,8,21,-13
204000145,421,32,389
204000146,20,287,-267
204000147,92,124,-32
204000148,274,67,207
204000154,5,6,-1
204000155,3,9,-6
204000177,60,31,29
204000179,2,0,2
204000180,1,3,-2
204000222,1,6,-5
204000235,51,12,39
204000236,70,261,-191
204000238,19,43,-24
204000240,334,57,277
204000263,728,829,-101
204000268,876,719,157
204000308,95,61,34
204000317,61,78,-17
204000322,39,15,24
204000323,7,14,-7
204000328,217,100,117
204000329,113,176,-63
204000330,149,101,48
204000331,141,115,26
204000352,100,2,98
205000001,757,1339,-582
205000013,3,64,-61
205000014,21,91,-70
205000015,33,151,-118
205000016,14,93,-79
205000017,13,58,-45
205000022,311,729,-418
205000025,1185,925,260
205000029,217,11,206
205000045,134,493,-359
205000046,130,499,-369
205000047,59,330,-271
205000048,335,740,-405
205000049,172,614,-442
205000050,468,274,194
205000059,0,201,-201
205000060,0,63,-63
205000061,2,70,-68
205000062,5,71,-66
205000063,14,128,-114
205000064,19,65,-46
205000065,47,457,-410
205000066,110,627,-517
205000067,35,691,-656
205000069,172,29,143
205000082,182,147,35
205000110,88,229,-141
205000111,235,185,50
205000112,157,173,-16
205000113,148,321,-173
205000121,196,26,170
205000123,41,163,-122
205000126,409,62,347
205000127,732,129,603
205000128,409,51,358
205000129,760,70,690
205000130,136,20,116
205000131,88,12,76
205000132,117,4,113
205000133,106,0,106
205000134,256,0,256
205000137,46,122,-76
205000138,134,256,-122
205000139,21,118,-97
205000144,74,87,-13
205000145,236,173,63
205000151,121,18,103
205000152,160,9,151
205000153,271,33,238
205000154,95,46,49
205000155,107,9,98
205000207,5,131,-126
205000233,27,0,27
205000234,0,2,-2
205000243,0,1,-1
205000244,0,3,-3
205000245,8,127,-119
205000249,0,22,-22
205000250,1,1,0
205000264,10,104,-94
206000027,1,3,-2
206000028,4,3,1
206000043,4,30,-26
206000053,1,2,-1
206000054,1,15,-14
206000055,1,12,-11
206000075,8,25,-17
206000076,29,19,10
206000077,19,14,5
206000078,11,11,0
206000079,20,9,11
206000082,268,52,216
206000100,29,251,-222
206000103,12,19,-7
206000104,18,24,-6
206000105,13,19,-6
206000106,12,20,-8
206000125,56,0,56
206000157,30,316,-286
206000170,0,97,-97
206000171,1,139,-138
206000172,6,221,-215
206000173,5,102,-97
206000174,7,50,-43
206000175,2,55,-53
206000176,10,88,-78
206000177,2,86,-84
206000178,2,156,-154
206000179,5,55,-50
206000180,9,112,-103
206000181,2,64,-62
206000182,7,50,-43
206000183,15,248,-233
206000184,2,206,-204
206000185,9,75,-66
206000186,102,463,-361
206000223,4,140,-136
206000226,7,2,5
206000227,14,6,8
206000237,42,181,-139
206000238,18,291,-273
206000239,187,1061,-874
206000240,2,65,-63
206000241,0,36,-36
206000242,10,111,-101
206000243,16,110,-94
206000244,78,340,-262
206000245,779,66,713
206000246,245,12,233
206000247,226,7,219
206000248,346,13,333
206000252,64,60,4
206000258,28,35,-7
206000315,23,12,11
206000317,475,74,401
206000318,476,63,413
206000319,1327,117,1210
206000320,182,61,121
206000321,192,14,178
206000322,441,37,404
206000323,129,7,122
206000324,159,7,152
206000325,143,17,126
206000326,107,11,96
206000327,105,8,97
206000328,171,0,171
206000329,233,13,220
206000330,44,5,39
206000331,217,4,213
206000332,45,3,42
206000333,536,3,533
206000334,256,4,252
206000335,0,10,-10
206000361,13,123,-110
206000392,3,11,-8
206000405,96,1,95
206000441,30,24,6
206000498,27,1,26
206000515,59,25,34
206000530,311,84,227
206000531,220,219,1
206000532,1336,334,1002
206000535,159,1082,-923
206000536,24,100,-76
206000537,21,114,-93
206000613,1205,233,972
206000784,339,37,302
207000001,126,567,-441
207000002,107,354,-247
207000003,166,105,61
207000007,990,275,715
207000008,106,10,96
207000009,74,49,25
207000010,326,275,51
207000012,333,217,116
207000015,202,819,-617
207000019,197,45,152
207000021,354,150,204
207000022,131,94,37
207000023,186,47,139
207000024,3,14,-11
207000025,19,64,-45
207000026,107,46,61
207000027,16,52,-36
207000028,56,137,-81
207000029,138,351,-213
207000033,171,392,-221
207000034,229,103,126
207000039,501,82,419
207000040,420,55,365
207000041,48,17,31
207000042,144,36,108
207000043,218,155,63
207000051,115,138,-23
207000052,16,76,-60
207000053,473,509,-36
207000054,42,89,-47
207000055,229,87,142
207000056,296,237,59
207000057,199,199,0
207000058,256,202,54
207000059,122,319,-197
207000060,61,154,-93
207000061,149,496,-347
207000062,341,39,302
207000063,356,95,261
207000064,249,91,158
207000065,269,184,85
207000066,188,141,47
207000067,53,91,-38
207000068,129,63,66
207000069,624,279,345
207000082,9,158,-149
207000083,61,186,-125
207000084,229,272,-43
207000085,216,20,196
207000086,262,10,252
207000106,33,27,6
207000107,92,21,71
207000108,67,14,53
207000109,69,10,59
207000110,39,57,-18
207000111,83,61,22
207000112,80,728,-648
207000114,21,20,1
207000115,19,54,-35
207000116,21,316,-295
207000117,3,76,-73
207000118,5,56,-51
207000119,31,53,-22
207000123,145,15,130
207000124,73,27,46
207000125,44,61,-17
207000126,62,42,20
207000134,84,118,-34
207000135,9,145,-136
207000148,60,309,-249
207000149,66,43,23
207000152,131,311,-180
207000153,731,1205,-474
207000154,323,135,188
207000159,109,124,-15
207000160,121,247,-126
207000238,0,175,-175
207000242,1,90,-89
207000248,26,15,11
207000249,122,19,103
207000250,401,37,364
207000251,70,59,11
207000252,61,49,12
207000278,139,95,44
207000279,28,83,-55
207000280,653,81,572
207000281,138,547,-409
207000282,111,107,4
207000283,70,170,-100
207000284,48,235,-187
207000285,101,69,32
207000291,20,69,-49
207000304,113,46,67
207000306,114,326,-212
207000310,77,65,12
207000353,295,9,286
207000356,14,33,-19
207000357,8,24,-16
207000358,3,18,-15
207000415,1,145,-144
207000416,280,102,178
207000417,61,5,56
207000418,88,80,8
207000438,0,0,0
207000439,727,780,-53
207000446,209,2,207
207000460,39,14,25
207000466,148,101,47
207000467,265,82,183
207000468,81,199,-118
207000476,6,39,-33
207000477,545,40,505
207000478,4,15,-11
207000523,0,7,-7
207000524,101,0,101
207000527,177,111,66
207000530,502,13,489
207000531,428,5,423
207000532,75,30,45
207000534,265,61,204
207000535,40,321,-281
207000537,26,74,-48
207000540,7,136,-129
207000541,1,206,-205
207000548,22,185,-163
207000549,370,21,349
207000561,145,193,-48
207000562,52,130,-78
207000567,180,217,-37
207000568,171,44,127
207000569,462,375,87
207000584,198,138,60
207000585,54,352,-298
207000587,176,18,158
207000616,0,86,-86
207000617,111,0,111
207000624,90,54,36
207000631,14,92,-78
208000001,516,989,-473
208000002,731,551,180
208000003,1079,360,719
208000004,1056,678,378
208000005,4,21,-17
208000019,559,714,-155
208000020,122,393,-271
208000021,211,149,62
208000022,926,310,616
208000028,732,863,-131
208000033,699,368,331
208000034,899,772,127
208000037,199,10,189
208000040,135,110,25
208000041,592,476,116
208000042,949,514,435
208000047,118,192,-74
208000064,1801,1238,563
208000066,1195,2066,-871
208000070,328,309,19
208000071,367,563,-196
208000072,329,853,-524
208000080,284,352,-68
208000081,496,106,390
208000082,263,192,71
208000083,126,240,-114
208000084,9,9,0
208000085,591,419,172
208000086,420,837,-417
208000087,345,585,-240
208000089,1001,281,720
208000090,1025,431,594
208000093,148,160,-12
208000094,740,522,218
208000095,329,217,112
208000104,850,657,193
208000105,516,732,-216
208000114,76,257,-181
208000115,399,263,136
208000116,471,834,-363
208000117,122,176,-54
208000118,116,133,-17
208000155,419,853,-434
208000158,1050,2783,-1733
208000186,2761,3774,-1013
208000204,579,1147,-568
208000205,1318,834,484
208000282,4147,2794,1353
209000004,322,152,170
209000005,50,28,22
209000006,369,174,195
209000007,233,293,-60
209000010,274,119,155
209000011,124,220,-96
209000012,115,101,14
209000013,200,193,7
209000014,387,588,-201
209000025,316,50,266
209000026,690,96,594
209000027,398,487,-89
209000028,257,449,-192
209000029,417,426,-9
209000030,355,804,-449
209000031,1691,1267,424
209000034,167,258,-91
209000035,131,231,-100
209000036,236,107,129
209000037,340,196,144
209000038,156,186,-30
209000039,50,147,-97
209000040,154,285,-131
209000041,148,379,-231
209000042,220,342,-122
209000043,448,635,-187
209000044,311,897,-586
209000045,1082,341,741
209000046,500,296,204
209000047,335,133,202
209000048,503,280,223
209000049,61,76,-15
209000050,170,118,52
209000051,272,180,92
209000052,149,146,3
209000062,41,63,-22
209000063,61,50,11
209000064,36,61,-25
209000065,116,26,90
209000066,70,28,42
209000067,70,41,29
209000080,18,147,-129
209000082,84,31,53
209000091,43,59,-16
209000093,40,29,11
209000094,97,145,-48
209000110,32,92,-60
209000111,407,1308,-901
209000112,886,466,420
209000113,1536,535,1001
209000114,615,443,172
209000115,55,65,-10
209000116,406,245,161
209000118,19,45,-26
209000119,24,17,7
209000121,97,350,-253
209000135,51,207,-156
209000142,532,1418,-886
209000143,44,42,2
209000144,41,101,-60
209000229,230,94,136
209000240,28,176,-148
209000259,51,75,-24
209000260,33,539,-506
209000261,5,339,-334
209000262,2,241,-239
209000263,0,138,-138
209000264,1,142,-141
209000265,314,6,308
209000266,79,0,79
209000267,818,5,813
209000268,512,45,467
210000037,49,28,21
210000047,84,15,69
210000048,116,15,101
210000049,42,7,35
210000052,67,55,12
210000053,31,43,-12
210000054,55,58,-3
210000070,135,2,133
210000071,93,1,92
210000072,34,0,34
210000073,0,26,-26
210000074,1,71,-70
210000075,2,105,-103
210000076,10,97,-87
210000077,12,41,-29
210000078,30,31,-1
210000079,19,23,-4
210000080,68,83,-15
210000081,141,20,121
210000082,82,3,79
210000083,68,0,68
210000084,79,0,79
210000085,2,32,-30
210000086,0,51,-51
210000099,25,152,-127
210000100,28,116,-88
210000101,61,131,-70
210000105,28,152,-124
210000159,0,127,-127
210000163,81,197,-116
210000164,182,145,37
210000168,133,45,88
210000187,0,18,-18
210000188,0,18,-18
210000214,25,0,25
210000219,28,41,-13
210000220,82,39,43
210000232,4,27,-23
210000233,24,37,-13
210000234,21,84,-63
210000235,39,53,-14
210000245,2,29,-27
210000246,20,1,19
210000258,3,81,-78
210000259,324,48,276
210000282,65,160,-95
210000285,3,85,-82
210000286,19,83,-64
210000290,8,12,-4
210000295,28,72,-44
210000296,40,33,7
210000320,192,60,132
210000321,98,34,64
210000338,33,44,-11
210000339,224,1076,-852
210000340,86,354,-268
210000341,147,252,-105
210000342,184,159,25
210000343,143,174,-31
210000344,109,112,-3
210000345,125,181,-56
210000346,66,102,-36
210000347,48,60,-12
210000348,98,33,65
210000349,90,17,73
210000350,136,49,87
210000351,166,100,66
210000352,85,85,0
210000353,50,91,-41
210000354,75,76,-1
210000355,52,57,-5
210000356,30,78,-48
210000357,59,55,4
210000358,213,119,94
210000359,70,98,-28
210000360,158,139,19
210000361,177,155,22
210000362,223,163,60
210000363,679,292,387
210000364,113,158,-45
210000365,165,69,96
210000366,171,62,109
210000367,92,27,65
210000368,176,40,136
210000369,30,56,-26
210000370,32,42,-10
210000372,21,32,-11
210000373,41,26,15
210000374,60,64,-4
210000375,47,51,-4
210000376,50,88,-38
210000404,46,69,-23
210000439,39,22,17
210000472,104,4,100
210000482,60,90,-30
210000564,315,284,31
210000567,1,31,-30
210000568,241,1,240
211000092,51,23,28
211000094,20,4,16
211000169,182,13,169
211000172,4,221,-217
211000209,5,11,-6
211000226,11,41,-30
211000270,37,7,30
211000275,12,22,-10
211000276,52,16,36
211000279,14,11,3
211000281,38,35,3
211000302,19,54,-35
211507980,0,43,-43
211977296,28,2,26
212000003,109,34,75
212000004,17,40,-23
212000005,26,29,-3
212000006,32,35,-3
212000008,151,113,38
212000009,22,70,-48
212000012,93,84,9
212000013,34,27,7
212000014,232,116,116
212000015,282,160,122
212000016,417,414,3
212000027,442,349,93
212000028,363,319,44
212000029,191,227,-36
212000030,53,27,26
212000031,73,37,36
212000048,30,130,-100
212000049,14,92,-78
212000050,26,8,18
212000051,174,163,11
212000052,197,168,29
212000053,369,325,44
212000054,291,74,217
212000055,270,156,114
212000056,17,29,-12
212000057,14,20,-6
212000058,184,38,146
212000070,136,125,11
212000077,122,318,-196
212000099,250,230,20
212000108,154,137,17
212000111,170,58,112
212000120,130,46,84
212000138,170,21,149
212000156,6,64,-58
212000158,18,16,2
212000159,474,52,422
212000160,665,237,428
212000161,75,11,64
212000310,66,11,55
212000311,11,79,-68
212000374,35,6,29
213000001,36,229,-193
213000005,300,130,170
213000006,809,269,540
213000007,115,8,107
213000009,638,330,308
213000010,173,214,-41
213000011,133,74,59
213000012,93,198,-105
213000014,74,21,53
213000015,227,5,222
213000016,350,1,349
213000017,93,1,92
213000018,10,104,-94
213000019,2,112,-110
213000020,95,202,-107
213000021,3,64,-61
213000023,318,171,147
213000033,227,1366,-1139
213000034,625,176,449
213000035,105,183,-78
213000045,149,211,-62
213000046,161,150,11
213000047,538,1097,-559
213000056,95,19,76
213000069,8,0,8
213000073,0,32,-32
213000074,35,258,-223
213000075,428,6,422
213000076,22,3,19
213000085,5,24,-19
213000086,17,109,-92
213000091,226,12,214
213000092,71,19,52
213000099,148,1040,-892
213000100,908,303,605
213000101,440,99,341
213000102,511,197,314
213000103,818,603,215
213000104,56,269,-213
213000105,7,178,-171
213000106,23,96,-73
213000107,126,329,-203
213000108,34,350,-316
213000109,11,160,-149
213000110,15,50,-35
213000111,9,43,-34
213000112,110,112,-2
213000115,53,7,46
213000116,32,271,-239
213000117,26,472,-446
213000118,287,199,88
213000119,52,361,-309
213000120,107,287,-180
213000122,127,286,-159
213000123,233,633,-400
213000124,117,720,-603
213000125,128,10,118
213000126,33,90,-57
213000127,85,163,-78
213000128,244,913,-669
213000129,241,622,-381
213000130,631,335,296
213000132,365,95,270
213000133,577,104,473
213000134,790,11,779
213000136,519,21,498
213000137,520,75,445
213000139,262,22,240
213000147,49,6,43
213000148,26,5,21
213000149,29,4,25
213000150,1,105,-104
213000151,3,76,-73
213000152,0,52,-52
213000153,10,111,-101
213000154,25,156,-131
213000155,27,134,-107
213000156,69,334,-265
213000157,388,267,121
213000158,260,638,-378
213000159,256,385,-129
213000163,1032,124,908
213000165,718,322,396
213000171,59,72,-13
213000172,46,185,-139
213000173,16,82,-66
213000174,0,15,-15
213000175,39,29,10
213000176,8,94,-86
213000177,1,13,-12
213000178,22,2,20
213000179,158,47,111
213000180,182,51,131
213000182,82,3,79
213000184,85,301,-216
213000188,305,90,215
213000189,350,41,309
213000190,612,517,95
213000191,354,272,82
213000192,206,210,-4
213000193,547,138,409
213000194,0,49,-49
213000195,19,292,-273
213000196,165,980,-815
213000197,390,479,-89
213000198,44,2,42
213000200,116,582,-466
213000201,64,45,19
213000202,7,374,-367
213000203,2576,479,2097
213000204,711,62,649
213000205,253,79,174
213000206,434,17,417
213000207,119,14,105
213000208,53,0,53
213000209,127,7,120
213000210,277,2,275
213000211,8,15,-7
213000212,28,19,9
213000213,12,31,-19
213000218,978,1281,-303
213000219,402,18,384
213000220,386,6,380
213000223,131,225,-94
213000224,36,66,-30
213000225,60,12,48
213000226,49,18,31
213000227,855,211,644
213000228,373,104,269
213000229,163,31,132
213000230,581,21,560
213000232,44,905,-861
213000233,10,70,-60
213000234,1,39,-38
213000293,27,84,-57
213000294,134,32,102
213000295,9,98,-89
213000296,50,21,29
213000297,11,65,-54
213000298,11,63,-52
213000299,35,19,16
213000300,25,14,11
213000303,6,19,-13
213000304,3,8,-5
213000305,5,12,-7
213000306,34,14,20
213000307,111,43,68
213000308,87,146,-59
213000309,100,53,47
213000310,243,169,74
213000311,233,483,-250
213000315,103,45,58
213000316,146,34,112
213000322,20,23,-3
213000323,37,33,4
213000340,135,315,-180
213000341,552,107,445
213000346,143,165,-22
213000347,401,272,129
213000348,5,80,-75
213000349,17,9,8
213000350,259,678,-419
213000366,94,248,-154
213000367,231,30,201
213000379,71,34,37
213000386,6,293,-287
213000406,81,294,-213
213000417,1069,430,639
213000425,114,17,97
213000426,124,24,100
213000427,40,83,-43
213000428,35,88,-53
213000429,5,5,0
213000430,84,354,-270
213000431,55,5,50
213000432,0,47,-47
213000433,3,78,-75
213000434,54,51,3
213000435,118,57,61
213000439,33,9,24
213000441,6,5,1
213000443,326,292,34
213000445,4,60,-56
213000446,1,48,-47
213000447,5,35,-30
213000448,6,115,-109
213000449,302,0,302
213000450,23,26,-3
213000451,202,44,158
213000452,20,11,9
213000453,29,196,-167
213000455,331,2,329
213000456,1,244,-243
213000481,3,4,-1
213000482,42,0,42
213000489,212,86,126
213000491,4,140,-136
213000492,145,0,145
213000493,0,81,-81
213000494,112,72,40
213000496,259,116,143
213000497,8,144,-136
213000498,59,97,-38
213000499,99,197,-98
213000500,245,68,177
213000501,107,43,64
213000502,130,78,52
213000503,0,33,-33
213000504,2,26,-24
213000505,4,59,-55
213000506,0,11,-11
213000507,1,102,-101
213900244,26,0,26
213900245,0,16,-16
218000003,14,29,-15
218000004,25,20,5
218000005,24,29,-5
218000006,40,29,11
218000007,13,13,0
218000012,149,143,6
218000013,125,123,2
218000014,364,414,-50
218000019,670,501,169
218000020,310,331,-21
218000040,10,8,2
218000046,50,112,-62
218000047,11,152,-141
218000048,50,106,-56
218000049,93,137,-44
218000050,214,262,-48
218000051,47,245,-198
218000052,0,83,-83
218000053,2,11,-9
218000054,9,42,-33
218000055,7,12,-5
218000056,18,33,-15
218000057,4,35,-31
218000064,9,7,2
218000065,117,45,72
218000066,11,42,-31
218000067,38,53,-15
218000068,106,51,55
218000069,233,142,91
218000070,172,209,-37
218000071,222,204,18
218000072,223,157,66
218000078,894,509,385
218000079,110,48,62
218000080,107,40,67
218000081,364,132,232
218000082,43,47,-4
218000083,50,23,27
218000084,147,96,51
218000085,131,193,-62
218000086,86,99,-13
218000087,142,127,15
218000090,19,115,-96
218000091,948,432,516
218000092,96,140,-44
218000093,81,39,42
218000094,440,493,-53
218000099,267,643,-376
218000100,253,244,9
218000101,235,136,99
218000102,508,180,328
218000103,124,91,33
218000104,85,25,60
218000105,20,15,5
218000106,14,4,10
218000107,66,45,21
218000108,5,28,-23
218000112,47,30,17
218000117,34,43,-9
218000134,490,345,145
218000135,25,45,-20
218000136,164,83,81
218000137,207,88,119
218000138,36,65,-29
218000139,193,223,-30
218000140,429,232,197
218000141,65,37,28
218000142,177,128,49
218000143,80,178,-98
218000144,31,73,-42
218000145,326,229,97
218000146,76,131,-55
218000151,8,14,-6
218000152,125,36,89
218000170,8,28,-20
218000171,37,9,28
218000172,20,12,8
218000173,13,14,-1
218000174,10,8,2
218000176,123,22,101
218000177,267,116,151
218000178,85,152,-67
218000179,137,54,83
218000180,82,23,59
218000181,207,33,174
218000187,7,15,-8
218000188,33,34,-1
218000189,15,35,-20
218000190,1,5,-4
218000191,165,43,122
218000192,169,179,-10
218000193,432,234,198
218000194,120,207,-87
218000195,88,38,50
218000196,255,193,62
218000197,330,180,150
218000198,32,121,-89
218000199,41,23,18
218000200,75,34,41
218000201,18,6,12
218000202,102,234,-132
218000207,7,25,-18
218000208,30,49,-19
218000211,41,25,16
218000213,71,119,-48
218000214,3,26,-23
218000215,28,65,-37
218000217,2,64,-62
218000218,112,46,66
218000219,18,22,-4
218000220,71,261,-190
218000221,461,187,274
218000222,9,13,-4
218000223,20,283,-263
218000224,10,117,-107
218000225,130,19,111
218000226,114,49,65
218000232,44,38,6
218000239,173,10,163
218000240,30,3,27
218000241,31,1,30
218000242,50,1,49
218000243,58,1,57
218000244,51,7,44
218000245,31,2,29
218000246,7,1,6
218000247,5,0,5
218000248,0,23,-23
218000249,0,5,-5
218000250,0,25,-25
218000251,11,24,-13
218000252,5,43,-38
218000253,3,54,-51
218000254,0,10,-10
218000255,3,26,-23
218000256,2,51,-49
218000267,421,807,-386
218000268,15,20,-5
218000269,5,6,-1
218000270,118,37,81
218000271,26,45,-19
218000273,19,7,12
218000274,16,4,12
218000275,42,52,-10
218000276,12,29,-17
218000278,20,44,-24
218000279,66,40,26
218000280,3,42,-39
218000281,27,10,17
218000282,441,498,-57
218000284,73,6,67
218000301,70,76,-6
218000302,70,28,42
218000303,21,64,-43
218000316,720,806,-86
218000317,1099,782,317
218000318,663,608,55
218000319,1126,711,415
218000320,947,619,328
218000338,49,25,24
218000345,67,77,-10
218000346,47,147,-100
218000459,32,180,-148
218000490,33,42,-9
218000501,110,30,80
218000502,28,79,-51
218000503,121,19,102
218000504,182,25,157
218000505,51,121,-70
218000506,35,232,-197
218000508,2,7,-5
218000510,186,7,179
218000520,73,76,-3
218000521,28,37,-9
218000522,1,98,-97
218000523,136,3,133
218000524,30,189,-159
218000525,128,10,118
218000526,24,144,-120
218000529,37,150,-113
218000531,16,13,3
218000532,35,20,15
218000534,181,28,153
218000537,23,41,-18
218000538,97,165,-68
218000540,115,71,44
218000543,126,31,95
218000544,25,55,-30
218000545,58,71,-13
218000546,17,63,-46
218000547,67,122,-55
218000548,99,89,10
218000549,421,412,9
218000550,158,174,-16
218000551,110,925,-815
218000552,294,62,232
218000553,59,124,-65
218000554,30,28,2
218000555,23,68,-45
218000556,224,178,46
218000557,211,177,34
218000558,25,2,23
218000559,0,31,-31
218000560,0,19,-19
218000561,13,0,13
218000562,21,139,-118
218000563,135,21,114
218000564,7,110,-103
218000565,118,12,106
218000566,218,42,176
218000567,0,52,-52
218000568,16,2,14
218000569,9,146,-137
218000570,142,19,123
218000571,1,104,-103
218000572,117,0,117
218000573,23,237,-214
218000574,98,27,71
218000575,124,0,124
218000576,2,34,-32
218000577,68,1,67
218000578,0,71,-71
218000579,11,6,5
218000581,6,32,-26
218000582,45,1,44
218000583,8,0,8
218000584,0,14,-14
218000585,55,3,52
218000586,6,27,-21
218000587,1,0,1
218000588,0,2,-2
218000589,1,2,-1
218000590,2,0,2
218000591,4,12,-8
218000592,7,6,1
218000601,0,0,0
218000602,7,6,1
218000603,0,0,0
218000604,7,0,7
218000605,0,25,-25
218000606,64,3,61
218000607,7,34,-27
218000608,54,20,34
218000609,4,53,-49
218000610,67,5,62
218000611,28,2,26
218000612,0,29,-29
218000613,21,0,21
218000614,0,27,-27
218000615,172,1,171
218000616,6,82,-76
218000617,16,0,16
218000618,0,13,-13
218000619,2,13,-11
218000620,6,13,-7
218000621,0,2,-2
218000622,0,22,-22
218000623,75,1,74
218000624,1,19,-18
218000625,12,3,9
218000626,4,3,1
218000628,178,54,124
218000631,51,17,34
218000632,2,87,-85
218000633,75,0,75
218000634,4,7,-3
218000635,8,3,5
218000636,857,752,105
218000637,881,398,483
218000638,214,42,172
218000639,28,92,-64
218000640,210,25,185
218000641,69,193,-124
218000652,49,55,-6
218000653,149,35,114
218000663,16,287,-271
218000675,87,57,30
218000680,213,272,-59
218000681,467,162,305
218000691,190,163,27
218000693,277,144,133
218000718,245,1164,-919
218000719,628,704,-76
218000720,13,216,-203
218000721,152,25,127
218001147,8,129,-121
218001214,6,20,-14
218001258,356,12,344
218001329,108,107,1
218001330,120,100,20
218001351,24,25,-1
218001352,19,19,0
218001353,14,9,5
218001354,14,20,-6
218001355,34,169,-135
218001356,374,51,323
218001357,52,129,-77
218001358,325,35,290
218001361,502,6,496
218001362,0,170,-170
219000001,52,42,10
219000002,37,46,-9
219000003,85,31,54
219000004,77,63,14
219000017,86,68,18
219000020,147,57,90
219000022,145,1,144
219000023,100,0,100
219000029,0,62,-62
219000034,29,23,6
219000039,28,144,-116
219000040,45,91,-46
219000041,122,41,81
219000051,0,35,-35
219000052,0,10,-10
219000053,0,68,-68
219000055,216,6,210
219000056,16,3,13
219000057,72,1,71
219000062,30,69,-39
219000063,67,4,63
219000064,4,69,-65
219000110,252,126,126
219000111,106,63,43
219000112,196,77,119
219000113,215,45,170
219000114,223,90,133
219000116,125,66,59
219000117,137,51,86
219000118,193,45,148
219000123,203,52,151
219000124,65,49,16
219000125,22,7,15
219000126,74,129,-55
219000127,1,5,-4
219000128,14,99,-85
219000129,17,102,-85
219000130,363,454,-91
219000131,603,997,-394
219000133,60,76,-16
219000134,33,31,2
219000135,35,72,-37
219000136,123,230,-107
219000138,65,17,48
219000139,47,58,-11
219000140,52,0,52
219000141,48,61,-13
219000142,18,75,-57
219000143,13,85,-72
219000145,31,27,4
219000146,2,17,-15
219000147,5,31,-26
219000148,5,16,-11
219000149,9,56,-47
219000150,5,35,-30
219000151,3,26,-23
219000157,203,125,78
219000158,203,224,-21
219000161,103,14,89
219000163,1029,491,538
219000166,112,162,-50
219000167,143,200,-57
219000168,256,178,78
219000174,442,149,293
219000175,77,7,70
219000176,107,9,98
219000177,29,3,26
219000178,58,1,57
219000179,22,13,9
219000180,30,27,3
219000182,175,12,163
219000183,99,19,80
219000184,139,12,127
219000185,4,29,-25
219000186,67,27,40
219000187,18,37,-19
219000189,67,156,-89
219000190,64,168,-104
219000191,624,1304,-680
219000192,164,142,22
219000193,168,138,30
219000195,1,54,-53
219000196,5,102,-97
219000198,19,76,-57
219000199,82,206,-124
219000200,54,150,-96
219000201,58,180,-122
219000203,37,154,-117
219000204,81,301,-220
219000205,48,179,-131
219000207,194,228,-34
219000209,26,75,-49
219000210,19,88,-69
219000213,7,115,-108
219000239,180,210,-30
219000240,174,270,-96
219000241,120,114,6
219000242,52,96,-44
219000243,83,170,-87
219000244,12,55,-43
219000245,38,53,-15
219000246,38,35,3
219000247,235,50,185
219000248,539,502,37
219000249,128,79,49
219000250,139,75,64
219000251,419,282,137
219000252,183,147,36
219000253,531,118,413
219000255,131,125,6
219000256,194,105,89
219000257,108,1,107
219000262,84,106,-22
219000263,42,155,-113
219000267,1,63,-62
219000268,4,1,3
219000269,7,1,6
219000270,16,1,15
219000271,170,4,166
219000278,0,12,-12
219000279,0,5,-5
219000283,0,6,-6
219000295,15,72,-57
219000296,46,304,-258
219000297,17,92,-75
219000298,3,57,-54
219000299,456,55,401
219000300,19,150,-131
219000301,242,259,-17
219000302,28,235,-207
219000307,50,33,17
219000308,61,36,25
219000311,183,77,106
219000312,676,176,500
219000313,360,50,310
219000314,52,258,-206
219000315,337,24,313
219000316,561,52,509
219000317,99,5,94
219000320,0,59,-59
219000321,0,19,-19
219000323,3,39,-36
219000325,3,10,-7
219000326,67,50,17
219000327,61,21,40
219000328,35,36,-1
219000329,228,121,107
219000330,38,36,2
219000331,91,61,30
219000332,127,94,33
219000333,24,0,24
219000335,93,6,87
219000337,27,0,27
219000338,50,1,49
219000344,11,72,-61
219000345,45,61,-16
219000346,35,81,-46
219000348,128,80,48
219000349,48,101,-53
219000350,73,329,-256
219000351,4,5,-1
219000352,158,102,56
219000353,83,54,29
219000354,189,78,111
219000355,121,56,65
219000356,849,1481,-632
219000363,215,90,125
219000364,118,57,61
219000365,102,24,78
219000366,223,390,-167
219000368,314,546,-232
219000370,823,594,229
219000371,8,28,-20
219000382,13,44,-31
219000383,485,1008,-523
219000385,311,406,-95
219000386,705,1295,-590
219000387,3,20,-17
219000390,7,0,7
219000391,4,0,4
219000397,117,71,46
219000398,84,85,-1
219000401,4,69,-65
219000402,33,64,-31
219000403,131,274,-143
219000404,16,144,-128
219000407,6,29,-23
219000409,52,45,7
219000410,112,41,71
219000411,73,18,55
219000446,114,283,-169
219000447,0,27,-27
219000448,14,3,11
219000452,110,77,33
219000453,67,192,-125
219000454,189,278,-89
219000556,274,75,199
219000558,170,120,50
219000590,30,104,-74
219000591,113,102,11
219000592,77,289,-212
219000595,2,11,-9
219000635,223,48,175
219000636,28,55,-27
219000657,19,12,7
219000658,19,105,-86
219000673,0,16,-16
219000676,6,1,5
219000679,35,10,25
219000684,120,4,116
219000685,3,30,-27
219000686,1,4,-3
219000688,0,46,-46
219000689,17,127,-110
219000690,118,23,95
219000691,47,167,-120
219000692,180,30,150
219000693,0,12,-12
219000694,8,0,8
219000695,18,6,12
219000698,8,0,8
219000699,0,14,-14
219000727,3,90,-87
219000728,97,2,95
219000770,52,4,48
219000771,3,35,-32
219000788,296,291,5
219001150,0,28,-28
219001151,1,3,-2
219001166,50,34,16
219001167,2,55,-53
219001178,28,0,28
220000001,41,49,-8
220000002,7,88,-81
220000003,325,192,133
220000004,249,327,-78
220000005,832,1202,-370
220000006,204,519,-315
220000007,368,286,82
220000008,322,507,-185
220000009,254,294,-40
220000010,122,53,69
220000011,373,2210,-1837
220000012,78,205,-127
220000014,109,55,54
220000015,75,190,-115
220000017,64,145,-81
220000018,2514,891,1623
220000019,90,211,-121
220000020,384,186,198
220000021,671,134,537
220000022,792,376,416
220000023,349,181,168
220000024,1370,425,945
220000025,522,1054,-532
220000026,378,340,38
220000027,39,112,-73
220000028,34,39,-5
220000029,34,69,-35
220000030,77,68,9
220000031,436,372,64
220000064,14,721,-707
221000046,3,0,3
221000047,0,3,-3
221000048,0,2,-2
221000049,0,2,-2
221000050,17,0,17
221000055,37,26,11
221000057,74,1,73
221000068,262,141,121
221000069,281,68,213
221000070,169,36,133
221000071,89,9,80
221000072,237,18,219
221000073,143,25,118
221000074,0,14,-14
221000075,4,24,-20
221000076,12,32,-20
221000077,11,83,-72
221000081,17,6,11
221000082,50,11,39
221000083,43,1,42
221000084,9,2,7
221000085,11,45,-34
221000086,14,59,-45
221000087,1,93,-92
221000088,8,146,-138
221000089,34,184,-150
221000090,112,355,-243
221000098,102,12,90
221000099,176,10,166
221000100,129,5,124
221000101,210,20,190
221000102,112,5,107
221000109,4,43,-39
221000110,8,58,-50
221000111,23,177,-154
221000112,3,137,-134
221000113,18,132,-114
221000114,8,100,-92
221000120,26,13,13
221000121,8,29,-21
221000122,26,31,-5
221000123,16,21,-5
221000124,15,99,-84
221000155,58,19,39
221000156,57,42,15
221000175,0,8,-8
221000176,1,3,-2
221000182,45,3,42
221000241,504,250,254
221000242,95,386,-291
221000243,500,187,313
221000244,163,432,-269
221000245,87,107,-20
221000246,46,227,-181
221000247,144,91,53
221000248,148,131,17
221000267,69,412,-343
221000325,62,31,31
221000331,6,38,-32
221000338,8,12,-4
221000378,182,22,160
221000381,41,37,4
222000282,11,2,9
222000296,4,11,-7
222000568,216,31,185
222000569,161,34,127
222000570,134,15,119
222000571,279,13,266
222000577,14,121,-107
222000578,13,117,-104
222000579,27,95,-68
222000580,50,480,-430
222000599,2,95,-93
222000600,3,129,-126
222000601,5,598,-593
222000603,17,40,-23
222000604,1,37,-36
222000605,7,14,-7
222000606,2,11,-9
222000607,3,9,-6
222000608,19,18,1
222000609,45,114,-69
222000616,314,18,296
222000617,8,11,-3
222000618,15,2,13
222000620,21,10,11
222000621,29,11,18
222000623,448,6,442
222000624,320,6,314
222000625,448,18,430
222000636,56,3,53
222000686,18,15,3
222000687,42,25,17
222001066,144,0,144
222001067,16,1,15
222001068,59,13,46
222001069,59,15,44
222001082,10,24,-14
222001083,33,21,12
222001084,0,50,-50
222001085,0,90,-90
222001111,36,75,-39
222001112,137,17,120
222001313,26,3,23
222001314,1,97,-96
222001464,143,40,103
222001465,32,82,-50
222001484,78,26,52
222001485,23,29,-6
222001494,439,126,313
222001495,77,187,-110
222001496,338,53,285
222001497,112,216,-104
222001502,19,62,-43
222001503,89,30,59
222001504,19,212,-193
222001505,314,17,297
222001506,29,250,-221
222001507,290,30,260
222001510,437,30,407
222001511,48,215,-167
222001514,461,124,337
222001515,169,370,-201
222001518,246,45,201
222001519,42,125,-83
222001527,158,77,81
222001528,48,163,-115
222001529,244,45,199
222001530,77,178,-101
222001533,111,179,-68
222001534,226,61,165
222001535,275,260,15
222001536,59,170,-111
222001537,242,54,188
222001538,84,355,-271
222001563,683,60,623
222001564,74,305,-231
222001568,329,114,215
222001576,0,2,-2
222001579,0,2,-2
222001583,14,93,-79
222001584,98,11,87
222001596,396,736,-340
222001597,1236,269,967
222001626,0,81,-81
222001650,83,101,-18
222001651,80,233,-153
222001914,165,74,91
222001915,50,238,-188
222001968,522,286,236
222001969,347,404,-57
222001970,165,121,44
222001971,30,2,28
222001972,4,20,-16
225000001,403,191,212
225000002,503,131,372
225000003,579,98,481
225000004,387,170,217
225000005,60,46,14
225000006,0,136,-136
225000007,919,983,-64
225000010,228,6,222
225000011,222,799,-577
225000012,217,376,-159
225000013,72,81,-9
225000014,530,76,454
225000015,73,130,-57
225000021,571,153,418
225000027,150,303,-153
225000032,579,84,495
225000042,79,431,-352
225000049,28,52,-24
225000050,76,13,63
225000053,5,221,-216
225000058,577,146,431
225000067,124,119,5
225000068,59,176,-117
225000069,116,330,-214
225000070,114,289,-175
225000071,47,86,-39
225000075,22,460,-438
225000076,73,117,-44
225000078,63,58,5
225000085,57,153,-96
225000086,290,75,215
225000087,144,14,130
225000088,6,155,-149
225000089,228,724,-496
225000090,34,277,-243
225000091,149,98,51
225000092,16,66,-50
225000093,193,198,-5
225000094,15,180,-165
225000095,305,228,77
225000096,253,260,-7
225000098,550,278,272
225000099,270,153,117
225000100,334,127,207
225000104,68,302,-234
225000110,7,278,-271
225000111,162,588,-426
225000112,202,798,-596
225000113,116,473,-357
225000114,43,234,-191
225000115,1088,485,603
225000116,723,218,505
225000117,625,182,443
225000118,843,188,655
225000119,195,50,145
225000120,568,35,533
225000121,208,15,193
225000123,479,12,467
225000125,369,141,228
225000126,615,143,472
225000127,638,985,-347
225000128,542,654,-112
225000132,233,24,209
225000133,148,15,133
225000134,522,134,388
225000135,45,6,39
225000136,346,10,336
225000137,206,44,162
225000138,389,54,335
225000143,35,134,-99
225000144,2,249,-247
225000145,22,19,3
225000146,49,54,-5
225000147,33,181,-148
225000148,9,121,-112
225000149,68,264,-196
225000151,30,122,-92
225000155,354,342,12
225000156,132,604,-472
225000157,184,272,-88
225000158,55,172,-117
225000171,2,124,-122
225000180,58,15,43
225000181,0,53,-53
225000182,66,3,63
225000185,5,276,-271
225000187,37,240,-203
225000191,50,0,50
225000194,0,11,-11
225000208,2,33,-31
225000209,106,24,82
225000210,6,138,-132
225000217,0,11,-11
225000218,19,2,17
225000223,1,44,-43
225000224,41,1,40
225000225,2,49,-47
225000226,33,4,29
225000227,31,56,-25
225000228,2,5,-3
225000229,0,57,-57
225000230,19,0,19
225000231,0,66,-66
225000232,132,0,132
225000241,98,2,96
225000242,2,43,-41
225000249,6,1,5
225000250,46,420,-374
225000251,306,16,290
226000042,179,350,-171
226000043,47,185,-138
226000044,110,370,-260
226000045,43,226,-183
226000046,450,62,388
226000047,345,100,245
226000048,305,81,224
226000049,239,144,95
226000070,0,30,-30
226000071,0,64,-64
226000072,0,6,-6
226000073,0,16,-16
226000074,0,3,-3
226000084,1,25,-24
226000085,4,4,0
226000086,4,5,-1
226000087,3,13,-10
226000088,25,14,11
226000090,221,103,118
226000091,9,45,-36
226000092,3,19,-16
226000093,23,0,23
226000094,4,1,3
226000095,16,1,15
226000105,11,1,10
226000106,8,0,8
226000107,9,0,9
226000108,16,0,16
226000109,51,0,51
226000124,98,41,57
226000134,634,416,218
226000135,1254,468,786
226000136,476,301,175
226000137,8,241,-233
226000138,21,159,-138
226000139,2,20,-18
226000156,132,2,130
226000157,109,2,107
226000163,86,146,-60
226000202,6,144,-138
226000231,482,17,465
226000232,19,2,17
227000037,333,33,300
227000038,284,37,247
227000049,0,19,-19
227000050,2,47,-45
227000055,80,2,78
227000056,34,1,33
227000084,1,50,-49
227000085,1,42,-41
227000088,33,2,31
227000089,108,3,105
227000090,26,6,20
227000091,26,3,23
227000093,140,0,140
227000094,23,0,23
227000130,30,99,-69
227000131,11,122,-111
227000132,11,135,-124
227000133,15,131,-116
227000134,26,198,-172
227000152,0,5,-5
227000153,0,39,-39
227000155,0,16,-16
227000156,0,12,-12
227000165,4,43,-39
227000196,26,158,-132
227000199,301,15,286
227000230,14,217,-203
227000232,305,25,280
227000241,398,47,351
227000242,51,347,-296
227000243,450,98,352
227000244,351,106,245
227000245,18,233,-215
227000246,66,361,-295
227000247,457,83,374
227000248,176,25,151
227000249,33,181,-148
227000251,96,228,-132
227000252,29,201,-172
227000253,161,36,125
227000262,379,57,322
227000266,822,20,802
227000267,23,805,-782
227000486,353,207,146
227000655,290,2,288
227000661,92,28,64
227000680,115,43,72
229000265,5,36,-31
229000296,3,18,-15
229000297,4,22,-18
229000298,8,91,-83
229000320,7,2,5
229000321,11,2,9
229000412,11,46,-35
229000414,5,28,-23
229000415,16,5,11
229000416,0,7,-7
229000417,2,12,-10
229000419,58,224,-166
229000440,280,76,204
229000442,13,1,12
229000443,4,2,2
229000444,3,25,-22
229000445,45,2,43
229000446,72,14,58
229000847,48,0,48
229000848,11,0,11
229000849,107,1,106
229000851,46,0,46
229000854,0,20,-20
229000856,4,66,-62
229000857,0,18,-18
229000858,0,17,-17
229000919,10,71,-61
229000930,1,174,-173
229000937,137,14,123
229000966,80,20,60
229000981,21,17,4
229000985,11,15,-4
229000986,0,0,0
229000987,0,0,0
229000988,8,5,3
229000989,10,5,5
229000990,0,7,-7
229000991,0,2,-2
229000992,6,4,2
229000993,80,6,74
229000998,15,30,-15
229000999,52,13,39
229001034,0,8,-8
229001035,1,1,0
229001037,29,4,25
229001042,18,9,9
229001047,5,24,-19
229001050,28,52,-24
229001200,27,3,24
229001338,2,9,-7
229001394,250,2,248
229001422,136,20,116
229001423,17,90,-73
229001431,92,53,39
229001432,47,76,-29
229001444,110,38,72
229001445,28,141,-113
229001503,237,95,142
229001504,120,153,-33
229001505,156,65,91
229001506,87,119,-32
229001509,25,28,-3
229001545,117,6,111
229001546,10,78,-68
229001553,108,11,97
229001554,30,59,-29
229001559,3,4,-1
229001560,1,14,-13
229001630,46,1,45
229001631,14,28,-14
229001635,1,9,-8
229001636,10,0,10
229001658,0,116,-116
229001659,61,1,60
229001660,30,3,27
229001661,15,20,-5
229001662,18,1,17
229001663,0,12,-12
229002584,96,105,-9
229002831,111,100,11
229002841,13,13,0
229002842,3,9,-6
229002843,50,6,44
229002844,35,29,6
229002845,19,39,-20
229002846,31,11,20
229002847,1,6,-5
229002848,3,10,-7
229002849,5,46,-41
229002850,16,1,15
229002851,37,104,-67
229002852,151,24,127
229002853,110,13,97
229002854,52,40,12
229002855,6,30,-24
229002856,32,9,23
229002857,7,124,-117
229002858,28,4,24
229002859,21,98,-77
229002860,242,9,233
229002861,19,11,8
229002862,20,19,1
229002863,37,7,30
229002864,19,8,11
229002865,13,9,4
229002866,13,8,5
229002867,4,14,-10
229002868,8,10,-2
229002869,35,114,-79
229002870,30,10,20
235000066,285,52,233
235000067,51,70,-19
235000072,24,86,-62
235000073,52,232,-180
235000074,31,48,-17
235000080,15,83,-68
235000081,76,104,-28
235000082,269,49,220
235000083,174,62,112
235000084,31,41,-10
235000085,156,38,118
235000089,17,24,-7
235000092,19,106,-87
235000093,8,10,-2
235000097,7,3,4
235000098,87,15,72
235000099,35,25,10
235000116,69,10,59
235000117,419,11,408
235000133,5,340,-335
235000134,6,171,-165
235000206,10,7,3
235000207,3,7,-4
235000208,5,3,2
235000209,17,1,16
235000210,13,0,13
235000212,6,21,-15
235000213,1,14,-13
235000220,9,7,2
235000221,52,14,38
235000238,4,95,-91
235000239,0,26,-26
235000242,239,690,-451
235000245,547,178,369
235000246,9,62,-53
235000284,2,100,-98
235000295,94,6,88
235000305,207,10,197
235000306,252,5,247
235000307,10,1,9
235000308,10,0,10
235000309,45,1,44
235000310,15,0,15
235000311,53,7,46
235000322,0,16,-16
235000323,6,28,-22
235000324,1,18,-17
235000325,1,8,-7
235000326,1,120,-119
235000351,1,51,-50
235000352,13,20,-7
235000353,5,22,-17
235000354,9,22,-13
235000355,31,57,-26
235000356,58,11,47
235000357,32,4,28
235000358,127,5,122
235000359,23,2,21
235000360,20,0,20
235000361,48,4,44
235000381,93,147,-54
235000382,137,27,110
235000390,14,3,11
235000391,146,7,139
235000392,149,293,-144
235000393,98,146,-48
235000395,116,27,89
235000396,440,37,403
235000400,65,65,0
235000401,17,71,-54
235000405,82,213,-131
235000406,52,159,-107
235000407,48,56,-8
235000409,175,107,68
235000410,78,176,-98
235000411,0,54,-54
235000485,0,3,-3
235000486,7,0,7
235000549,90,68,22
235000550,79,103,-24
235000599,92,44,48
235000600,17,15,2
235000601,9,16,-7
235000602,50,34,16
235000614,0,2,-2
235000648,0,4,-4
235000649,32,4,28
235000685,3,6,-3
235000815,16,65,-49
235000834,0,4,-4
235000855,37,66,-29
235000862,74,85,-11
235000891,1,6,-5
235000892,11,1,10
235000901,29,73,-44
235000907,2,14,-12
235001010,50,39,11
235001029,372,300,72
235001030,309,198,111
235001078,98,77,21
235001079,58,52,6
235001147,26,26,0
235001166,19,45,-26
235001167,42,33,9
235001169,24,219,-195
235001188,1,6,-5
235001189,3,1,2
235001197,1,12,-11
235001200,53,44,9
235001207,340,42,298
235001210,88,112,-24
235001215,41,114,-73
235001239,1,34,-33
235001244,1,10,-9
235016267,0,25,-25
277102712,0,0,0
277103813,0,0,0
277104249,0,1,-1
277104250,0,18,-18
277104251,0,4,-4
277104252,0,1,-1
990011530,0,123,-123
990014944,0,237,-237
990015176,66,1,65
990016032,0,178,-178
990032570,0,21,-21
990070001,46,2,44
990070103,0,3,-3
990070601,0,29,-29
990070751,812,26,786
990070766,1,236,-235
990071180,392,123,269
990071343,23,0,23
990071387,5,7,-2
990071823,11,1,10
990072600,3,747,-744
990072964,5,178,-173
990073285,0,3,-3
990074393,0,503,-503
990074870,1357,4,1353
990075106,1145,3,1142
990075746,509,8,501
990076437,1159,4,1155
990076458,3,340,-337
997000007,478,4,474
997000041,0,134,-134
997000058,39,1,38
997000062,20,2,18
997000069,0,3,-3
997000070,0,20,-20
997000100,15,1,14
997000141,4,892,-888
997000198,130,817,-687
998000475,3,23,-20
998000736,0,105,-105
998000965,0,3,-3
998001031,0,57,-57
998001700,0,4,-4
998001899,0,1,-1
998001900,3,2,1
998003073,622,36,586
998101900,0,0,0
998102850,2,121,-119
998501927,833,647,186
998501929,149,41,108
998501930,30,1,29
998501931,109,8,101
998501932,9,1,8
998501933,34,4,30
998501937,5,1,4
998501944,4,1,3
998501950,0,5,-5
998501970,40,4,36
998501971,0,38,-38
998501973,0,28,-28
998501974,3,173,-170
998501975,63,0,63
998501976,88,0,88
998501977,0,8,-8
998501978,4,0,4
998501979,0,11,-11
998501980,21,6,15
998501981,38,0,38
998501982,0,59,-59
998501983,0,1,-1
998502006,0,0,0
998502032,0,1,-1
998502062,20,1,19
998502063,0,0,0
998502173,39,1,38
998502269,0,0,0
998502546,1,135,-134
998502578,2,4,-2
998502599,24,233,-209
998502621,0,1,-1
998601159,3,80,-77
998601292,1,9,-8
999033574,1,303,-302
999800001,19,4,15
999800002,0,18,-18
999800003,3,0,3
999800004,0,1,-1
999800005,0,12,-12
