ID,insum,outsum,diff
100000001,467,569,-102
100000002,2129,1900,229
100000003,3568,3411,157
100000004,613,681,-68
100000005,1825,3577,-1752
100000006,410,182,228
100000007,1399,649,750
100000008,163,441,-278
100000009,373,266,107
100000010,36,83,-47
100000011,877,126,751
100000012,78,1042,-964
100000013,29,287,-258
100000014,268,352,-84
100000015,1190,1676,-486
100000016,591,1103,-512
100000017,435,716,-281
100000018,995,555,440
100000019,2211,1829,382
100000020,1022,4093,-3071
100000021,3611,2172,1439
100000022,732,2062,-1330
100000023,3262,1283,1979
100000025,524,970,-446
100000028,744,859,-115
100000029,110,303,-193
100000030,98,43,55
100000031,1433,3916,-2483
100000032,1319,3049,-1730
100000033,822,2008,-1186
100000034,151,606,-455
100000035,921,1318,-397
100000036,1030,1075,-45
100000037,567,367,200
100000038,1821,784,1037
100000039,365,192,173
100000040,205,129,76
100000041,1039,363,676
100000042,785,413,372
100000043,693,569,124
100000044,270,696,-426
100000045,382,773,-391
100000046,474,581,-107
100000047,191,308,-117
100000048,221,398,-177
100000049,1040,1136,-96
100000051,455,688,-233
100000053,133,6,127
100000054,361,25,336
100000055,755,245,510
100000056,401,411,-10
100000057,1584,457,1127
100000058,661,805,-144
100000059,9,132,-123
100000060,370,216,154
100000061,2022,366,1656
100000062,1772,424,1348
100000063,705,190,515
100000064,1089,295,794
100000065,260,489,-229
100000066,165,439,-274
100000067,311,494,-183
100000068,409,1036,-627
100000069,286,864,-578
100000072,230,438,-208
100000073,738,767,-29
100000075,775,258,517
100000076,1101,2358,-1257
100000077,127,190,-63
100000078,11,18,-7
100000079,18,38,-20
100000080,23,51,-28
100000081,83,151,-68
100000102,1703,2103,-400
100000103,1608,1154,454
100000104,2231,2094,137
100000105,1642,1318,324
100000106,1464,2038,-574
100000107,238,912,-674
100000108,303,650,-347
100000109,1195,867,328
100000116,672,691,-19
100000117,53,98,-45
100000118,741,1076,-335
100000119,524,650,-126
100000121,214,333,-119
100000122,621,871,-250
100000123,1324,2697,-1373
100000124,2447,4020,-1573
100000125,2212,1277,935
100000126,397,359,38
100000127,856,352,504
100000128,981,1594,-613
100000129,344,395,-51
100000130,379,314,65
100000131,1382,1957,-575
100000132,635,1818,-1183
100000133,2455,1366,1089
100000135,453,913,-460
100000139,239,378,-139
100000140,255,243,12
100000142,386,435,-49
100000143,1134,427,707
100000144,2465,670,1795
100000147,829,2584,-1755
100000150,56,310,-254
100000151,692,1179,-487
100000153,122,293,-171
100000154,27,208,-181
100000155,7,41,-34
100000156,307,402,-95
100000157,185,123,62
100000158,223,117,106
100000159,233,434,-201
100000165,993,668,325
100000169,114,810,-696
100000174,280,792,-512
100000179,96,370,-274
100000180,707,1114,-407
100000181,350,201,149
100000188,60,128,-68
100000189,900,270,630
100000190,471,804,-333
100000191,540,488,52
100000192,17,69,-52
100000193,229,156,73
100000330,715,729,-14
100000355,165,490,-325
100000362,3076,1898,1178
100000363,3575,3762,-187
100000364,140,292,-152
100000365,4272,6146,-1874
100000366,3456,2075,1381
100000367,3615,5553,-1938
100000368,1832,870,962
100000369,678,1742,-1064
100000370,123,774,-651
100000376,60,86,-26
100000379,1382,1227,155
100000380,3105,3449,-344
100000384,3459,4313,-854
100000385,2121,3331,-1210
100000386,3756,3761,-5
100000387,2747,4008,-1261
100000388,3677,4441,-764
100000389,3895,4778,-883
100000390,4646,4940,-294
100000391,3497,5707,-2210
100000392,2109,3409,-1300
100000393,1644,3683,-2039
100000394,4565,6553,-1988
100000395,3311,4123,-812
100000396,4678,2813,1865
100000397,3157,5829,-2672
100000398,7590,5611,1979
100000413,15,4,11
100000414,205,405,-200
100900002,3,13,-10
100900003,337,189,148
100900004,17,601,-584
100900005,72,14,58
100900006,15,56,-41
100900007,149,1,148
100900008,1,234,-233
100900009,39,109,-70
100900010,34,43,-9
100900011,129,129,0
100900012,0,119,-119
100900013,517,3,514
100900014,4,3,1
100900015,49,46,3
100900016,2,19,-17
100900017,587,49,538
100900018,0,9,-9
100900019,12,46,-34
100900020,296,8,288
100900021,371,1,370
100900022,7,33,-26
100900023,0,12,-12
100900024,222,4,218
100900025,14,6,8
100900026,94,83,11
100900027,352,1760,-1408
100900028,84,153,-69
100900029,27,5,22
100900030,7,57,-50
100900031,494,46,448
100900032,296,0,296
100900033,139,122,17
100900034,578,3,575
100900035,189,0,189
100900036,4,0,4
100900037,81,106,-25
100900038,95,31,64
100900039,232,351,-119
100900040,355,355,0
100900041,574,395,179
100900042,893,982,-89
100900043,0,13,-13
100900044,1059,393,666
100900045,5,2,3
100900046,698,9,689
100900047,292,76,216
100900048,86,20,66
100900049,89,104,-15
100900050,1,3,-2
100900051,15,52,-37
100900052,216,27,189
100900053,354,11,343
100900054,3,27,-24
100900055,117,552,-435
100900056,48,83,-35
100900057,980,828,152
100900058,171,24,147
100900059,59,2,57
100900060,138,1,137
100900061,316,132,184
100900062,5,36,-31
100900063,190,535,-345
100900064,435,23,412
100900065,44,104,-60
100900066,147,131,16
100900067,3,7,-4
100900068,86,66,20
100900069,242,16,226
100900070,300,4,296
100900071,520,157,363
100900072,1,18,-17
100900073,128,232,-104
100900074,2,1,1
100900075,1208,242,966
100900076,5,31,-26
100900077,29,37,-8
100900078,42,167,-125
100900079,8,19,-11
100900080,35,68,-33
100900081,34,84,-50
100900082,149,351,-202
100900083,4,17,-13
100900085,9,292,-283
100900086,84,327,-243
100900088,93,294,-201
100900089,1,7,-6
100900090,58,305,-247
100900091,3,12,-9
100900092,138,100,38
100900093,201,180,21
100900094,128,213,-85
100900095,1,16,-15
100900096,29,84,-55
100900097,5,5,0
100900098,2,10,-8
100900099,18,271,-253
100900100,6,341,-335
100900101,142,28,114
100900102,41,74,-33
100900103,15,4,11
100900104,7,94,-87
100900105,26,428,-402
100900106,29,2,27
100900107,1149,582,567
100900108,3,29,-26
100900109,4,8,-4
100900110,4,21,-17
100900111,23,131,-108
100900112,4,10,-6
100900113,10,22,-12
100900114,7,11,-4
100900115,8,19,-11
100900116,578,455,123
100900117,218,636,-418
100900118,7,31,-24
100900119,3,6,-3
100900120,9,17,-8
100900121,222,298,-76
100900122,91,75,16
100900123,71,99,-28
100900124,3,5,-2
100900125,5,41,-36
100900126,131,111,20
100900127,3,2,1
100900128,66,98,-32
100900129,2,123,-121
100900131,57,159,-102
100900133,48,19,29
100900134,4,3,1
100900135,1,147,-146
100900137,228,106,122
100900138,280,357,-77
100900139,3,4,-1
100900140,4,274,-270
100900141,2,534,-532
100900142,7,9,-2
100900143,388,317,71
100900144,4,8,-4
100900145,62,197,-135
100900147,7,429,-422
100900148,47,373,-326
100900149,14,185,-171
100900151,98,326,-228
100900152,55,9,46
100900153,2,137,-135
100900154,66,56,10
100900155,2,2,0
100900156,16,1,15
100900157,9,97,-88
100900159,1,19,-18
100900160,6,1,5
100900161,29,5,24
100900162,20,165,-145
100900163,147,97,50
100900164,35,36,-1
100900165,1,7,-6
100900166,14,2,12
100900167,12,48,-36
100900168,29,82,-53
100900169,84,634,-550
100900170,20,7,13
100900171,6,361,-355
100900172,0,19,-19
100900173,6,179,-173
100900174,123,16,107
100900176,1144,115,1029
100900177,435,187,248
100900178,273,108,165
100900179,151,198,-47
100900180,7,3,4
100900181,52,88,-36
100900182,11,21,-10
100900184,12,64,-52
100900186,347,242,105
100900187,17,64,-47
100900188,22,3,19
100900189,962,162,800
100900191,569,756,-187
100900192,154,306,-152
100900195,88,133,-45
100900197,10,36,-26
100900198,25,89,-64
100900199,3,10,-7
100900200,582,287,295
100900201,57,414,-357
100900202,52,0,52
100900203,0,147,-147
100900204,89,478,-389
100900205,142,414,-272
100900206,160,47,113
100900207,214,91,123
100900210,52,244,-192
100900211,373,89,284
100900213,117,29,88
100900214,385,108,277
100900215,9,28,-19
100900217,77,93,-16
101000001,2167,1606,561
101000002,4413,4348,65
101000003,343,846,-503
101000004,5171,4868,303
101000005,2737,3682,-945
101000006,4257,4699,-442
101000007,2033,2665,-632
101000009,1975,836,1139
101000010,774,714,60
101000011,935,264,671
101000012,804,568,236
101000013,523,808,-285
101000014,292,346,-54
101000015,913,557,356
101000016,197,293,-96
101000017,330,270,60
101000018,1524,1618,-94
101000020,1507,719,788
101000021,526,289,237
101000022,100,53,47
101000023,786,491,295
101000025,234,301,-67
101000026,210,26,184
101000027,1348,2145,-797
101000028,741,175,566
101000029,117,1197,-1080
101000030,1112,79,1033
101000031,420,704,-284
101000032,4292,3757,535
101000033,1449,2699,-1250
101000034,1138,1333,-195
101000035,451,166,285
101000036,864,849,15
101000037,1383,1421,-38
101000039,1089,1681,-592
101000040,1894,3403,-1509
101000041,4515,6307,-1792
101000042,229,791,-562
101000043,3984,5560,-1576
101000045,857,887,-30
101000046,1807,1351,456
101000047,1254,2956,-1702
101000048,408,405,3
101000049,428,1459,-1031
101000050,912,1219,-307
101000051,886,1980,-1094
101000052,1016,818,198
101000053,548,953,-405
101000054,893,550,343
101000055,825,902,-77
101000056,23,68,-45
101000057,1022,950,72
101000058,703,995,-292
101000059,1177,1628,-451
101000060,1203,513,690
101000061,499,1072,-573
101000062,365,670,-305
101000063,378,797,-419
101000064,736,867,-131
101000065,224,347,-123
101000066,696,832,-136
101000067,842,869,-27
101000068,161,303,-142
101000069,202,60,142
101000070,601,745,-144
101000071,1633,728,905
101000072,443,1984,-1541
101000073,520,885,-365
101000074,3004,2775,229
101000075,2250,3584,-1334
101000077,989,950,39
101000078,582,1205,-623
101000079,1025,309,716
101000080,923,498,425
101000081,1300,1325,-25
101000082,2155,2053,102
101000083,1893,1946,-53
101000084,886,576,310
101000085,1175,919,256
101000086,760,985,-225
101000087,536,671,-135
101000088,885,921,-36
101000089,799,1215,-416
101000090,1447,817,630
101000091,382,529,-147
101000092,951,635,316
101000093,1047,521,526
101000094,756,635,121
101000095,456,360,96
101000096,285,313,-28
101000097,298,312,-14
101000098,304,431,-127
101000099,509,703,-194
101000100,620,672,-52
101000101,202,279,-77
101000102,459,362,97
101000103,398,372,26
101000104,271,513,-242
101000105,186,378,-192
101000106,440,779,-339
101000107,226,297,-71
101000108,523,167,356
101000109,355,54,301
101000110,32,238,-206
101000111,81,156,-75
101000113,131,516,-385
101000114,4947,5821,-874
101000115,80,89,-9
101000116,67,56,11
101000117,864,129,735
101000119,23,46,-23
101000120,81,39,42
101000121,41,35,6
101000122,73,94,-21
101000123,47,79,-32
101000124,792,198,594
101000125,177,357,-180
101000128,194,417,-223
101000130,151,231,-80
101000131,761,441,320
101000132,575,552,23
101000135,14,31,-17
101000136,286,121,165
101000137,15,195,-180
101000141,620,2466,-1846
101000147,731,343,388
101000148,621,16,605
101000149,231,250,-19
101000150,105,414,-309
101000151,223,34,189
101000152,201,212,-11
101000153,272,180,92
101000154,277,652,-375
101000155,277,136,141
101000156,17,262,-245
101000157,29,26,3
101000160,23,26,-3
101000163,161,292,-131
101000164,288,230,58
101000165,165,278,-113
101000166,143,177,-34
101000168,702,326,376
101000252,1769,720,1049
101000254,144,65,79
101000258,40,9,31
101000261,123,40,83
101000262,975,2130,-1155
101000263,212,805,-593
101000265,71,585,-514
101000266,240,210,30
101000269,28,16,12
101000290,507,1711,-1204
101000293,22,28,-6
101000294,426,281,145
101000295,117,236,-119
101000301,368,418,-50
101000304,1413,1816,-403
101000305,2174,851,1323
101000328,146,340,-194
101900001,16,32,-16
101900002,0,7,-7
101900003,33,43,-10
101900004,4,51,-47
101900005,1892,1852,40
101900006,828,291,537
101900007,555,117,438
101900008,41,180,-139
101900009,24,256,-232
101900010,570,521,49
101900011,84,678,-594
101900012,193,93,100
101900013,566,118,448
101900017,11,110,-99
101900018,758,220,538
101900019,203,125,78
101900020,19,29,-10
101900021,0,31,-31
101900022,92,682,-590
101900023,83,117,-34
101900026,98,31,67
101900027,12,85,-73
102000001,1899,3591,-1692
102000002,1601,759,842
102000003,2063,5277,-3214
102000004,3119,2021,1098
102000005,833,1690,-857
102000006,704,1292,-588
102000007,1170,3731,-2561
102000008,2662,1097,1565
102000009,4661,6151,-1490
102000010,3417,2075,1342
102000011,2590,1998,592
102000012,2326,1978,348
102000018,1860,1861,-1
102000019,1600,1037,563
102000026,119,324,-205
102000029,151,150,1
102000030,93,257,-164
102000031,49,95,-46
102000032,371,206,165
102000033,234,270,-36
102000034,306,225,81
102000035,547,429,118
102000036,13,155,-142
102000037,104,40,64
102000038,121,246,-125
102000039,135,59,76
102000040,295,158,137
102000041,109,305,-196
102000042,112,205,-93
102000043,127,171,-44
102000044,253,302,-49
102000045,646,519,127
102000046,786,457,329
102000047,619,640,-21
102000048,289,514,-225
102000049,714,544,170
102000050,724,790,-66
102000051,326,491,-165
102000052,827,515,312
102000053,624,624,0
102000054,610,838,-228
102000055,1026,525,501
102000056,870,632,238
102000057,1113,396,717
102000058,859,889,-30
102000059,993,1011,-18
102000060,861,787,74
102000061,1453,1233,220
102000062,1544,765,779
102000063,812,919,-107
102000064,556,585,-29
102000065,56,121,-65
102000066,590,729,-139
102000067,1563,1981,-418
102000068,6868,2053,4815
102000069,96,1918,-1822
102000070,1068,53,1015
102000071,5156,6186,-1030
102000072,1839,2689,-850
102000073,459,477,-18
102000074,538,701,-163
102000075,88,221,-133
102000076,186,240,-54
102000077,491,583,-92
102000078,772,552,220
102000079,144,174,-30
102000080,182,158,24
102000081,238,670,-432
102000082,506,313,193
102000083,522,178,344
102000084,398,167,231
102000085,1280,575,705
102000086,987,696,291
102000087,610,937,-327
102000088,298,238,60
102000089,1013,299,714
102000090,317,720,-403
102000091,881,418,463
102000092,249,505,-256
102000093,526,592,-66
102000094,638,618,20
102000095,728,859,-131
102000096,435,643,-208
102000097,488,526,-38
102000098,385,546,-161
102000099,559,643,-84
102000100,386,1186,-800
102000101,535,655,-120
102000102,177,982,-805
102000103,932,297,635
102000104,398,209,189
102000105,194,359,-165
102000106,710,440,270
102000107,1137,333,804
102000108,594,159,435
102000109,448,464,-16
102000110,1095,672,423
102000111,4,381,-377
102000112,107,77,30
102000113,17,33,-16
102000114,705,254,451
102000115,195,228,-33
102000116,188,327,-139
102000117,85,298,-213
102000118,740,1008,-268
102000119,948,606,342
102000120,165,313,-148
102000121,840,424,416
102000122,476,664,-188
102000123,845,692,153
102000124,868,802,66
102000125,714,632,82
102000126,656,501,155
102000127,1114,520,594
102000128,668,612,56
102000129,1024,490,534
102000130,711,443,268
102000131,956,370,586
102000132,380,495,-115
102000133,1861,1338,523
102000134,631,514,117
102000135,457,585,-128
102000136,634,387,247
102000137,600,489,111
102000138,148,295,-147
102000139,56,341,-285
102000140,174,302,-128
102000141,136,283,-147
102000142,249,275,-26
102000143,157,212,-55
102000144,258,246,12
102000145,258,317,-59
102000146,337,177,160
102000147,362,338,24
102000148,171,447,-276
102000149,195,216,-21
102000150,323,69,254
102000151,72,112,-40
102000152,198,92,106
102000153,932,432,500
102000154,175,403,-228
102000155,51,200,-149
102000156,209,86,123
102000157,95,307,-212
102000158,359,314,45
102000159,547,391,156
102000161,1963,1547,416
102000162,137,110,27
102000163,89,425,-336
102000164,537,798,-261
102000165,231,115,116
102000166,111,152,-41
102000167,163,157,6
102000168,194,138,56
102000169,89,405,-316
102000170,294,144,150
102000171,126,164,-38
102000172,70,305,-235
102000173,331,231,100
102000174,68,37,31
102000175,97,70,27
102000176,66,16,50
102000178,223,268,-45
102000179,312,189,123
102000180,790,267,523
102000181,702,300,402
102000182,480,383,97
102000183,1468,1151,317
102000184,1417,480,937
102000185,2263,823,1440
102000186,1031,1031,0
102000187,530,827,-297
102000188,968,900,68
102000189,1278,480,798
102000190,353,1977,-1624
102000191,728,324,404
102000192,844,932,-88
102000193,61,122,-61
102000194,54,92,-38
102000195,292,304,-12
102000196,207,216,-9
102000197,566,230,336
102000198,190,380,-190
102000199,835,181,654
102000200,234,597,-363
102000201,891,315,576
102000202,3,94,-91
102000203,402,141,261
102000204,424,460,-36
102000205,825,365,460
102000206,623,375,248
102000207,497,271,226
102000208,341,279,62
102000209,37,33,4
102000210,514,279,235
102000211,216,127,89
102000212,305,6,299
102000213,11,159,-148
102000214,245,9,236
102000215,9,262,-253
102000216,82,51,31
102000217,16,62,-46
102000218,253,138,115
102000219,246,183,63
102000225,454,480,-26
102000226,1411,805,606
102000227,103,0,103
102000228,1,111,-110
102000229,33,52,-19
102000230,279,244,35
102000231,190,309,-119
102000232,24,106,-82
102000233,311,390,-79
102000234,69,746,-677
102000236,187,65,122
102000237,301,92,209
102000238,151,170,-19
102000240,330,484,-154
102000241,95,84,11
102000243,31,39,-8
102000245,11,85,-74
102000246,11,45,-34
102000247,509,505,4
102000248,434,800,-366
102000249,90,106,-16
102000250,59,220,-161
102000254,130,162,-32
102000266,26,216,-190
102000271,9,1,8
102000286,302,288,14
102000297,1330,655,675
102000307,0,2,-2
102000316,228,187,41
102900001,874,507,367
102900002,332,15,317
102900003,75,122,-47
102900005,412,182,230
102900006,402,74,328
102900007,343,22,321
102900008,163,27,136
102900009,269,133,136
102900010,202,757,-555
102900011,1276,223,1053
102900012,328,83,245
102900013,27,48,-21
102900015,464,380,84
102900016,45,66,-21
102900017,154,318,-164
102900018,20,64,-44
102900019,274,205,69
102900020,178,31,147
102900021,21,63,-42
102900022,460,145,315
102900023,19,31,-12
102900024,65,37,28
102900025,113,60,53
102900026,204,1528,-1324
102900027,68,33,35
102900028,123,647,-524
102900029,90,162,-72
102900030,245,199,46
102900031,218,100,118
102900032,78,56,22
102900033,80,111,-31
102900034,540,50,490
102900035,108,153,-45
102900036,267,267,0
102900037,309,254,55
102900038,376,227,149
102900039,11,403,-392
102900040,97,224,-127
102900041,100,129,-29
102900042,140,234,-94
102900043,120,187,-67
102900044,339,1196,-857
102900045,122,383,-261
102900046,83,166,-83
102900047,112,368,-256
102900048,456,397,59
102900049,134,248,-114
102900050,133,247,-114
102900051,127,139,-12
102900053,261,401,-140
102900054,316,730,-414
102900055,30,142,-112
102900056,135,272,-137
102900057,4,49,-45
102900058,256,66,190
102900059,15,47,-32
102900060,82,325,-243
102900061,118,273,-155
102900062,214,515,-301
102900063,878,285,593
102900064,67,275,-208
102900065,767,215,552
102900066,242,9,233
102900068,80,58,22
102900070,168,347,-179
102900072,26,41,-15
102900073,114,2,112
102900075,48,88,-40
102900076,96,106,-10
102900077,22,17,5
102900078,14,31,-17
102900079,154,10,144
102900080,315,17,298
102900081,89,185,-96
102900082,10,155,-145
102900083,146,11,135
102900084,6,42,-36
102900085,251,80,171
102900086,15,59,-44
102900087,105,72,33
102900088,43,17,26
102900089,197,88,109
102900090,5,211,-206
102900091,114,3,111
102900092,236,497,-261
102900094,1,137,-136
102900095,86,1,85
102900096,61,19,42
102900097,2,100,-98
103000001,1873,1690,183
103000002,1473,1609,-136
103000003,2296,1885,411
103000004,687,468,219
103000005,1303,2434,-1131
103000006,669,1086,-417
103000007,303,398,-95
103000008,747,446,301
103000009,994,721,273
103000010,178,91,87
103000011,1120,836,284
103000012,1111,1061,50
103000013,2340,1278,1062
103000014,977,1901,-924
103000015,1094,433,661
103000016,426,1024,-598
103000017,163,296,-133
103000018,429,234,195
103000019,254,245,9
103000020,1907,1110,797
103000021,1631,1844,-213
103000022,486,678,-192
103000023,493,1567,-1074
103000024,75,70,5
103000025,108,559,-451
103000026,466,97,369
103000027,216,422,-206
103000028,225,261,-36
103000029,128,179,-51
103000030,859,746,113
103000031,802,1314,-512
103000032,1647,974,673
103000033,2443,2228,215
103000034,976,771,205
103000035,288,943,-655
103000036,302,329,-27
103000037,371,295,76
103000038,352,658,-306
103000039,388,275,113
103000040,334,651,-317
103000041,1242,1227,15
103000042,1061,296,765
103000043,496,674,-178
103000044,214,137,77
103000046,279,295,-16
103000047,472,420,52
103000048,144,160,-16
103000049,81,95,-14
103000050,597,302,295
103000051,401,329,72
103000052,621,237,384
103000053,172,423,-251
103000054,2110,820,1290
103000055,1597,1460,137
103000056,627,824,-197
103000057,558,161,397
103000058,546,493,53
103000059,424,597,-173
103000060,709,402,307
103000061,400,686,-286
103000062,829,332,497
103000063,642,714,-72
103000064,126,112,14
103000065,10,316,-306
103000066,197,10,187
103000069,308,312,-4
103000070,740,509,231
103000071,1065,399,666
103000072,85,382,-297
103000073,495,96,399
103000074,516,67,449
103000075,74,367,-293
103000076,199,283,-84
103000077,19,181,-162
103000078,525,478,47
103000079,372,461,-89
103000080,545,285,260
103000081,313,952,-639
103000082,345,156,189
103000083,108,251,-143
103000084,105,8,97
103000085,4,143,-139
103000086,306,277,29
103000087,52,411,-359
103000088,171,265,-94
103000089,169,356,-187
103000090,1549,677,872
103000091,400,442,-42
103000092,200,174,26
103000093,211,262,-51
103000094,140,49,91
103000095,47,293,-246
103000096,464,60,404
103000097,65,535,-470
103000098,614,129,485
103000099,210,533,-323
103000100,135,451,-316
103000101,786,117,669
103000102,83,356,-273
103000103,522,110,412
103000104,39,76,-37
103000105,124,71,53
103000106,8,89,-81
103000107,152,51,101
103000108,849,535,314
103000109,329,290,39
103000110,338,377,-39
103000111,283,275,8
103000112,191,144,47
103000113,283,369,-86
103000114,921,292,629
103000115,517,343,174
103000116,516,320,196
103000117,349,308,41
103000118,262,333,-71
103000119,743,287,456
103000120,40,66,-26
103000121,137,386,-249
103000122,290,385,-95
103000125,7,140,-133
103000126,606,2,604
103000127,1,113,-112
103000128,135,3,132
103000129,0,83,-83
103000130,41,29,12
103000131,73,68,5
103000132,49,93,-44
103000133,20,72,-52
103000134,221,584,-363
103000135,339,209,130
103000136,380,344,36
103000137,335,451,-116
103000138,506,560,-54
103000139,3,44,-41
103000140,82,17,65
103000141,46,103,-57
103000142,119,44,75
103000143,44,127,-83
103000144,118,40,78
103000145,18,83,-65
103000150,155,26,129
103000152,148,202,-54
103000153,154,101,53
103000156,6,206,-200
103000157,334,0,334
103000159,118,21,97
103000162,52,13,39
103000163,7,21,-14
103000164,10,12,-2
103000165,57,135,-78
103000166,180,275,-95
103000167,137,86,51
103000168,71,120,-49
103000169,161,327,-166
103000170,784,249,535
103000171,28,94,-66
103000172,339,236,103
103000173,507,273,234
103000174,188,259,-71
103000175,297,153,144
103000176,681,461,220
103000177,347,277,70
103000178,162,211,-49
103000179,160,29,131
103000183,110,6,104
103000185,97,33,64
103000186,112,126,-14
103000187,469,230,239
103000188,11,67,-56
103000189,554,529,25
103000191,277,304,-27
103000292,1326,1217,109
103000293,557,1850,-1293
103000295,65,108,-43
103000296,164,6,158
103000297,2,8,-6
103000504,1,10,-9
103000505,5,7,-2
103000506,1,234,-233
103000507,172,4,168
103000508,55,34,21
103000509,213,440,-227
103000514,15,0,15
103900001,1,122,-121
103900002,634,108,526
103900003,599,23,576
103900004,85,0,85
103900005,2,140,-138
103900006,2,1,1
103900007,70,2,68
103900008,10,0,10
103900009,223,367,-144
103900010,107,209,-102
103900011,311,92,219
103900012,18,43,-25
103900013,67,51,16
103900014,40,9,31
103900015,50,7,43
103900016,242,128,114
103900017,33,47,-14
103900018,525,124,401
103900019,62,285,-223
103900020,167,306,-139
103900021,260,37,223
103900022,738,430,308
103900023,179,0,179
103900024,58,225,-167
103900025,12,22,-10
103900026,24,0,24
103900027,595,149,446
103900028,19,195,-176
103900029,950,179,771
103900030,239,116,123
103900031,16,1,15
103900032,95,70,25
103900033,66,12,54
103900034,16,83,-67
103900035,91,27,64
103900036,14,29,-15
103900037,62,53,9
103900038,85,207,-122
103900039,88,208,-120
103900040,4,78,-74
103900041,42,30,12
103900042,61,187,-126
103900043,142,46,96
103900044,64,179,-115
103900045,374,131,243
103900047,75,28,47
103900048,35,14,21
103900049,178,739,-561
103900050,7,105,-98
103900051,1,30,-29
103900052,160,273,-113
103900053,210,334,-124
103900054,102,215,-113
103900055,363,140,223
103900056,77,42,35
103900057,33,59,-26
103900058,241,377,-136
103900059,0,17,-17
103900060,39,121,-82
103900061,163,36,127
103900062,254,75,179
103900063,2,0,2
103900064,130,2,128
103900065,593,306,287
103900066,146,39,107
103900067,131,4,127
103900068,5,0,5
103900069,47,3,44
103900070,96,114,-18
103900071,10,72,-62
103900072,17,119,-102
103900073,16,20,-4
103900074,82,44,38
103900075,158,34,124
103900076,526,360,166
103900077,35,91,-56
103900078,258,84,174
103900079,110,125,-15
103900080,6,23,-17
103900081,92,14,78
103900082,6,96,-90
103900083,977,954,23
103900084,34,107,-73
103900085,56,98,-42
103900086,681,267,414
103900088,256,410,-154
103900089,38,122,-84
103900090,2,67,-65
103900091,882,172,710
103900092,555,313,242
103900093,38,192,-154
103900094,4,68,-64
103900095,122,149,-27
103900096,17,90,-73
103900097,9,292,-283
103900098,183,61,122
103900099,80,74,6
103900100,214,201,13
103900101,58,747,-689
103900102,1,10,-9
103900104,0,20,-20
103900105,88,122,-34
103900106,0,42,-42
103900107,108,124,-16
103900108,79,214,-135
103900109,136,52,84
103900110,156,33,123
103900111,102,334,-232
103900112,20,52,-32
103900113,84,145,-61
103900114,224,203,21
103900115,155,132,23
103900116,2606,2318,288
103900117,80,37,43
103900119,30,70,-40
103900120,52,62,-10
103900122,93,127,-34
103900123,947,494,453
103900124,45,277,-232
103900125,102,51,51
103900126,447,196,251
103900127,138,269,-131
103900128,97,80,17
103900131,19,74,-55
103900133,672,11,661
103900134,0,6,-6
103900135,10,6,4
103900137,1,29,-28
103900138,96,123,-27
103900139,400,1687,-1287
103900140,7,152,-145
103900141,169,28,141
103900142,169,63,106
103900143,75,3,72
103900144,0,20,-20
103900145,121,155,-34
103900146,241,134,107
103900147,257,86,171
103900148,179,174,5
103900149,319,390,-71
103900150,3325,2962,363
103900151,29,119,-90
103900152,531,230,301
103900153,11,4,7
103900154,395,1378,-983
103900155,34,190,-156
103900156,36,121,-85
103900157,42,91,-49
103900158,108,80,28
103900159,164,34,130
103900160,25,23,2
103900161,73,103,-30
103900162,46,94,-48
103900163,13,322,-309
103900167,15,75,-60
103900168,98,42,56
103900169,25,35,-10
103900170,0,74,-74
103900171,0,35,-35
103900172,4,13,-9
103900173,11,9,2
103900174,181,33,148
103900175,36,70,-34
103900176,20,28,-8
103900177,8,68,-60
103900178,66,36,30
103900179,66,63,3
103900180,9,29,-20
103900181,32,39,-7
103900182,47,7,40
103900184,275,67,208
103900185,86,291,-205
103900187,9,60,-51
103900188,35,22,13
103900189,68,8,60
103900190,54,51,3
103900191,26,28,-2
103900192,19,53,-34
103900193,77,74,3
103900194,38,105,-67
103900195,3,85,-82
103900196,28,15,13
103900197,22,26,-4
103900198,20,29,-9
103900199,113,44,69
103900200,160,92,68
103900201,89,108,-19
103900202,18,25,-7
103900203,32,6,26
103900204,1,61,-60
103900207,0,39,-39
103900208,97,1,96
103900209,6,68,-62
103900210,34,19,15
103900211,401,221,180
103900212,65,218,-153
103900213,46,137,-91
103900214,177,143,34
103900215,162,280,-118
103900216,12,175,-163
103900217,274,16,258
103900218,26,235,-209
103900219,152,142,10
103900233,22,0,22
103900235,17,16,1
103900236,14,2,12
103900242,1,23,-22
103900243,7,6,1
103900244,88,90,-2
103900245,108,90,18
103900246,33,15,18
103900247,34,74,-40
103900248,9,47,-38
103900249,10,30,-20
103900250,12,28,-16
103900251,2,39,-37
103900253,13,62,-49
103900254,5,22,-17
103900255,5,22,-17
103900256,6,19,-13
103900257,151,92,59
103900258,17,9,8
103900259,52,9,43
103900261,6,3,3
103900262,13,2,11
103900263,32,22,10
103900264,16,23,-7
103900265,18,8,10
103900266,1,76,-75
103900267,1,45,-44
103900268,7,48,-41
103900269,134,25,109
103900270,62,87,-25
103900271,19,38,-19
103900272,54,43,11
103900273,27,10,17
103900274,86,7,79
103900275,41,7,34
103900276,7,23,-16
103900277,1,24,-23
103900278,5,20,-15
103900279,5,39,-34
103900280,1,51,-50
103900281,146,204,-58
103900282,10,15,-5
103900283,64,24,40
103900284,23,16,7
103900285,9,46,-37
103900286,24,79,-55
103900287,3,61,-58
103900288,44,124,-80
103900289,29,0,29
103900290,46,36,10
103900291,26,0,26
103900292,8,5,3
103900293,11,10,1
103900294,13,19,-6
104000001,1879,1164,715
104000002,1214,1536,-322
104000003,1680,1499,181
104000004,1970,1673,297
104000005,1170,1286,-116
104000006,2238,2035,203
104000007,2930,3393,-463
104000008,169,148,21
104000009,135,97,38
104000010,133,243,-110
104000011,253,144,109
104000012,99,177,-78
104000013,153,155,-2
104000014,157,394,-237
104000015,277,110,167
104000016,419,201,218
104000018,673,109,564
104000019,575,169,406
104000020,94,314,-220
104000021,172,284,-112
104000022,83,141,-58
104000023,1003,267,736
104000024,210,204,6
104000026,30,236,-206
104000027,173,134,39
104000028,335,192,143
104000029,278,204,74
104000030,237,155,82
104000031,931,263,668
104000032,186,147,39
104000033,546,363,183
104000034,264,177,87
104000035,728,252,476
104000036,555,345,210
104000037,231,169,62
104000038,425,364,61
104000039,165,119,46
104000040,142,223,-81
104000041,831,254,577
104000042,175,211,-36
104000043,179,274,-95
104000044,199,417,-218
104000045,757,668,89
104000046,738,884,-146
104000047,417,643,-226
104000048,735,874,-139
104000049,339,237,102
104000050,110,309,-199
104000051,99,354,-255
104000052,1736,1582,154
104000053,813,341,472
104000054,284,172,112
104000055,2373,1329,1044
104000056,781,247,534
104000057,195,382,-187
104000058,807,582,225
104000059,424,831,-407
104000060,777,971,-194
104000061,937,596,341
104000062,489,145,344
104000064,404,224,180
104000065,117,461,-344
104000069,571,1000,-429
104000070,35,355,-320
104000071,269,382,-113
104000072,550,284,266
104000075,46,202,-156
104000076,399,60,339
104000082,1385,2377,-992
104000083,685,138,547
104000084,139,297,-158
104000085,289,236,53
104000086,140,318,-178
104000087,289,1160,-871
104000090,607,789,-182
104000092,953,1143,-190
104000094,609,850,-241
104000095,1413,1040,373
104000096,1195,94,1101
104000097,1497,468,1029
104000098,2042,515,1527
104000100,1305,480,825
104000101,929,1001,-72
104000106,94,439,-345
104000107,418,268,150
104000108,167,311,-144
104000109,275,77,198
104000110,588,636,-48
104000111,1675,1625,50
104000112,1067,423,644
104000116,1,540,-539
104000117,129,336,-207
104000118,531,117,414
104000119,556,193,363
104000120,233,384,-151
104000121,155,449,-294
104000122,566,490,76
104000123,480,591,-111
104000124,444,1109,-665
104000125,1716,3290,-1574
104000126,300,275,25
104000127,974,1397,-423
104000128,387,244,143
104000129,322,23,299
104000130,7,141,-134
104000131,271,349,-78
104000132,306,344,-38
104000133,1085,566,519
104000134,770,981,-211
104000135,316,1328,-1012
104000136,509,2768,-2259
104000137,1199,260,939
104000138,604,214,390
104000139,2907,1794,1113
104000141,731,644,87
104000142,501,393,108
104000143,411,294,117
104000144,79,160,-81
104000145,354,151,203
104000146,217,305,-88
104000147,85,155,-70
104000148,272,145,127
104000149,150,128,22
104000150,698,388,310
104000151,237,237,0
104000152,403,284,119
104000153,437,426,11
104000154,566,300,266
104000155,389,407,-18
104000157,697,844,-147
104000158,244,309,-65
104000159,656,356,300
104000160,1480,1364,116
104000161,137,151,-14
104000162,44,128,-84
104000165,711,679,32
104000167,522,915,-393
104000168,450,2,448
104000169,100,30,70
104000170,192,341,-149
104000248,196,333,-137
104000251,51,142,-91
104000272,0,0,0
104000273,0,0,0
104000274,0,0,0
104000275,0,0,0
104000279,1929,1501,428
104000290,57,163,-106
104000291,441,762,-321
104000293,668,530,138
104000294,25,1,24
104000295,365,516,-151
104000296,331,433,-102
104000297,673,1297,-624
104000298,1311,765,546
104000299,582,945,-363
104000302,100,90,10
104000303,184,164,20
104900001,89,170,-81
104900002,47,108,-61
104900003,31,223,-192
104900004,63,130,-67
104900005,265,165,100
104900006,255,37,218
104900007,242,119,123
104900009,100,151,-51
104900010,50,43,7
104900011,7,10,-3
104900012,160,25,135
104900013,108,7,101
104900014,1237,179,1058
104900015,85,6,79
104900016,189,100,89
104900017,155,106,49
104900018,7,73,-66
104900019,167,2070,-1903
104900020,30,142,-112
104900021,0,79,-79
104900022,9,168,-159
104900023,2,38,-36
104900024,24,122,-98
104900025,39,105,-66
104900026,1,41,-40
104900027,443,173,270
104900028,18,89,-71
104900029,30,62,-32
104900030,359,119,240
104900031,42,142,-100
104900032,43,63,-20
104900033,109,198,-89
104900034,245,146,99
104900035,259,138,121
104900036,162,51,111
104900037,120,112,8
104900038,165,664,-499
104900039,320,202,118
104900040,333,114,219
104900041,179,129,50
104900042,121,113,8
104900043,4,97,-93
104900044,555,169,386
104900045,338,29,309
104900046,161,75,86
104900047,296,96,200
104900048,228,55,173
104900049,20,22,-2
104900050,245,57,188
104900051,239,27,212
104900052,68,0,68
104900053,336,79,257
104900054,111,14,97
104900055,82,1,81
104900056,206,12,194
104900057,36,1,35
104900058,364,164,200
104900059,101,51,50
104900061,112,273,-161
104900063,33,72,-39
104900064,0,27,-27
104900065,5,117,-112
104900066,0,62,-62
104900067,0,217,-217
104900068,19,123,-104
104900070,102,107,-5
104900071,0,231,-231
104900072,31,161,-130
104900073,40,90,-50
104900074,20,110,-90
104900075,41,15,26
104900076,66,121,-55
104900077,355,176,179
104900078,133,252,-119
104900079,87,381,-294
104900080,45,355,-310
104900082,6,226,-220
104900085,0,104,-104
104900089,176,1,175
104900091,398,250,148
104900093,128,286,-158
104900097,1332,1614,-282
104900098,134,30,104
104900099,30,292,-262
104900100,219,141,78
104900102,29,80,-51
104900103,263,34,229
104900106,111,54,57
104900107,85,87,-2
104900108,28,139,-111
104900109,78,93,-15
104900110,9,30,-21
104900111,90,44,46
104900112,206,300,-94
104900113,508,227,281
104900114,272,234,38
104900115,475,202,273
104900116,182,112,70
104900118,25,34,-9
104900119,6,33,-27
104900120,21,189,-168
104900121,0,32,-32
104900122,0,41,-41
104900123,56,5,51
104900124,30,0,30
104900125,269,57,212
104900126,30,33,-3
104900127,30,56,-26
104900128,59,85,-26
104900129,738,1334,-596
105000001,2117,1079,1038
105000002,1713,1082,631
105000003,2241,2110,131
105000004,453,530,-77
105000005,781,850,-69
105000006,999,1183,-184
105000007,940,1298,-358
105000008,957,2760,-1803
105000009,1907,2410,-503
105000010,2065,1321,744
105000011,2850,2031,819
105000012,2788,1824,964
105000013,714,858,-144
105000014,1803,2062,-259
105000015,6806,11594,-4788
105000016,1712,1360,352
105000017,1040,566,474
105000018,748,1078,-330
105000019,824,523,301
105000020,149,334,-185
105000021,185,78,107
105000022,218,81,137
105000023,422,279,143
105000028,60,87,-27
105000029,425,946,-521
105000030,2854,1672,1182
105000031,4,24,-20
105000033,825,1143,-318
105000034,87,746,-659
105000037,464,149,315
105000038,1195,1366,-171
105000039,1534,1089,445
105000040,747,1172,-425
105000041,442,823,-381
105000042,2087,1439,648
105000043,1180,1231,-51
105000044,539,369,170
105000045,287,418,-131
105000046,989,242,747
105000047,400,739,-339
105000048,557,164,393
105000049,142,296,-154
105000050,660,342,318
105000051,131,268,-137
105000052,546,586,-40
105000053,92,92,0
105000054,337,549,-212
105000055,539,216,323
105000056,1148,1366,-218
105000057,1001,503,498
105000058,1035,761,274
105000059,662,522,140
105000060,348,432,-84
105000061,585,370,215
105000062,432,453,-21
105000063,260,283,-23
105000064,1366,556,810
105000065,295,327,-32
105000066,763,787,-24
105000067,1071,605,466
105000068,275,502,-227
105000069,1106,1451,-345
105000070,382,688,-306
105000071,210,683,-473
105000072,1000,1957,-957
105000073,768,464,304
105000074,615,449,166
105000075,355,496,-141
105000076,753,628,125
105000077,1648,784,864
105000078,683,933,-250
105000079,914,2872,-1958
105000080,1207,1067,140
105000081,3023,1279,1744
105000082,838,1723,-885
105000083,3813,3498,315
105000084,570,565,5
105000085,1359,1900,-541
105000086,575,715,-140
105000087,955,1247,-292
105000088,958,1221,-263
105000089,1633,1319,314
105000090,737,562,175
105000091,739,1037,-298
105000092,478,620,-142
105000093,199,202,-3
105000094,224,149,75
105000095,77,355,-278
105000096,744,802,-58
105000097,495,674,-179
105000098,728,534,194
105000099,524,526,-2
105000100,1220,759,461
105000101,1651,1266,385
105000102,982,1010,-28
105000103,897,1374,-477
105000104,1822,648,1174
105000105,877,1244,-367
105000106,1057,1027,30
105000107,1153,607,546
105000108,1307,894,413
105000109,1354,956,398
105000110,680,380,300
105000111,707,504,203
105000112,943,466,477
105000113,417,601,-184
105000114,1529,882,647
105000115,266,1008,-742
105000116,695,388,307
105000117,686,509,177
105000118,430,332,98
105000119,407,483,-76
105000120,820,342,478
105000121,583,570,13
105000122,394,475,-81
105000123,857,728,129
105000124,1589,676,913
105000125,780,1141,-361
105000126,1609,1005,604
105000127,1714,1251,463
105000128,409,739,-330
105000129,680,295,385
105000130,252,2486,-2234
105000131,478,211,267
105000132,661,543,118
105000133,350,533,-183
105000134,629,422,207
105000135,401,374,27
105000136,104,183,-79
105000137,458,153,305
105000138,148,213,-65
105000139,815,606,209
105000140,428,337,91
105000141,267,307,-40
105000142,221,325,-104
105000143,167,437,-270
105000144,184,512,-328
105000145,571,257,314
105000146,333,597,-264
105000147,620,261,359
105000148,918,419,499
105000149,1981,1511,470
105000150,1349,1038,311
105000151,361,282,79
105000152,178,355,-177
105000153,453,550,-97
105000154,502,277,225
105000155,257,643,-386
105000156,533,438,95
105000157,564,865,-301
105000158,1360,471,889
105000159,255,644,-389
105000160,1574,504,1070
105000161,501,516,-15
105000162,427,1348,-921
105000163,693,523,170
105000164,178,167,11
105000165,446,3991,-3545
105000166,2901,822,2079
105000167,1000,1285,-285
105000168,483,461,22
105000169,557,178,379
105000170,302,854,-552
105000171,854,135,719
105000172,140,28,112
105000173,190,34,156
105000174,74,21,53
105000175,59,80,-21
105000176,343,87,256
105000177,290,162,128
105000178,160,269,-109
105000179,556,135,421
105000180,133,62,71
105000181,120,146,-26
105000182,53,38,15
105000183,1509,1719,-210
105000184,1002,779,223
105000185,922,827,95
105000186,394,523,-129
105000187,664,151,513
105000188,158,95,63
105000189,99,338,-239
105000190,194,254,-60
105000191,308,240,68
105000192,212,44,168
105000193,80,86,-6
105000194,444,113,331
105000195,212,384,-172
105000196,74,231,-157
105000197,247,362,-115
105000198,407,162,245
105000199,219,611,-392
105000200,90,226,-136
105000201,89,25,64
105000203,30,150,-120
105000204,88,53,35
105000205,61,124,-63
105000207,308,135,173
105000208,162,440,-278
105000209,188,233,-45
105000211,281,15,266
105000212,1028,775,253
105000213,90,158,-68
105000214,116,157,-41
105000215,322,153,169
105000216,146,189,-43
105000217,134,189,-55
105000218,1133,761,372
105000221,134,101,33
105000222,404,196,208
105000223,242,159,83
105000226,68,135,-67
105000227,54,83,-29
105000228,150,1406,-1256
105000229,95,435,-340
105000231,329,231,98
105000233,750,536,214
105000234,444,807,-363
105000235,388,524,-136
105000237,555,54,501
105000243,18,16,2
105000248,29,62,-33
105000262,227,720,-493
105000269,121,113,8
105000270,374,36,338
105000271,2,133,-131
105000282,59,50,9
105000287,332,56,276
105000288,518,264,254
105000289,2165,1657,508
105000290,19,7,12
105000402,1878,2921,-1043
105000426,301,396,-95
105000438,3575,1526,2049
105000440,36,25,11
105000446,6318,3644,2674
105000447,3610,1590,2020
105000454,463,351,112
105000455,206,78,128
105000474,42,0,42
105000477,390,403,-13
105000478,1449,3715,-2266
105000479,78,109,-31
105000480,7944,6005,1939
105000481,3887,2670,1217
105000482,3089,5897,-2808
105000483,1274,1742,-468
105000484,1427,2194,-767
105000485,991,2743,-1752
105000486,2168,1590,578
105000488,8097,3440,4657
105000489,693,603,90
105000549,96,129,-33
105000550,404,1054,-650
105000551,33,75,-42
105000552,1641,1129,512
105000555,1171,771,400
105000556,56,21,35
105000557,59,139,-80
105900001,10,978,-968
105900002,607,509,98
105900003,17,68,-51
105900004,137,85,52
105900005,3,125,-122
105900006,17,95,-78
105900007,26,38,-12
105900008,48,312,-264
105900009,17,20,-3
105900011,72,21,51
105900012,287,36,251
105900013,2,16,-14
105900014,3,35,-32
105900015,103,197,-94
105900016,284,195,89
105900017,1132,14,1118
105900018,164,114,50
105900019,24,141,-117
105900020,36,29,7
105900021,20,80,-60
105900022,200,110,90
105900023,8,61,-53
105900024,2,93,-91
105900025,141,9,132
105900026,192,8,184
105900027,5130,3886,1244
105900028,274,391,-117
105900029,991,162,829
105900030,117,173,-56
105900031,272,134,138
105900032,60,96,-36
105900033,73,81,-8
105900034,173,132,41
105900035,89,85,4
105900036,86,65,21
105900037,78,43,35
105900038,139,145,-6
105900039,140,81,59
105900040,73,64,9
105900041,135,118,17
105900042,50,104,-54
105900043,691,26,665
105900044,2,155,-153
105900045,1,576,-575
105900046,2,158,-156
105900047,13,26,-13
105900048,98,408,-310
105900050,2831,2115,716
105900051,41,651,-610
105900052,421,136,285
105900053,1560,2172,-612
105900054,238,87,151
105900056,369,261,108
105900057,17,57,-40
105900058,10,7,3
105900059,0,45,-45
106000001,3098,1992,1106
106000002,1333,3643,-2310
106000003,2240,2736,-496
106000004,1177,1907,-730
106000005,2935,3635,-700
106000006,3832,2355,1477
106000007,485,492,-7
106000008,388,257,131
106000009,474,280,194
106000010,375,439,-64
106000011,940,750,190
106000012,671,837,-166
106000013,1447,1310,137
106000014,1310,1030,280
106000015,1709,845,864
106000016,983,1308,-325
106000017,475,489,-14
106000018,446,313,133
106000019,330,344,-14
106000020,258,235,23
106000021,290,309,-19
106000022,312,160,152
106000023,578,269,309
106000024,414,289,125
106000025,111,177,-66
106000026,77,151,-74
106000027,1217,980,237
106000028,529,278,251
106000029,519,635,-116
106000030,301,364,-63
106000034,129,397,-268
106000035,898,1534,-636
106000036,131,312,-181
106000037,1330,917,413
106000038,184,109,75
106000039,85,84,1
106000040,116,590,-474
106000041,539,384,155
106000043,447,231,216
106000046,285,54,231
106000047,47,277,-230
106000049,847,118,729
106000050,217,414,-197
106000051,490,339,151
106000052,82,316,-234
106000053,352,96,256
106000054,255,198,57
106000055,807,571,236
106000056,196,222,-26
106000057,316,245,71
106000058,99,116,-17
106000059,291,201,90
106000060,241,300,-59
106000061,214,396,-182
106000062,128,271,-143
106000063,718,451,267
106000064,27,219,-192
106000065,297,207,90
106000066,90,236,-146
106000067,405,69,336
106000068,39,390,-351
106000069,266,37,229
106000070,413,478,-65
106000071,798,209,589
106000072,1616,1135,481
106000073,1101,2403,-1302
106000074,555,432,123
106000075,309,1085,-776
106000076,1397,1534,-137
106000077,2286,977,1309
106000078,873,650,223
106000079,544,563,-19
106000080,1093,417,676
106000081,519,741,-222
106000082,1604,551,1053
106000083,333,949,-616
106000084,846,461,385
106000085,992,1035,-43
106000086,432,670,-238
106000087,663,375,288
106000088,356,564,-208
106000089,868,197,671
106000090,240,393,-153
106000091,246,300,-54
106000092,418,187,231
106000093,301,103,198
106000094,49,176,-127
106000095,648,411,237
106000096,655,486,169
106000097,868,560,308
106000098,630,707,-77
106000099,168,407,-239
106000100,834,158,676
106000101,742,463,279
106000102,114,329,-215
106000103,189,362,-173
106000104,663,279,384
106000105,372,364,8
106000106,496,318,178
106000107,133,219,-86
106000108,357,212,145
106000109,208,144,64
106000110,221,194,27
106000111,182,232,-50
106000112,192,426,-234
106000113,373,374,-1
106000114,392,495,-103
106000115,214,309,-95
106000116,241,161,80
106000117,808,408,400
106000118,1005,959,46
106000119,923,627,296
106000120,655,811,-156
106000121,169,101,68
106000122,63,128,-65
106000123,442,95,347
106000124,65,134,-69
106000125,24,140,-116
106000126,281,71,210
106000127,487,454,33
106000128,747,139,608
106000129,605,337,268
106000130,676,518,158
106000131,92,481,-389
106000132,395,123,272
106000133,1092,832,260
106000134,346,1300,-954
106000135,339,501,-162
106000136,518,790,-272
106000137,39,430,-391
106000138,1002,71,931
106000139,63,79,-16
106000140,43,36,7
106000141,90,20,70
106000142,105,49,56
106000143,41,31,10
106000144,71,64,7
106000145,201,146,55
106000146,372,81,291
106000147,606,416,190
106000148,792,688,104
106000149,497,336,161
106000150,405,1552,-1147
106000151,2445,579,1866
106000152,713,1479,-766
106000153,82,1136,-1054
106000154,936,139,797
106000155,122,207,-85
106000156,631,149,482
106000157,399,1068,-669
106000158,1560,687,873
106000159,1552,1343,209
106000160,335,2022,-1687
106000161,897,209,688
106000162,264,702,-438
106000163,335,227,108
106000164,409,172,237
106000165,190,317,-127
106000166,628,228,400
106000167,287,516,-229
106000168,494,208,286
106000169,254,357,-103
106000170,671,193,478
106000171,144,774,-630
106000172,2002,908,1094
106000173,761,1653,-892
106000174,872,237,635
106000175,237,527,-290
106000176,1385,617,768
106000177,598,1435,-837
106000178,2374,1138,1236
106000179,646,1338,-692
106000180,568,714,-146
106000181,622,889,-267
106000182,1222,431,791
106000183,1145,297,848
106000184,1076,320,756
106000185,785,675,110
106000186,589,88,501
106000187,147,771,-624
106000188,3,2,1
106000189,18,27,-9
106000190,15,3,12
106000191,481,154,327
106000192,2,6,-4
106000193,265,150,115
106000194,138,242,-104
106000195,220,111,109
106000196,104,242,-138
106000197,490,185,305
106000198,138,169,-31
106000199,461,539,-78
106000200,139,133,6
106000201,309,2052,-1743
106000202,1929,420,1509
106000203,11,135,-124
106000204,65,4,61
106000205,17,102,-85
106000206,82,21,61
106000207,24,412,-388
106000208,1124,126,998
106000209,1240,219,1021
106000210,249,533,-284
106000211,193,620,-427
106000212,666,342,324
106000213,420,1147,-727
106000214,1676,466,1210
106000215,246,292,-46
106000216,338,220,118
106000217,169,250,-81
106000218,394,258,136
106000219,118,213,-95
106000220,329,154,175
106000221,204,136,68
106000222,53,65,-12
106000223,229,76,153
106000224,187,129,58
106000225,99,86,13
106000226,113,185,-72
106000228,47,58,-11
106000229,89,419,-330
106000231,780,66,714
106000232,107,183,-76
106000233,265,68,197
106000234,50,113,-63
106000235,348,90,258
106000236,157,78,79
106000237,1,11,-10
106000238,4,18,-14
106000239,2,89,-87
106000240,20,6,14
106000241,10,442,-432
106000242,225,20,205
106000249,79,63,16
106000250,76,381,-305
106000251,104,20,84
106000252,7,32,-25
106000253,51,34,17
106000254,61,21,40
106000255,11,109,-98
106000256,40,40,0
106000257,120,112,8
106000258,136,16,120
106000259,9,40,-31
106000260,32,9,23
106000261,1,47,-46
106000262,67,6,61
106000263,8,29,-21
106000264,136,8,128
106000265,10,66,-56
106000266,109,22,87
106000267,6,44,-38
106000268,350,50,300
106000269,42,28,14
106000270,116,330,-214
106000271,44,152,-108
106000272,165,45,120
106000273,6,150,-144
106000274,115,36,79
106000275,108,207,-99
106000276,119,30,89
106000277,91,193,-102
106000278,116,21,95
106000279,13,18,-5
106000280,59,48,11
106000281,71,40,31
106000282,48,70,-22
106000283,88,39,49
106000284,70,66,4
106000285,98,50,48
106000286,93,102,-9
106000287,67,36,31
106000288,62,97,-35
106000289,66,39,27
106000290,52,55,-3
106000291,83,75,8
106000292,66,64,2
106000293,112,50,62
106000294,83,58,25
106000295,42,34,8
106000296,19,58,-39
106000297,35,158,-123
106000298,72,43,29
106000299,63,88,-25
106000300,43,71,-28
106000301,46,103,-57
106000303,26,49,-23
106000304,33,32,1
106000305,48,23,25
106000306,22,28,-6
106000307,44,27,17
106000308,15,37,-22
106000309,11,45,-34
106000310,206,307,-101
106000311,312,108,204
106000312,76,102,-26
106000313,163,159,4
106000318,41,297,-256
106000319,808,182,626
106000320,2,43,-41
106000321,124,111,13
106000322,152,84,68
106000324,30,72,-42
106000325,1316,714,602
106000326,738,1149,-411
106000327,171,46,125
106000328,42,140,-98
106000329,70,192,-122
106000330,43,61,-18
106000428,72,135,-63
106000429,116,331,-215
106000430,213,804,-591
106000431,2040,265,1775
106000432,1420,1876,-456
106000433,2067,1134,933
106000434,2465,1170,1295
106000435,974,1539,-565
106000436,11,110,-99
106000437,262,31,231
106000438,235,123,112
106000439,44,252,-208
106000440,377,387,-10
106000441,0,1,-1
106000442,125,4,121
106000443,124,193,-69
106000450,2,87,-85
106000451,31,40,-9
106000454,2,140,-138
106000455,7,109,-102
106000456,88,17,71
106000457,20,535,-515
106000458,787,99,688
106000459,205,241,-36
106000460,1248,27,1221
106000461,119,605,-486
106000462,2,33,-31
106000463,2,12,-10
106000464,15,231,-216
106000465,642,6,636
106000466,0,292,-292
106000467,222,305,-83
106000468,88,102,-14
106000469,150,1,149
106000470,187,1314,-1127
106000471,14,279,-265
106000472,99,18,81
106000473,22,8,14
106000474,439,297,142
106000475,458,204,254
106000476,127,210,-83
106000477,54,54,0
106000480,1,318,-317
106900001,0,8,-8
106900002,1,181,-180
106900003,47,191,-144
106900004,0,14,-14
106900006,0,8,-8
106900007,0,10,-10
106900008,267,86,181
106900009,275,182,93
106900010,174,170,4
106900012,784,1255,-471
106900013,120,41,79
106900014,25,2,23
106900015,18,2,16
106900016,248,7,241
106900017,3,1,2
106900018,0,0,0
106900019,39,1,38
106900020,974,929,45
106900021,109,158,-49
106900022,687,5,682
106900023,6,119,-113
106900024,283,16,267
106900025,18,191,-173
106900026,1,309,-308
106900027,568,6,562
106900028,8,78,-70
106900029,103,13,90
106900030,15,128,-113
107000001,2780,2664,116
107000002,1730,2706,-976
107000003,5196,5235,-39
107000004,3083,2515,568
107000005,4284,4514,-230
107000006,2983,2126,857
107000007,4400,7908,-3508
107000008,6229,4508,1721
107000009,6121,6408,-287
107000010,6244,4863,1381
107000011,873,855,18
107000012,2816,1875,941
107000013,83,69,14
107000014,50,167,-117
107000015,480,489,-9
107000016,668,519,149
107000017,1074,1190,-116
107000018,7,743,-736
107000020,766,1032,-266
107000021,822,296,526
107000022,649,1092,-443
107000023,1973,160,1813
107000024,484,987,-503
107000025,174,294,-120
107000026,241,323,-82
107000027,1311,724,587
107000028,1129,961,168
107000029,2828,2284,544
107000030,2110,1844,266
107000031,3850,1923,1927
107000032,401,676,-275
107000033,2108,2574,-466
107000034,2128,1016,1112
107000035,324,189,135
107000036,247,899,-652
107000037,93,639,-546
107000038,188,147,41
107000039,661,532,129
107000040,161,208,-47
107000041,1031,536,495
107000042,534,1471,-937
107000043,1563,800,763
107000044,421,217,204
107000045,86,238,-152
107000046,654,382,272
107000047,384,636,-252
107000048,537,233,304
107000049,467,567,-100
107000050,877,467,410
107000051,178,258,-80
107000052,811,800,11
107000053,234,170,64
107000054,65,170,-105
107000055,269,96,173
107000056,474,532,-58
107000057,1260,185,1075
107000058,1687,1837,-150
107000059,1331,2026,-695
107000060,3872,4091,-219
107000061,3277,2186,1091
107000062,4116,2111,2005
107000063,3395,2847,548
107000064,3744,1894,1850
107000065,2364,2856,-492
107000066,1392,2193,-801
107000067,965,878,87
107000068,886,615,271
107000069,697,423,274
107000070,964,6,958
107000071,3115,37,3078
107000072,40,1748,-1708
107000073,702,333,369
107000074,117,526,-409
107000075,1608,404,1204
107000076,462,918,-456
107000077,3148,1152,1996
107000078,1898,1965,-67
107000079,2632,945,1687
107000080,875,1883,-1008
107000081,1938,502,1436
107000082,509,1014,-505
107000083,1253,415,838
107000084,301,888,-587
107000085,2336,2424,-88
107000086,2612,2410,202
107000087,2343,1735,608
107000088,2476,2570,-94
107000089,1270,1254,16
107000090,792,701,91
107000091,1149,643,506
107000092,680,644,36
107000093,979,688,291
107000094,708,770,-62
107000095,722,555,167
107000096,361,433,-72
107000097,720,278,442
107000098,411,418,-7
107000099,334,229,105
107000100,130,167,-37
107000101,52,168,-116
107000102,127,170,-43
107000103,228,177,51
107000104,152,191,-39
107000105,345,130,215
107000106,197,165,32
107000107,601,130,471
107000108,156,354,-198
107000109,527,142,385
107000110,54,248,-194
107000111,461,41,420
107000112,47,259,-212
107000113,768,114,654
107000114,98,459,-361
107000115,530,183,347
107000116,85,510,-425
107000117,132,732,-600
107000118,133,148,-15
107000119,1017,1381,-364
107000120,884,399,485
107000121,918,567,351
107000122,1062,643,419
107000123,505,443,62
107000124,532,569,-37
107000125,945,425,520
107000126,887,485,402
107000129,318,484,-166
107000130,759,258,501
107000131,314,457,-143
107000132,622,288,334
107000133,431,66,365
107000134,204,2,202
107000135,1,186,-185
107000136,589,13,576
107000137,3,322,-319
107000138,192,13,179
107000139,15,368,-353
107000140,1274,93,1181
107000141,87,544,-457
107000142,380,80,300
107000143,39,479,-440
107000144,417,365,52
107000145,102,339,-237
107000146,169,222,-53
107000147,3045,843,2202
107000150,391,2257,-1866
107000151,23,71,-48
107000152,294,1253,-959
107000153,103,263,-160
107000154,167,257,-90
107000155,856,15,841
107000156,989,26,963
107000157,34,947,-913
107000158,697,17,680
107000159,25,585,-560
107000160,1081,131,950
107000161,82,701,-619
107000162,206,491,-285
107000163,140,1,139
107000164,844,1,843
107000165,1059,7,1052
107000166,39,600,-561
107000167,569,165,404
107000168,858,447,411
107000169,530,588,-58
107000170,2146,731,1415
107000171,569,1182,-613
107000172,1180,1356,-176
107000173,513,598,-85
107000174,983,4192,-3209
107000175,4165,991,3174
107000176,0,1,-1
107000177,2,0,2
107000178,28,27,1
107000179,237,1249,-1012
107000180,1295,224,1071
107000181,441,693,-252
107000182,1784,599,1185
107000183,139,484,-345
107000184,971,479,492
107000185,444,858,-414
107000186,954,262,692
107000187,1099,1009,90
107000188,556,409,147
107000189,501,759,-258
107000190,552,421,131
107000191,781,884,-103
107000192,1435,503,932
107000193,323,349,-26
107000194,707,488,219
107000197,795,242,553
107000198,255,629,-374
107000199,432,438,-6
107000200,437,453,-16
107000201,364,198,166
107000202,280,381,-101
107000203,538,650,-112
107000204,663,758,-95
107000205,1258,724,534
107000206,569,989,-420
107000207,481,790,-309
107000208,563,428,135
107000209,1088,1076,12
107000210,426,247,179
107000211,12,43,-31
107000212,9,232,-223
107000213,1,24,-23
107000214,6,89,-83
107000215,354,196,158
107000216,372,221,151
107000217,141,100,41
107000219,71,91,-20
107000220,109,94,15
107000222,198,375,-177
107000224,350,107,243
107000225,154,171,-17
107000226,407,89,318
107000227,73,142,-69
107000228,63,281,-218
107000229,101,90,11
107000230,728,387,341
107000231,914,1239,-325
107000232,91,17,74
107000233,723,709,14
107000234,0,31,-31
107000235,70,3,67
107000236,15,372,-357
107000237,19,0,19
107000238,42,1,41
107000239,1781,350,1431
107000240,85,547,-462
107000243,0,19,-19
107000244,5,54,-49
107000246,3,846,-843
107000249,1,968,-967
107000251,1,249,-248
107000252,2,555,-553
107000255,167,97,70
107000257,2,276,-274
107000258,0,89,-89
107000259,0,104,-104
107000260,767,7,760
107000262,22,254,-232
107000263,308,9,299
107000266,5,6,-1
107000267,73,74,-1
107000268,109,78,31
107000269,490,46,444
107000270,3,26,-23
107000271,20,336,-316
107000272,35,74,-39
107000273,4,199,-195
107000274,623,2,621
107000275,427,1015,-588
107000280,864,11,853
107000281,61,483,-422
107000282,25,462,-437
107000290,3,23,-20
107000291,17,6,11
107000292,2,54,-52
107000293,29,9,20
107000294,0,54,-54
107000295,28,0,28
107000296,0,23,-23
107000444,201,5,196
107000496,0,12,-12
107000497,1050,1239,-189
107000500,299,216,83
107000501,116,142,-26
107000502,137,221,-84
107000505,202,516,-314
107000506,0,13,-13
107000508,6,330,-324
107000509,177,577,-400
107000510,22,22,0
107000514,75,275,-200
107000515,13,117,-104
107000516,372,188,184
107000518,915,1489,-574
107000519,995,565,430
107000520,74,23,51
107000521,599,249,350
107000522,896,398,498
107900001,77,90,-13
107900002,56,4,52
107900003,286,61,225
107900004,2,0,2
107900005,1253,5,1248
107900006,122,2,120
107900007,267,27,240
107900008,63,7,56
107900009,126,2,124
107900010,37,1,36
107900012,206,27,179
107900013,120,13,107
107900014,27,3,24
107900015,921,5,916
107900016,272,71,201
107900017,10,2,8
107900018,62,140,-78
107900019,14,17,-3
107900020,36,9,27
107900021,98,67,31
107900023,3,1,2
107900024,0,11,-11
107900025,169,161,8
107900026,67,23,44
107900027,19,18,1
107900028,92,35,57
107900030,187,43,144
107900031,49,38,11
107900032,18,2,16
107900033,22,9,13
107900034,210,15,195
107900035,831,76,755
107900036,45,21,24
107900037,1,19,-18
107900038,68,175,-107
107900039,35,18,17
107900040,24,103,-79
107900041,1,3,-2
107900043,27,59,-32
107900044,2,10,-8
107900045,93,42,51
107900046,136,147,-11
107900047,70,31,39
107900048,168,6,162
107900049,246,590,-344
107900050,97,185,-88
107900051,61,34,27
107900052,42,79,-37
107900053,66,60,6
107900055,397,146,251
107900056,79,32,47
107900057,1,0,1
107900058,17,345,-328
107900060,16,10,6
107900061,3,9,-6
107900063,70,68,2
107900064,180,121,59
107900065,163,14,149
107900066,19,2,17
107900067,0,0,0
107900068,46,297,-251
107900069,25,1911,-1886
107900070,107,38,69
107900071,34,392,-358
107900072,113,68,45
107900073,106,98,8
107900074,436,259,177
107900076,132,16,116
107900077,56,0,56
107900079,4,18,-14
107900080,133,360,-227
107900081,34,81,-47
107900082,10,10,0
107900083,271,98,173
107900084,110,81,29
107900086,37,153,-116
107900087,354,112,242
107900088,33,4,29
107900089,124,595,-471
107900090,350,1590,-1240
107900091,140,189,-49
107900093,38,37,1
107900095,2047,1555,492
107900097,3,41,-38
107900098,42,111,-69
107900100,642,952,-310
107900101,540,116,424
107900102,15,6,9
107900103,37,108,-71
107900104,174,10,164
107900105,1,254,-253
107900106,1,591,-590
107900107,596,364,232
107900108,134,86,48
107900109,1208,15,1193
107900110,51,60,-9
107900111,3,466,-463
107900112,55,304,-249
107900113,169,53,116
107900114,192,95,97
107900115,1,15,-14
107900116,125,78,47
107900117,217,193,24
107900118,71,48,23
107900119,66,158,-92
107900120,40,33,7
107900121,4,99,-95
107900122,1,33,-32
107900123,4,25,-21
107900124,11,13,-2
107900125,12,135,-123
107900126,16,70,-54
107900127,347,240,107
107900128,38,74,-36
107900129,59,27,32
107900130,52,13,39
107900131,335,210,125
107900132,80,189,-109
107900133,0,75,-75
107900134,53,65,-12
107900135,3,83,-80
107900136,16,34,-18
107900137,75,52,23
107900138,58,31,27
107900139,28,32,-4
107900141,23,20,3
107900142,75,447,-372
107900143,49,25,24
107900144,2,93,-91
107900145,13,38,-25
107900146,32,87,-55
107900147,31,15,16
107900148,75,41,34
107900149,421,122,299
107900150,36,311,-275
107900151,34,74,-40
107900152,7,84,-77
107900153,89,220,-131
107900154,52,20,32
107900155,64,37,27
107900156,1,162,-161
107900157,26,21,5
107900158,762,25,737
107900159,23,358,-335
107900160,89,112,-23
107900161,19,112,-93
107900162,0,34,-34
107900163,14,13,1
107900164,12,41,-29
107900165,18,99,-81
107900166,15,114,-99
107900167,8,36,-28
107900168,58,43,15
107900169,0,93,-93
107900171,10,632,-622
107900172,2,184,-182
107900173,19,72,-53
107900174,122,2,120
107900175,8,44,-36
107900176,27,33,-6
107900177,1,47,-46
107900178,0,105,-105
107900179,11,91,-80
107900180,328,593,-265
107900181,173,164,9
107900182,1,604,-603
107900183,26,138,-112
107900184,68,196,-128
107900185,111,1,110
107900186,18,26,-8
107900187,0,67,-67
107900188,425,84,341
107900189,21,51,-30
107900190,48,110,-62
107900191,36,67,-31
107900193,6,52,-46
107900194,121,3,118
107900195,1180,197,983
107900196,43,68,-25
107900197,442,250,192
107900199,2,578,-576
107900201,62,57,5
107900203,26,45,-19
107900204,115,108,7
107900206,552,191,361
107900207,2,389,-387
107900208,6,297,-291
107900209,256,86,170
107900210,75,67,8
107900213,309,280,29
107900214,19,91,-72
107900215,80,220,-140
107900216,127,45,82
107900217,23,75,-52
107900218,10,855,-845
107900219,29,64,-35
107900220,135,143,-8
107900221,112,132,-20
107900223,87,354,-267
107900224,70,258,-188
107900225,12,307,-295
107900226,118,72,46
107900227,113,211,-98
107900228,20,53,-33
107900229,0,90,-90
107900230,19,44,-25
107900231,20,121,-101
107900232,73,90,-17
107900233,6,84,-78
107900234,126,48,78
107900235,16,74,-58
107900236,103,31,72
107900237,25,189,-164
107900238,24,51,-27
107900239,477,381,96
107900240,20,74,-54
107900241,13,59,-46
107900242,11,137,-126
107900243,2,28,-26
107900244,122,0,122
107900245,612,29,583
107900246,231,16,215
107900248,273,140,133
107900249,708,31,677
107900250,0,250,-250
107900251,58,715,-657
107900252,693,16,677
107900253,193,6,187
107900254,49,136,-87
107900255,191,67,124
107900256,546,700,-154
107900257,100,93,7
107900258,90,96,-6
107900259,62,1710,-1648
107900261,1,145,-144
107900262,49,82,-33
107900264,349,5,344
107900265,100,59,41
107900267,226,8,218
107900268,13,1,12
107900269,1,1,0
107900270,3,0,3
107900271,1,35,-34
107900272,64,45,19
107900273,37,96,-59
107900274,97,0,97
107900275,26,0,26
107900276,1,82,-81
107900277,1,134,-133
107900278,220,252,-32
107900279,55,167,-112
107900280,1236,1187,49
107900281,696,2561,-1865
107900282,44,409,-365
107900283,615,445,170
107900284,472,413,59
107900285,121,31,90
107900286,50,46,4
107900287,217,130,87
107900290,0,134,-134
107900291,391,27,364
107900292,81,111,-30
107900293,113,269,-156
107900295,36,19,17
107900297,7,175,-168
107900298,516,515,1
107900299,1677,2061,-384
107900301,418,568,-150
107900302,63,20,43
107900303,155,171,-16
107900304,351,234,117
107900305,194,13,181
107900306,4,16,-12
107900307,54,182,-128
107900308,125,99,26
107900309,56,0,56
107900310,358,4,354
107900311,5,233,-228
107900312,47,0,47
107900313,0,82,-82
107900314,1,32,-31
107900315,2,22,-20
107900316,39,0,39
107900317,69,10,59
107900318,7,72,-65
107900319,6,101,-95
107900320,0,59,-59
107900321,126,1,125
107900322,0,72,-72
107900323,3,84,-81
107900324,86,0,86
107900325,98,1,97
107900326,280,125,155
107900327,3,52,-49
107900328,54,3,51
107900329,117,60,57
107900330,8,215,-207
107900331,206,16,190
107900332,245,18,227
107900333,68,7,61
107900334,3,94,-91
107900335,39,18,21
107900336,42,53,-11
107900337,529,712,-183
107900338,1,66,-65
107900339,1,19,-18
107900340,3,36,-33
107900341,50,0,50
107900342,113,54,59
107900343,41,0,41
107900344,5,57,-52
107900345,67,25,42
107900346,12,0,12
107900347,11,0,11
107900348,3,2,1
107900349,16,4,12
107900350,5,164,-159
107900351,1,110,-109
107900352,0,20,-20
107900353,19,5,14
107900354,27,74,-47
108000001,2392,2734,-342
108000002,1430,1610,-180
108000003,2571,2749,-178
108000004,8601,9325,-724
108000005,6494,5316,1178
108000006,6011,5100,911
108000007,4293,3172,1121
108000008,3217,3930,-713
108000009,2990,3569,-579
108000010,2201,2813,-612
108000011,9724,9584,140
108000012,10520,9431,1089
108000014,645,685,-40
108000015,866,193,673
108000016,236,710,-474
108000017,936,249,687
108000018,1434,500,934
108000019,1432,663,769
108000020,1102,407,695
108000021,227,1183,-956
108000022,312,935,-623
108000023,986,169,817
108000024,242,338,-96
108000025,263,266,-3
108000026,817,304,513
108000027,698,449,249
108000028,751,195,556
108000029,460,578,-118
108000030,377,153,224
108000031,169,406,-237
108000032,1524,535,989
108000033,595,633,-38
108000034,1402,378,1024
108000035,525,1230,-705
108000036,328,746,-418
108000037,1417,313,1104
108000038,2152,373,1779
108000039,404,1194,-790
108000040,1453,712,741
108000041,523,1349,-826
108000042,284,190,94
108000043,198,222,-24
108000044,570,128,442
108000045,306,331,-25
108000046,1238,250,988
108000047,298,600,-302
108000048,163,233,-70
108000049,959,208,751
108000050,92,408,-316
108000051,335,105,230
108000052,176,458,-282
108000053,440,195,245
108000054,296,686,-390
108000055,859,425,434
108000056,829,801,28
108000057,531,1033,-502
108000058,1645,2906,-1261
108000059,2232,1320,912
108000060,190,567,-377
108000061,287,355,-68
108000062,831,458,373
108000063,361,277,84
108000064,274,161,113
108000065,410,315,95
108000066,1084,551,533
108000067,1474,543,931
108000068,655,272,383
108000069,260,612,-352
108000070,1732,519,1213
108000071,610,894,-284
108000072,1442,867,575
108000073,957,1040,-83
108000074,522,312,210
108000075,256,422,-166
108000076,698,461,237
108000077,445,425,20
108000078,2040,945,1095
108000079,610,788,-178
108000080,1297,397,900
108000081,471,842,-371
108000082,713,1101,-388
108000083,1602,765,837
108000084,343,626,-283
108000085,671,352,319
108000086,571,362,209
108000087,116,1624,-1508
108000088,580,188,392
108000089,319,237,82
108000091,158,325,-167
108000092,130,82,48
108000093,214,289,-75
108000094,534,96,438
108000095,123,172,-49
108000096,311,180,131
108000097,159,219,-60
108000098,1543,867,676
108000099,937,230,707
108000100,190,410,-220
108000101,1183,1257,-74
108000102,1363,2852,-1489
108000106,763,0,763
108000107,2,625,-623
108000108,565,44,521
108000109,8,591,-583
108000110,178,240,-62
108000111,127,342,-215
108000112,54,131,-77
108000113,357,179,178
108000115,260,171,89
108000117,465,264,201
108000118,401,1517,-1116
108000119,450,218,232
108000120,128,563,-435
108000121,179,294,-115
108000122,555,205,350
108000123,597,121,476
108000124,365,346,19
108000125,316,198,118
108000126,161,275,-114
108000127,527,179,348
108000128,536,297,239
108000129,275,508,-233
108000130,463,169,294
108000131,806,397,409
108000132,1262,699,563
108000133,853,415,438
108000134,416,339,77
108000135,916,374,542
108000136,214,483,-269
108000137,418,243,175
108000138,322,574,-252
108000139,465,203,262
108000140,110,20,90
108000141,28,45,-17
108000142,38,42,-4
108000143,41,229,-188
108000144,446,34,412
108000145,30,15,15
108000146,579,40,539
108000147,33,11,22
108000148,557,70,487
108000149,14,8,6
108000150,49,10,39
108000151,140,49,91
108000152,106,273,-167
108000153,501,89,412
108000154,57,8,49
108000155,33,14,19
108000156,610,299,311
108000157,59,965,-906
108000158,79,604,-525
108000159,353,151,202
108000160,1797,943,854
108000161,1332,1921,-589
108000165,7,141,-134
108000172,7,276,-269
108000173,931,1511,-580
108000175,593,77,516
108000178,292,179,113
108000179,147,668,-521
108000181,65,16,49
108000182,199,73,126
108000183,34,244,-210
108000184,593,1830,-1237
108000185,173,243,-70
108000186,331,223,108
108000187,131,319,-188
108000188,601,138,463
108000189,1196,6977,-5781
108000190,36,116,-80
108000192,198,407,-209
108000193,526,18,508
108000194,46,7,39
108000195,2,599,-597
108000196,190,97,93
108000198,689,229,460
108000199,1,200,-199
108000200,387,251,136
108000203,99,337,-238
108000204,113,55,58
108000205,146,235,-89
108000339,920,279,641
108000364,188,422,-234
108000365,87,199,-112
108000367,76,132,-56
108000368,4,24,-20
108000369,595,199,396
108000371,8,582,-574
108000372,531,3,528
108000373,212,104,108
108000376,98,36,62
108000377,389,172,217
108000378,7050,8259,-1209
108000379,15,128,-113
108000381,68,7,61
108000382,184,0,184
108000383,0,193,-193
108900001,41,617,-576
108900002,113,46,67
108900003,208,390,-182
108900004,102,370,-268
108900007,229,134,95
108900008,126,106,20
108900009,98,101,-3
108900010,285,143,142
108900011,525,349,176
108900012,301,330,-29
108900013,177,210,-33
108900014,11,85,-74
108900015,16,100,-84
108900016,1,188,-187
108900017,127,207,-80
108900018,135,203,-68
108900019,24,333,-309
108900020,51,107,-56
108900021,123,171,-48
108900022,70,1,69
108900023,60,23,37
108900024,38,75,-37
108900025,146,63,83
108900026,23,74,-51
108900027,0,33,-33
108900028,44,142,-98
108900029,33,154,-121
108900030,0,46,-46
108900031,114,206,-92
108900032,14,96,-82
108900033,27,48,-21
108900034,0,90,-90
108900035,281,642,-361
108900038,0,123,-123
108900039,1,220,-219
108900040,6,48,-42
108900041,3495,2728,767
108900042,7,344,-337
108900043,35,252,-217
108900044,2,236,-234
108900045,56,203,-147
108900046,22,383,-361
108900047,59,93,-34
108900048,97,497,-400
108900049,1421,947,474
108900050,1,113,-112
108900051,2,86,-84
108900052,17,109,-92
108900053,39,144,-105
108900054,73,117,-44
108900055,33,207,-174
108900056,0,80,-80
108900057,2,112,-110
108900058,29,184,-155
108900059,381,18,363
108900060,63,117,-54
108900061,49,23,26
108900062,4,137,-133
108900063,10,156,-146
108900064,156,24,132
108900065,6,116,-110
108900066,384,77,307
108900067,5,128,-123
108900068,5,104,-99
108900069,60,40,20
108900070,26,50,-24
108900071,84,65,19
108900072,1233,397,836
108900073,31,208,-177
108900074,199,141,58
108900075,22,26,-4
108900076,307,33,274
108900077,83,272,-189
108900078,22,53,-31
108900079,488,110,378
108900080,25,524,-499
108900081,42,152,-110
108900082,88,56,32
108900083,11,176,-165
108900085,1133,115,1018
108900086,104,142,-38
108900087,72,124,-52
108900088,776,286,490
108900089,25,81,-56
108900090,51,133,-82
108900091,98,32,66
108900092,486,228,258
108900093,76,56,20
108900094,162,80,82
108900095,16,165,-149
108900096,203,3,200
108900097,209,146,63
108900098,1058,461,597
108900099,428,173,255
108900100,68,112,-44
108900101,160,178,-18
108900102,68,754,-686
108900103,46,110,-64
108900105,7,1073,-1066
108900106,481,191,290
108900108,165,58,107
108900109,290,46,244
108900110,196,244,-48
108900111,366,307,59
108900113,26,47,-21
108900114,85,8,77
108900115,67,67,0
108900116,35,11,24
108900117,148,18,130
108900118,487,18,469
108900119,209,13,196
108900120,254,115,139
108900121,201,54,147
108900122,154,16,138
108900123,92,93,-1
108900124,471,147,324
108900125,373,6,367
108900126,90,34,56
108900127,143,24,119
108900128,129,41,88
108900129,744,122,622
108900130,333,0,333
108900131,279,10,269
108900132,421,33,388
108900133,238,38,200
108900134,384,146,238
108900135,135,6,129
108900136,52,0,52
108900137,161,2,159
108900138,838,58,780
108900140,311,169,142
108900141,336,13,323
108900142,70,4,66
108900143,50,0,50
108900144,72,0,72
108900145,201,13,188
108900146,59,0,59
108900147,229,1,228
108900148,57,10,47
108900150,208,6,202
108900151,89,9,80
108900152,265,2,263
108900153,167,179,-12
108900154,2954,262,2692
108900156,57,4,53
108900157,16,238,-222
108900158,294,12,282
108900159,3,122,-119
108900160,9,136,-127
108900161,3,194,-191
108900162,105,0,105
108900163,5,248,-243
108900164,38,53,-15
108900168,4180,1695,2485
108900169,52,93,-41
108900171,3308,2473,835
108900172,142,32,110
108900173,82,203,-121
108900174,732,472,260
108900176,82,236,-154
108900177,2804,4405,-1601
108900178,2104,3024,-920
108900180,74,236,-162
108900183,149,133,16
108900184,480,188,292
108900185,103,272,-169
108900186,52,320,-268
108900189,260,104,156
108900190,469,1454,-985
108900192,76,177,-101
108900195,74,159,-85
108900196,40,201,-161
108900199,210,268,-58
108900200,517,302,215
108900201,372,983,-611
108900203,329,125,204
108900204,280,13,267
108900205,146,20,126
108900206,546,68,478
108900207,161,90,71
108900208,7,187,-180
108900209,132,313,-181
108900210,165,114,51
108900211,107,492,-385
108900212,353,1042,-689
108900215,51,274,-223
108900216,325,210,115
108900217,56,0,56
108900218,52,7,45
108900221,48,129,-81
108900224,29,134,-105
108900225,0,168,-168
108900227,98,246,-148
108900230,110,152,-42
108900232,2,126,-124
108900233,272,60,212
108900234,211,101,110
108900235,123,321,-198
108900236,37,177,-140
108900240,78,74,4
108900241,18,27,-9
108900245,5,1083,-1078
108900250,110,40,70
108900258,7,140,-133
108900259,33,53,-20
108900260,8,60,-52
108900261,60,82,-22
108900262,113,96,17
108900263,60,112,-52
108900264,378,198,180
108900265,472,315,157
108900266,367,580,-213
108900267,11,103,-92
108900268,3,7,-4
108900269,57,8,49
108900270,54,9,45
108900271,33,26,7
108900272,186,8,178
108900273,570,696,-126
108900274,79,46,33
109000001,1861,1678,183
109000002,891,1558,-667
109000003,2063,327,1736
109000004,417,1603,-1186
109000005,1852,458,1394
109000006,592,1442,-850
109000007,1299,383,916
109000008,497,1193,-696
109000009,3160,1077,2083
109000010,1099,2284,-1185
109000011,2857,1492,1365
109000012,1500,1967,-467
109000013,3063,2399,664
109000014,1460,1701,-241
109000015,3781,8176,-4395
109000016,3949,2151,1798
109000017,2228,986,1242
109000018,766,1734,-968
109000019,2259,1054,1205
109000020,797,1192,-395
109000023,245,17,228
109000024,5,157,-152
109000025,208,407,-199
109000026,499,287,212
109000027,66,284,-218
109000028,128,65,63
109000029,96,125,-29
109000030,56,352,-296
109000031,156,145,11
109000032,107,281,-174
109000033,244,118,126
109000034,45,29,16
109000035,12,26,-14
109000036,76,207,-131
109000037,187,1351,-1164
109000038,369,252,117
109000039,648,529,119
109000040,1219,5664,-4445
109000041,1770,1644,126
109000042,322,811,-489
109000044,362,121,241
109000045,188,266,-78
109000046,328,65,263
109000047,61,292,-231
109000048,849,353,496
109000049,203,344,-141
109000050,455,404,51
109000051,184,151,33
109000052,460,577,-117
109000053,1276,306,970
109000054,173,274,-101
109000055,185,234,-49
109000056,335,209,126
109000057,515,362,153
109000058,1366,234,1132
109000059,615,1241,-626
109000060,547,304,243
109000061,571,835,-264
109000062,73,288,-215
109000063,151,115,36
109000064,259,109,150
109000065,115,116,-1
109000066,419,48,371
109000067,60,194,-134
109000068,1389,11,1378
109000069,537,18,519
109000070,5,1326,-1321
109000071,335,43,292
109000072,122,407,-285
109000073,64,56,8
109000074,19,128,-109
109000075,54,208,-154
109000076,196,266,-70
109000077,294,226,68
109000078,103,119,-16
109000079,115,84,31
109000080,199,60,139
109000081,107,288,-181
109000082,687,149,538
109000083,280,415,-135
109000088,94,258,-164
109000089,231,46,185
109000090,93,263,-170
109000091,279,142,137
109000092,192,290,-98
109000093,216,147,69
109000094,427,2,425
109000095,97,235,-138
109000096,608,241,367
109000097,103,126,-23
109000098,53,113,-60
109000099,694,246,448
109000100,188,481,-293
109000101,1283,419,864
109000102,339,510,-171
109000103,833,474,359
109000104,1563,411,1152
109000105,359,719,-360
109000106,1529,548,981
109000107,439,1101,-662
109000108,1455,384,1071
109000109,354,1029,-675
109000110,924,360,564
109000111,601,1130,-529
109000112,231,102,129
109000113,392,114,278
109000114,107,247,-140
109000115,914,65,849
109000116,27,506,-479
109000117,188,42,146
109000118,13,233,-220
109000119,1129,157,972
109000120,185,419,-234
109000121,786,56,730
109000122,125,423,-298
109000123,50,148,-98
109000124,531,274,257
109000125,724,289,435
109000126,484,475,9
109000127,1513,243,1270
109000128,451,853,-402
109000129,1873,521,1352
109000130,668,1313,-645
109000131,1479,934,545
109000132,967,1715,-748
109000133,206,671,-465
109000134,580,895,-315
109000135,847,1093,-246
109000136,294,225,69
109000137,300,306,-6
109000138,386,202,184
109000139,327,341,-14
109000140,245,360,-115
109000141,774,342,432
109000142,121,282,-161
109000143,93,48,45
109000145,75,301,-226
109000146,53,56,-3
109000148,1845,1238,607
109000149,12,51,-39
109000150,108,187,-79
109000155,728,550,178
109000156,789,419,370
109000158,65,206,-141
109000159,112,291,-179
109000160,863,148,715
109000161,279,588,-309
109000162,1568,419,1149
109000163,831,1056,-225
109000164,1088,1633,-545
109000165,1049,322,727
109000166,745,95,650
109000167,86,331,-245
109000170,34,23,11
109000171,51,36,15
109000172,29,44,-15
109000173,29,80,-51
109000174,87,31,56
109000175,136,162,-26
109000176,220,171,49
109000177,34,59,-25
109000178,611,226,385
109000179,2566,3645,-1079
109000180,2975,2267,708
109000181,11,8,3
109000182,39,23,16
109000183,32,7,25
109000184,32,15,17
109000185,17,15,2
109000188,433,1091,-658
109000189,2428,667,1761
109000190,846,338,508
109000191,358,319,39
109000192,388,145,243
109000193,158,171,-13
109000194,252,71,181
109000195,144,216,-72
109000196,206,79,127
109000197,138,217,-79
109000198,318,64,254
109000199,105,290,-185
109000206,215,21,194
109000207,136,26,110
109000208,73,63,10
109000209,86,100,-14
109000210,114,309,-195
109000211,637,273,364
109000214,432,480,-48
109000215,122,55,67
109000216,300,234,66
109000217,169,119,50
109000218,355,146,209
109000221,465,717,-252
109000222,856,235,621
109000223,345,227,118
109000224,41,61,-20
109000225,76,30,46
109000226,56,152,-96
109000227,881,544,337
109000228,6,1514,-1508
109000231,0,159,-159
109000232,313,210,103
109000236,194,556,-362
109000241,1840,1251,589
109000242,1458,910,548
109000293,77,143,-66
109000361,208,145,63
109000364,134,347,-213
109000396,4,248,-244
109000397,470,10,460
109000399,133,284,-151
109000400,72,197,-125
109000403,78,1149,-1071
109000406,271,10,261
109000407,217,154,63
109000408,0,341,-341
109000410,728,179,549
109000411,220,14,206
109000412,3,48,-45
109900001,73,1,72
109900002,656,19,637
109900003,235,0,235
109900005,30,5,25
109900006,308,83,225
109900007,778,235,543
109900008,0,16,-16
109900009,107,264,-157
109900010,488,10,478
109900011,56,24,32
109900012,244,108,136
109900013,311,136,175
109900014,297,50,247
109900015,204,90,114
109900016,146,20,126
109900017,143,172,-29
109900018,160,23,137
109900019,211,20,191
109900020,26,33,-7
109900021,44,11,33
109900022,143,115,28
109900023,9,2,7
109900024,9,5,4
109900025,7,6,1
109900027,14,24,-10
109900028,629,1050,-421
109900029,1,135,-134
109900030,30,4,26
109900031,1,103,-102
109900032,7,202,-195
109900033,5,236,-231
109900034,26,3,23
109900035,7,30,-23
109900036,25,44,-19
109900037,19,267,-248
109900038,50,146,-96
109900039,8,1,7
109900040,28,294,-266
109900041,38,203,-165
109900042,22,327,-305
109900044,95,174,-79
109900045,117,82,35
109900046,134,69,65
109900047,197,196,1
109900048,5,47,-42
109900049,6,17,-11
109900050,0,105,-105
109900051,0,27,-27
109900052,48,231,-183
109900053,2,152,-150
109900054,585,159,426
109900055,59,157,-98
109900056,25,173,-148
109900057,2,86,-84
109900058,0,37,-37
109900060,450,104,346
109900061,51,168,-117
109900062,1,105,-104
109900064,446,121,325
109900065,38,88,-50
109900066,246,436,-190
109900067,0,112,-112
109900068,50,6,44
109900069,1,20,-19
109900071,2,22,-20
109900072,14,84,-70
109900073,302,244,58
109900074,2,19,-17
109900075,12,24,-12
109900076,24,164,-140
109900077,13,22,-9
109900078,86,146,-60
109900080,78,187,-109
109900081,14,172,-158
109900082,25,165,-140
109900083,22,47,-25
109900084,44,108,-64
109900085,123,348,-225
109900086,101,498,-397
109900087,107,245,-138
109900089,598,183,415
109900092,413,12,401
109900093,910,138,772
109900094,46,61,-15
109900095,65,116,-51
109900096,22,1,21
109900097,96,1,95
109900098,412,20,392
109900099,198,2,196
109900100,49,1,48
109900101,525,7,518
109900102,414,11,403
109900103,20,24,-4
109900104,464,347,117
109900105,451,16,435
109900106,285,35,250
109900107,489,73,416
109900108,99,147,-48
109900109,39,135,-96
109900111,194,383,-189
109900114,486,341,145
109900115,121,63,58
109900117,844,106,738
109900121,273,278,-5
109900123,5,107,-102
109900125,0,102,-102
109900126,208,47,161
109900130,3275,1815,1460
109900131,53,80,-27
109900132,19,84,-65
109900134,32,58,-26
109900135,237,78,159
109900137,102,142,-40
109900140,115,109,6
109900149,17,43,-26
109900150,0,57,-57
109900151,7,33,-26
109900152,0,23,-23
109900153,0,28,-28
109900154,27,1,26
109900155,55,13,42
109900157,52,144,-92
109900159,89,16,73
109900161,177,67,110
109900162,179,84,95
109900163,363,149,214
109900164,58,222,-164
109900165,434,2,432
109900166,3,112,-109
109900167,125,251,-126
109900168,146,355,-209
109900169,166,130,36
109900170,239,752,-513
109900171,129,69,60
109900172,253,177,76
109900173,1506,1920,-414
109900174,46,75,-29
109900175,59,61,-2
109900176,70,106,-36
109900177,33,139,-106
109900178,4,106,-102
109900179,55,13,42
109900180,5,10,-5
110000001,716,366,350
110000002,496,546,-50
110000003,586,520,66
110000004,387,480,-93
110000005,304,1261,-957
110000006,229,269,-40
110000007,105,64,41
110000008,15,55,-40
110000009,51,22,29
110000010,33,66,-33
110000011,46,53,-7
110000012,430,211,219
110000013,28,428,-400
110000014,466,297,169
110000015,159,424,-265
110000016,196,1192,-996
110000017,1810,180,1630
110000018,1673,241,1432
110000019,8,78,-70
110000020,241,168,73
110000021,240,321,-81
110000022,613,106,507
110000023,5,111,-106
110000024,398,275,123
110000025,408,7,401
110000026,10,159,-149
110000027,527,469,58
110000028,701,511,190
110000029,480,446,34
110000030,188,225,-37
110000031,261,269,-8
110000032,603,287,316
110000033,246,81,165
110000034,362,501,-139
110000035,673,316,357
110000036,711,450,261
110000037,167,266,-99
110000038,179,451,-272
110000039,515,2465,-1950
110000040,265,277,-12
110000041,256,1226,-970
110000042,63,271,-208
110000043,587,245,342
110000044,55,284,-229
110000045,331,102,229
110000046,7,20,-13
110000047,29,27,2
110000048,8,37,-29
110000049,20,18,2
110000050,12,36,-24
110000051,26,6,20
110000052,43,33,10
110000053,47,16,31
110000054,192,269,-77
110000055,236,47,189
110000056,102,65,37
110000057,385,403,-18
110000058,1041,363,678
110000059,701,422,279
110000060,690,715,-25
110000061,521,500,21
110000062,440,676,-236
110000063,27,95,-68
110000064,75,47,28
110000065,63,72,-9
110000066,51,29,22
110000067,37,91,-54
110000068,294,110,184
110000069,259,55,204
110000071,186,89,97
110000073,10,15,-5
110000075,11,76,-65
110000076,220,208,12
110000077,265,532,-267
110000078,30,27,3
110000080,233,395,-162
110000081,51,210,-159
110000082,35,323,-288
110000083,166,456,-290
110000084,1106,728,378
110000085,1103,1269,-166
110000086,879,1903,-1024
110000087,10,52,-42
110000088,55,159,-104
110000089,219,84,135
110000090,166,195,-29
110000091,646,181,465
110000092,21,34,-13
110000093,33,10,23
110000094,399,141,258
110000095,119,412,-293
110000096,1109,1357,-248
110000097,966,1154,-188
110000098,1455,485,970
110000099,532,1087,-555
110000100,957,274,683
110000101,38,179,-141
110000102,67,25,42
110000104,283,127,156
110000105,38,167,-129
110000106,481,385,96
110000107,208,271,-63
110000108,78,92,-14
110000109,205,153,52
110000110,1673,2913,-1240
110000111,3695,2357,1338
110000112,780,1084,-304
110000113,216,2021,-1805
110000114,198,422,-224
110000115,318,194,124
110000116,68,43,25
110000117,206,184,22
110000118,423,100,323
110000119,237,185,52
110000120,254,121,133
110000121,80,264,-184
110000122,324,333,-9
110000123,482,250,232
110000124,1,602,-601
110000125,843,7,836
110000126,273,17,256
110000127,950,57,893
110000128,22,692,-670
110000129,12,445,-433
110000130,268,144,124
110000131,68,285,-217
110000132,1,449,-448
110000133,43,365,-322
110000134,19,270,-251
110000135,175,28,147
110000136,71,159,-88
110000137,526,340,186
110000138,610,379,231
110000139,763,686,77
110000140,825,633,192
110000143,485,287,198
110000144,3357,1151,2206
110000145,1495,776,719
110000146,1066,502,564
110000147,283,460,-177
110000148,358,160,198
110000151,515,897,-382
110000152,558,350,208
110000153,105,29,76
110000154,9,24,-15
110000155,866,3044,-2178
110000156,880,1699,-819
110000157,1045,1501,-456
110000160,363,184,179
110000161,178,187,-9
110000166,507,57,450
110000167,731,487,244
110000168,803,399,404
110000169,722,286,436
110000170,102,54,48
110000171,491,130,361
110000172,139,490,-351
110000173,751,692,59
110000174,124,511,-387
110000175,566,66,500
110000176,86,352,-266
110000177,199,761,-562
110000178,350,1221,-871
110000179,756,216,540
110000180,211,136,75
110000181,364,285,79
110000182,277,92,185
110000183,4640,5040,-400
110000184,223,1788,-1565
110000185,512,474,38
110000186,554,571,-17
110000191,1051,201,850
110000192,466,12,454
110000193,950,7,943
110000194,7,645,-638
110000195,403,168,235
110000196,389,241,148
110000197,92,82,10
110000198,62,38,24
110000199,67,88,-21
110000200,774,298,476
110000201,672,765,-93
110000202,958,509,449
110000203,418,421,-3
110000204,4,123,-119
110000205,133,43,90
110000206,388,647,-259
110000207,890,281,609
110000208,138,176,-38
110000209,114,419,-305
110000210,1178,400,778
110000211,713,533,180
110000212,356,750,-394
110000213,225,66,159
110000214,248,89,159
110000215,137,193,-56
110000216,48,190,-142
110000217,286,83,203
110000218,146,156,-10
110000219,331,51,280
110000220,69,141,-72
110000221,336,40,296
110000222,67,114,-47
110000223,3,182,-179
110000224,28,9,19
110000225,208,437,-229
110000226,216,38,178
110000227,580,529,51
110000228,187,115,72
110000229,0,131,-131
110000230,461,468,-7
110000231,180,144,36
110000232,355,153,202
110000233,178,182,-4
110000234,447,421,26
110000235,628,715,-87
110000236,541,404,137
110000237,1608,885,723
110000238,994,1141,-147
110000239,1741,863,878
110000240,0,39,-39
110000242,0,5,-5
110000243,151,102,49
110000244,99,237,-138
110000245,38,247,-209
110000246,769,337,432
110000247,870,3852,-2982
110000248,1669,1400,269
110000249,60,10,50
110000250,38,178,-140
110000251,268,491,-223
110000252,159,143,16
110000253,1232,575,657
110000254,546,794,-248
110000255,150,606,-456
110000256,398,245,153
110000257,462,305,157
110000258,12,364,-352
110000259,153,18,135
110000260,44,158,-114
110000263,411,81,330
110000264,289,256,33
110000265,927,1224,-297
110000266,1126,1932,-806
110000267,19,113,-94
110000268,201,238,-37
110000269,0,33,-33
110000270,67,0,67
110000271,897,160,737
110000272,844,775,69
110000273,1992,967,1025
110000274,222,1238,-1016
110000275,1491,474,1017
110000276,235,259,-24
110000277,358,253,105
110000278,280,520,-240
110000279,737,599,138
110000280,440,300,140
110000281,20,253,-233
110000282,148,11,137
110000283,38,89,-51
110000284,49,32,17
110000285,1,364,-363
110000286,13,0,13
110000287,64,3,61
110000288,17,70,-53
110000289,319,1650,-1331
110000290,540,478,62
110000291,3308,1018,2290
110000292,1075,3886,-2811
110000293,505,473,32
110000294,915,819,96
110000295,123,499,-376
110000296,377,230,147
110000297,2081,298,1783
110000298,202,444,-242
110000299,190,55,135
110000301,320,21,299
110000302,431,627,-196
110000303,389,5,384
110000304,160,166,-6
110000305,1164,40,1124
110000306,155,659,-504
110000307,1538,4,1534
110000308,377,6,371
110000309,6,513,-507
110000310,575,41,534
110000311,13,463,-450
110000312,376,97,279
110000313,1861,2751,-890
110000314,0,199,-199
110000315,2000,1772,228
110000316,383,975,-592
110000317,228,400,-172
110000318,8,68,-60
110000319,9,30,-21
110000320,54,22,32
110000321,11,29,-18
110000322,239,205,34
110000323,451,138,313
110000324,2361,1214,1147
110000325,1749,2464,-715
110000327,271,165,106
110000328,150,345,-195
110000333,729,563,166
110000334,644,810,-166
110000335,715,400,315
110000336,567,712,-145
110000337,1274,446,828
110000338,473,172,301
110000339,252,179,73
110000340,45,115,-70
110000341,387,329,58
110000342,169,1,168
110000343,0,13,-13
110000344,90,84,6
110000345,181,98,83
110000346,1321,1353,-32
110000347,938,541,397
110000348,32,13,19
110000349,17,17,0
110000350,39,3,36
110000351,889,516,373
110000352,557,1038,-481
110000353,1664,485,1179
110000354,887,2303,-1416
110000355,52,58,-6
110000356,448,8,440
110000357,426,25,401
110000361,11,32,-21
110000362,48,8,40
110000363,323,80,243
110000364,196,176,20
110000365,102,0,102
110000366,0,49,-49
110000367,293,91,202
110000368,0,35,-35
110000369,39,1,38
110000373,2,181,-179
110000374,83,5,78
110000375,101,678,-577
110000376,33,70,-37
110000377,76,371,-295
110000378,15,282,-267
110000379,1488,1407,81
110000380,63,9,54
110000383,2,1039,-1037
110000384,1360,880,480
110000385,1,104,-103
110000387,61,11,50
110000388,35,148,-113
110000389,649,1,648
110000391,572,232,340
110000396,151,102,49
110000397,112,94,18
110000398,7,28,-21
110000399,145,43,102
110000587,104,47,57
110000589,163,113,50
110000640,159,54,105
110000652,14,124,-110
110000653,347,310,37
110000654,145,727,-582
110000656,0,294,-294
110000674,16,21,-5
110000675,20,23,-3
110000676,2,43,-41
110000679,232,923,-691
110000682,128,159,-31
110000683,185,354,-169
110000684,4,21,-17
110000685,7,5,2
110000686,0,20,-20
110000687,15,7,8
110000688,27,737,-710
110000689,37,22,15
110000692,28,83,-55
110000693,65,183,-118
110000694,1,99,-98
110000695,232,461,-229
110000696,52,48,4
110000698,35,594,-559
110000699,129,296,-167
110900001,189,6,183
110900002,202,127,75
110900003,685,292,393
110900004,340,85,255
110900005,1239,1743,-504
110900006,42,9,33
110900007,119,26,93
110900008,11,32,-21
110900009,412,101,311
110900010,11,36,-25
110900011,10,31,-21
110900012,9,54,-45
110900013,794,91,703
110900014,354,20,334
110900015,305,482,-177
110900016,48,79,-31
110900017,354,17,337
110900018,307,37,270
110900019,290,19,271
110900020,57,85,-28
110900021,60,282,-222
110900022,73,152,-79
110900023,63,278,-215
110900024,22,181,-159
110900025,5,39,-34
110900027,30,108,-78
110900028,30,72,-42
110900029,5,203,-198
110900030,21,118,-97
110900031,8,89,-81
110900032,0,36,-36
110900033,28,92,-64
110900035,12,329,-317
110900036,89,15,74
110900037,75,10,65
110900038,445,121,324
110900039,7,170,-163
110900040,146,18,128
110900041,17,42,-25
110900042,128,10,118
110900043,1,63,-62
110900044,142,13,129
110900045,39,210,-171
110900046,16,143,-127
110900047,188,189,-1
110900049,49,50,-1
110900050,23,10,13
110900052,6,148,-142
110900053,76,13,63
110900054,20,110,-90
110900055,21,1,20
110900056,43,54,-11
110900057,4,117,-113
110900058,167,83,84
110900059,384,342,42
110900060,399,80,319
110900061,39,27,12
110900062,128,139,-11
110900063,46,77,-31
110900064,13,0,13
110900065,258,95,163
110900066,11,37,-26
110900067,143,386,-243
110900068,203,152,51
110900069,3,20,-17
110900070,105,41,64
110900071,140,390,-250
110900073,1,7,-6
110900074,379,67,312
110900075,283,42,241
110900077,740,403,337
110900078,15,35,-20
110900079,1506,1067,439
110900080,95,49,46
110900081,17,32,-15
110900082,92,52,40
110900083,88,39,49
110900084,43,65,-22
110900085,38,148,-110
110900086,41,204,-163
110900087,286,43,243
110900088,5,1,4
110900090,21,24,-3
110900091,0,28,-28
110900093,139,62,77
110900095,29,24,5
110900097,9,10,-1
110900098,51,51,0
110900099,38,250,-212
110900100,0,24,-24
110900102,32,19,13
110900105,375,151,224
110900108,11,30,-19
110900111,247,88,159
110900112,656,6,650
110900113,298,37,261
110900115,1,29,-28
110900116,646,877,-231
110900118,92,2928,-2836
110900119,1735,161,1574
110900120,37,59,-22
110900121,111,0,111
110900122,313,159,154
110900125,320,336,-16
110900127,399,953,-554
110900128,196,354,-158
110900129,189,620,-431
110900130,635,495,140
110900131,186,54,132
110900132,270,34,236
110900133,43,123,-80
110900135,48,151,-103
110900136,310,11,299
110900138,0,0,0
110900139,1,0,1
110900140,0,0,0
110900141,138,120,18
110900142,27,73,-46
110900143,115,55,60
110900144,2,461,-459
110900145,138,42,96
110900146,219,146,73
110900147,110,223,-113
110900148,3,206,-203
110900149,0,33,-33
110900150,21,18,3
110900151,3,29,-26
110900152,36,124,-88
110900153,111,29,82
111000001,642,485,157
111000002,681,506,175
111000003,1427,558,869
111000004,366,689,-323
111000005,1169,844,325
111000006,674,1367,-693
111000007,3023,2453,570
111000008,1413,2142,-729
111000009,462,623,-161
111000010,724,177,547
111000011,344,1026,-682
111000012,493,285,208
111000013,426,854,-428
111000014,1165,498,667
111000017,116,753,-637
111000018,202,282,-80
111000020,551,1542,-991
111000021,68,73,-5
111000023,92,64,28
111000025,3101,3180,-79
111000029,48,82,-34
111000030,24,91,-67
111000031,1569,763,806
111000032,478,313,165
111000033,210,238,-28
111000034,138,202,-64
111000037,923,616,307
111000038,2497,1214,1283
111000039,1243,1129,114
111000040,1425,1355,70
111000041,1333,997,336
111000042,1770,1636,134
111000043,1438,2812,-1374
111000044,1479,1019,460
111000045,1979,1678,301
111000046,1307,1255,52
111000047,2070,3100,-1030
111000049,328,321,7
111000050,1062,952,110
111000051,423,641,-218
111000052,448,1113,-665
111000053,234,554,-320
111000054,290,497,-207
111000055,796,1157,-361
111000056,165,360,-195
111000057,113,291,-178
111000058,443,72,371
111000059,618,214,404
111000060,3466,738,2728
111000061,487,252,235
111000062,693,252,441
111000063,1524,762,762
111000064,685,481,204
111000065,869,744,125
111000066,432,278,154
111000067,377,451,-74
111000068,544,736,-192
111000069,1218,1274,-56
111000070,979,736,243
111000071,235,370,-135
111000072,1149,412,737
111000073,291,849,-558
111000074,1281,1240,41
111000075,902,555,347
111000076,448,412,36
111000077,1422,1240,182
111000078,2286,1105,1181
111000079,923,576,347
111000080,487,493,-6
111000081,1079,2971,-1892
111000082,646,475,171
111000084,668,437,231
111000085,676,703,-27
111000086,1515,687,828
111000087,588,411,177
111000088,2936,1724,1212
111000089,652,519,133
111000090,525,953,-428
111000091,628,332,296
111000092,1273,611,662
111000093,637,923,-286
111000094,1523,847,676
111000095,537,1805,-1268
111000096,1195,6052,-4857
111000097,3196,1215,1981
111000098,600,748,-148
111000099,504,1184,-680
111000100,374,1003,-629
111000101,332,560,-228
111000102,177,349,-172
111000104,581,157,424
111000107,107,419,-312
111000109,462,162,300
111000110,1138,464,674
111000111,2355,386,1969
111000112,1628,521,1107
111000113,782,1267,-485
111000114,1703,2947,-1244
111000115,3749,941,2808
111000116,831,689,142
111000117,335,656,-321
111000118,1103,596,507
111000119,918,720,198
111000120,442,434,8
111000121,267,564,-297
111000122,437,709,-272
111000123,999,1567,-568
111000124,383,1454,-1071
111000125,322,872,-550
111000126,68,526,-458
111000127,903,127,776
111000128,1660,246,1414
111000129,2375,347,2028
111000130,1888,521,1367
111000131,1676,396,1280
111000132,1299,688,611
111000133,134,88,46
111000134,147,75,72
111000135,68,99,-31
111000136,353,227,126
111000138,26,5,21
111000140,1,6,-5
111000141,165,266,-101
111000142,20,210,-190
111000143,11,255,-244
111000144,42,1102,-1060
111000145,426,6,420
111000146,116,16,100
111000147,185,26,159
111000148,106,55,51
111000149,0,15,-15
111000150,15,10,5
111000151,5,20,-15
111000153,459,556,-97
111000154,506,168,338
111000155,92,131,-39
111000156,358,485,-127
111000157,205,752,-547
111000158,686,587,99
111000159,2003,715,1288
111000160,408,367,41
111000161,11,257,-246
111000162,77,93,-16
111000163,654,527,127
111000164,433,2178,-1745
111000165,712,280,432
111000166,1202,243,959
111000167,116,302,-186
111000168,185,322,-137
111000169,289,458,-169
111000170,332,293,39
111000171,429,332,97
111000172,210,296,-86
111000173,404,597,-193
111000174,246,199,47
111000175,49,215,-166
111000176,300,71,229
111000177,378,157,221
111000178,1211,154,1057
111000179,226,119,107
111000180,166,351,-185
111000181,1133,164,969
111000182,195,124,71
111000183,263,305,-42
111000184,292,172,120
111000185,219,306,-87
111000186,219,279,-60
111000187,118,108,10
111000188,207,241,-34
111000189,650,367,283
111000190,153,202,-49
111000191,157,174,-17
111000192,124,278,-154
111000193,240,237,3
111000194,70,235,-165
111000195,210,217,-7
111000196,82,96,-14
111000197,446,101,345
111000198,698,82,616
111000199,207,147,60
111000200,421,267,154
111000201,621,199,422
111000202,263,138,125
111000203,331,255,76
111000204,477,1098,-621
111000213,231,399,-168
111000214,1132,974,158
111000215,1036,944,92
111000217,1176,571,605
111000218,914,757,157
111000219,329,152,177
111000220,817,370,447
111000221,455,58,397
111000224,79,266,-187
111000225,527,332,195
111000226,79,3,76
111000227,36,8,28
111000228,24,299,-275
111000229,27,726,-699
111000230,181,219,-38
111000231,790,428,362
111000232,492,613,-121
111000233,863,531,332
111000234,102,343,-241
111000239,65,85,-20
111000240,53,154,-101
111000241,31,140,-109
111000242,175,49,126
111000243,143,344,-201
111000244,472,54,418
111000245,979,246,733
111000246,464,172,292
111000247,284,484,-200
111000248,637,237,400
111000249,374,423,-49
111000250,35,49,-14
111000251,33,91,-58
111000253,7,7,0
111000255,49,21,28
111000257,56,21,35
111000260,52,727,-675
111000261,1062,62,1000
111000271,101,213,-112
111000273,1840,882,958
111000274,1089,1654,-565
111000275,196,60,136
111000276,220,970,-750
111000277,158,239,-81
111000278,440,148,292
111000291,830,5278,-4448
111000298,497,148,349
111000299,623,111,512
111000300,73,346,-273
111000302,251,60,191
111000303,52,136,-84
111000312,50,64,-14
111000315,4,93,-89
111000320,218,433,-215
111000321,283,90,193
111000322,249,270,-21
111000323,236,18,218
111000324,249,133,116
111000325,38,45,-7
111000326,136,194,-58
111000327,311,228,83
111000328,270,412,-142
111000329,1,31,-30
111000330,39,5,34
111000331,21,2,19
111000332,394,918,-524
111000334,284,830,-546
111000335,1285,198,1087
111000337,1284,279,1005
111000338,83,62,21
111000339,533,175,358
111000340,122,348,-226
111000341,1309,538,771
111000342,152,926,-774
111000344,846,419,427
111000345,110,63,47
111000346,37,190,-153
111000347,138,10,128
111000350,183,94,89
111000351,112,262,-150
111000352,151,91,60
111000353,116,241,-125
111000354,342,113,229
111000355,252,395,-143
111000358,164,604,-440
111000360,173,325,-152
111000361,145,153,-8
111000546,616,440,176
111000547,330,273,57
111000548,119,191,-72
111000549,284,140,144
111000550,83,747,-664
111000551,558,155,403
111000552,742,180,562
111000907,501,4,497
111000908,39,0,39
111000916,1603,174,1429
111000917,40,354,-314
111000918,178,407,-229
111000920,503,12,491
111000921,9,142,-133
111000922,532,151,381
111000924,34,439,-405
111000925,2546,1412,1134
111000926,1020,1214,-194
111000927,2230,3538,-1308
111000928,3574,2043,1531
111000929,1447,924,523
111000930,827,1363,-536
111000931,1698,1902,-204
111000932,2987,1366,1621
111000933,2848,1909,939
111000934,1330,1970,-640
111000935,1459,714,745
111000936,910,1294,-384
111000937,1110,1085,25
111000938,1198,929,269
111000939,506,31,475
111000940,437,101,336
111000941,317,290,27
111000943,455,197,258
111000944,163,173,-10
111000945,72,857,-785
111001109,379,357,22
111001110,127,351,-224
111001111,87,4,83
111001112,82,4,78
111001113,2,118,-116
111001114,464,150,314
111001115,55,444,-389
111001116,3032,3192,-160
111001117,463,2001,-1538
111001120,91,151,-60
111001121,181,153,28
111001122,183,297,-114
111001123,304,83,221
111001124,169,99,70
111001125,3,164,-161
111001126,1,0,1
111001127,0,16,-16
111001128,607,382,225
111001129,1,244,-243
111900001,4,118,-114
111900002,0,273,-273
111900003,1,143,-142
111900004,13,51,-38
111900006,5,31,-26
111900007,84,2,82
111900008,144,2,142
111900009,84,2,82
111900010,200,232,-32
111900012,52,46,6
111900013,0,7,-7
111900014,2628,3170,-542
111900015,0,27,-27
111900016,0,48,-48
111900017,1,76,-75
111900018,228,2,226
111900019,1,92,-91
111900020,1,18,-17
111900021,30,48,-18
111900022,7,40,-33
111900023,55,51,4
111900024,121,135,-14
111900025,0,33,-33
111900026,0,50,-50
111900027,3,54,-51
111900028,4,218,-214
111900029,5,50,-45
111900030,16,198,-182
111900032,2,169,-167
111900033,9,41,-32
111900034,211,264,-53
111900035,52,216,-164
111900036,0,154,-154
111900038,228,305,-77
111900039,40,247,-207
111900040,2,300,-298
111900042,29,66,-37
111900043,0,184,-184
111900044,256,111,145
111900046,19,68,-49
111900048,132,284,-152
111900049,30,108,-78
111900050,118,14,104
111900051,2,98,-96
111900052,229,223,6
111900053,518,1016,-498
111900054,101,1,100
111900055,3,165,-162
111900056,99,201,-102
111900057,113,51,62
111900058,410,233,177
111900059,868,572,296
111900060,295,1,294
111900061,6,66,-60
111900062,37,50,-13
111900063,136,170,-34
111900064,69,91,-22
111900065,55,19,36
111900066,99,98,1
111900067,1,194,-193
111900068,43,39,4
111900069,53,22,31
111900070,148,66,82
111900071,0,96,-96
111900072,29,21,8
111900073,758,165,593
111900074,8,86,-78
111900075,41,10,31
111900076,119,65,54
111900077,36,0,36
111900078,228,18,210
111900079,40,20,20
111900080,173,203,-30
111900082,113,34,79
111900083,85,14,71
111900084,78,6,72
111900085,28,82,-54
111900086,38,6,32
111900087,37,2,35
111900088,501,7,494
111900089,56,4,52
111900090,37,25,12
111900091,134,0,134
111900092,99,1,98
111900093,438,5,433
111900094,73,0,73
111900095,191,17,174
111900096,112,2,110
111900097,36,1,35
111900098,209,0,209
111900099,41,1,40
111900100,97,2,95
111900101,68,18,50
111900102,416,325,91
111900103,40,43,-3
111900104,89,43,46
111900105,200,127,73
111900106,408,27,381
111900110,868,244,624
111900111,134,4,130
111900112,218,2154,-1936
111900113,137,58,79
111900118,225,65,160
111900119,211,116,95
111900122,69,36,33
111900123,38,26,12
111900124,21,36,-15
111900125,498,33,465
111900126,215,6,209
111900127,3,448,-445
111900128,0,280,-280
111900129,234,9,225
111900130,104,28,76
111900131,379,0,379
111900132,19,564,-545
111900133,38,193,-155
111900134,6,125,-119
111900135,7,20,-13
111900136,59,123,-64
111900137,38,28,10
111900138,14,36,-22
111900139,16,51,-35
111900140,101,18,83
111900141,46,20,26
111900142,109,33,76
111900143,27,60,-33
111900144,0,49,-49
111900145,3,228,-225
111900146,4,142,-138
111900147,57,205,-148
111900148,13,350,-337
111900149,6,122,-116
111900150,8,60,-52
111900151,1,13,-12
111900152,98,37,61
111900153,804,580,224
111900154,15,250,-235
111900155,26,77,-51
111900156,37,49,-12
111900157,87,14,73
111900158,517,68,449
111900159,324,12,312
111900160,258,1,257
111900161,168,0,168
111900162,54,140,-86
111900163,16,123,-107
111900164,74,31,43
111901113,337,147,190
111901114,125,112,13
111901115,29,1,28
111901116,27,0,27
111901117,13,17,-4
111901118,19,101,-82
111901119,317,20,297
111901121,82,67,15
111901122,1,216,-215
111901123,134,131,3
111901124,126,0,126
111901125,408,185,223
111901127,194,278,-84
111901128,1,43,-42
111901129,9,55,-46
111901130,5,47,-42
111901131,1,169,-168
111901132,88,39,49
111901133,18,1,17
111901134,40,1,39
111901135,14,5,9
111901138,175,26,149
111901139,22,11,11
111901140,0,34,-34
111901141,9,48,-39
111901142,1,61,-60
111901143,2,50,-48
111901144,32,40,-8
111901145,110,202,-92
111901146,236,32,204
111901147,229,18,211
111901148,5,37,-32
111901149,11,1,10
111901150,14,0,14
111901151,0,0,0
111901152,5,12,-7
112000001,1390,522,868
112000002,516,1357,-841
112000003,1353,794,559
112000004,518,468,50
112000005,3022,3088,-66
112000006,1539,832,707
112000007,2625,1856,769
112000008,1975,3200,-1225
112000009,2127,1922,205
112000010,2304,2648,-344
112000011,1118,991,127
112000012,2568,3411,-843
112000013,2088,2079,9
112000014,1586,1804,-218
112000015,1936,2440,-504
112000016,2181,1156,1025
112000017,980,1938,-958
112000024,1621,528,1093
112000026,1721,2402,-681
112000027,647,641,6
112000028,728,990,-262
112000029,369,543,-174
112000030,117,55,62
112000031,899,3452,-2553
112000032,138,28,110
112000033,1115,1557,-442
112000034,113,20,93
112000035,31,261,-230
112000036,407,630,-223
112000037,686,518,168
112000038,1052,642,410
112000039,93,59,34
112000040,56,140,-84
112000041,319,320,-1
112000042,737,269,468
112000050,1026,995,31
112000051,951,1125,-174
112000054,1006,926,80
112000057,274,246,28
112000058,232,341,-109
112000059,338,568,-230
112000061,1763,1375,388
112000062,1158,702,456
112000063,599,1525,-926
112000064,2475,3687,-1212
112000065,1270,1664,-394
112000066,3167,1463,1704
112000067,536,551,-15
112000068,2765,2392,373
112000069,463,1211,-748
112000070,1343,865,478
112000071,663,1585,-922
112000072,2110,719,1391
112000073,859,1260,-401
112000074,1116,807,309
112000075,1325,973,352
112000076,2289,1437,852
112000077,584,363,221
112000078,1703,471,1232
112000079,1125,820,305
112000080,711,510,201
112000081,1001,1577,-576
112000082,1182,577,605
112000083,550,811,-261
112000084,1231,653,578
112000085,1045,622,423
112000086,1674,819,855
112000087,449,418,31
112000088,733,352,381
112000089,186,210,-24
112000090,196,153,43
112000091,446,642,-196
112000092,1683,817,866
112000093,1355,690,665
112000094,614,615,-1
112000095,585,587,-2
112000096,507,531,-24
112000097,1142,556,586
112000098,684,555,129
112000099,711,1287,-576
112000100,1657,583,1074
112000101,435,479,-44
112000102,1388,477,911
112000103,313,531,-218
112000105,612,970,-358
112000106,1785,402,1383
112000107,130,126,4
112000108,323,910,-587
112000109,205,100,105
112000110,1731,570,1161
112000111,576,1871,-1295
112000112,2248,485,1763
112000113,582,1084,-502
112000114,1769,655,1114
112000115,350,377,-27
112000116,499,655,-156
112000117,979,648,331
112000118,621,544,77
112000119,329,432,-103
112000120,71,271,-200
112000121,87,270,-183
112000122,261,114,147
112000123,737,138,599
112000124,378,65,313
112000125,239,163,76
112000126,247,255,-8
112000127,1351,1699,-348
112000128,426,428,-2
112000129,144,77,67
112000130,193,55,138
112000131,61,170,-109
112000132,135,165,-30
112000133,317,116,201
112000134,323,260,63
112000135,1238,590,648
112000136,818,896,-78
112000137,1155,1217,-62
112000138,932,818,114
112000139,593,545,48
112000140,564,897,-333
112000141,871,323,548
112000142,149,377,-228
112000143,1122,220,902
112000144,246,661,-415
112000145,2220,412,1808
112000146,404,1045,-641
112000147,2457,1350,1107
112000148,1294,1332,-38
112000149,421,303,118
112000150,248,361,-113
112000151,269,193,76
112000152,299,220,79
112000153,169,141,28
112000154,131,138,-7
112000155,92,97,-5
112000157,417,383,34
112000158,296,237,59
112000159,441,214,227
112000167,347,70,277
112000169,156,244,-88
112000173,626,130,496
112000175,330,273,57
112000176,1446,1469,-23
112000177,654,162,492
112000178,56,189,-133
112000179,225,57,168
112000180,234,202,32
112000181,1037,1105,-68
112000182,1052,807,245
112000183,26,27,-1
112000184,365,206,159
112000185,517,306,211
112000187,2958,1787,1171
112000195,94,20,74
112000196,213,4,209
112000197,157,117,40
112000198,34,199,-165
112000199,635,595,40
112000202,380,1,379
112000216,67,184,-117
112000230,80,5,75
112000231,5,149,-144
112000256,55,143,-88
112000313,38,83,-45
112000314,36,32,4
112000337,265,461,-196
112000352,190,364,-174
112000392,946,1013,-67
112000398,1332,620,712
112000399,1130,1894,-764
112000400,1208,1436,-228
112000401,1914,1159,755
112000402,2445,2708,-263
112000403,1089,2456,-1367
112000404,901,667,234
112000405,1683,2200,-517
112000406,1996,1131,865
112000407,6335,6314,21
112000408,5178,3560,1618
112000409,1105,2284,-1179
112000410,325,300,25
112000411,2056,1060,996
112000412,1031,355,676
112000413,4601,4939,-338
112000414,87,51,36
112000415,92,37,55
112000416,2385,1031,1354
112000417,229,63,166
112000421,56,63,-7
112000422,251,197,54
112000424,1256,1943,-687
112000425,163,240,-77
112000426,137,237,-100
112000427,1,12,-11
112000428,222,224,-2
112000429,1532,1447,85
112000430,1649,1805,-156
112000431,109,120,-11
112000432,652,937,-285
112000433,216,558,-342
112000437,68,99,-31
112900001,49,4,45
112900002,455,556,-101
112900003,65,214,-149
112900004,21,124,-103
112900005,221,119,102
112900007,16,96,-80
112900008,2,32,-30
112900009,240,105,135
112900010,344,465,-121
112900011,93,121,-28
112900012,0,26,-26
112900013,1,100,-99
112900014,3,138,-135
112900015,269,495,-226
112900016,9,118,-109
112900017,36,95,-59
112900018,361,497,-136
112900019,15,77,-62
112900020,229,658,-429
112900021,1,83,-82
112900022,12,40,-28
112900023,1,98,-97
112900024,11,93,-82
112900025,40,137,-97
112900026,0,130,-130
112900027,2,676,-674
112900028,30,42,-12
112900029,20,300,-280
112900030,76,76,0
112900031,8,275,-267
112900032,137,195,-58
112900034,0,28,-28
112900035,3,222,-219
112900036,24,76,-52
112900037,132,237,-105
112900038,380,115,265
112900039,14,161,-147
112900040,10,190,-180
112900041,441,644,-203
112900042,35,157,-122
112900043,20,30,-10
112900044,325,278,47
112900045,219,178,41
112900046,94,26,68
112900047,5,28,-23
112900049,212,49,163
112900050,23,235,-212
112900051,145,323,-178
112900052,3,446,-443
112900053,122,68,54
112900054,88,39,49
112900055,61,15,46
112900056,240,152,88
112900057,21,293,-272
112900058,199,298,-99
112900059,103,66,37
112900060,12,84,-72
112900061,68,65,3
112900062,62,58,4
112900063,111,16,95
112900064,104,157,-53
112900065,22,24,-2
112900066,199,191,8
112900067,194,102,92
112900068,36,46,-10
112900069,964,676,288
112900071,31,9,22
112900072,74,1482,-1408
112900073,292,77,215
112900074,61,281,-220
112900075,642,795,-153
112900076,44,38,6
112900078,287,359,-72
112900079,213,24,189
112900080,36,0,36
112900081,31,169,-138
112900082,370,40,330
112900083,113,71,42
112900084,190,128,62
112900086,96,0,96
112900087,588,81,507
112900088,87,23,64
112900089,685,24,661
112900090,46,27,19
112900091,214,8,206
112900092,64,224,-160
112900093,848,15,833
112900095,41,0,41
112900096,436,114,322
112900097,58,188,-130
112900098,60,0,60
112900099,869,13,856
112900100,41,0,41
112900101,280,3,277
112900102,111,7,104
112900103,179,4,175
112900104,651,6,645
112900105,13,0,13
112900106,273,81,192
112900107,5,1,4
112900108,17,1,16
112900109,144,0,144
112900110,1247,15,1232
112900111,577,0,577
112900112,336,3,333
112900113,1,13,-12
112900114,153,11,142
112900115,1300,2,1298
112900116,93,6,87
112900117,73,61,12
112900118,13,63,-50
112900119,159,0,159
112900120,434,177,257
112900121,73,96,-23
112900122,5,41,-36
112900123,88,15,73
112900124,7,46,-39
112900125,48,308,-260
112900126,122,118,4
112900127,272,74,198
112900128,125,456,-331
112900129,2,468,-466
112900130,180,45,135
112900131,23,161,-138
112900132,101,257,-156
112900133,17,682,-665
112900134,0,132,-132
112900135,50,35,15
112900137,9,253,-244
112900138,4,112,-108
112900139,98,701,-603
112900141,541,36,505
112900142,39,162,-123
112900143,17,319,-302
112900144,12,492,-480
112900145,20,212,-192
112900146,6,589,-583
112900147,3,943,-940
112900148,66,2,64
112900149,115,337,-222
112900151,16,37,-21
112900152,2369,489,1880
112900153,1140,1789,-649
112900154,0,86,-86
112900155,139,16,123
112900156,471,569,-98
112900157,210,20,190
112900158,74,8,66
112900159,152,102,50
112900160,47,164,-117
112900161,85,53,32
112900162,26,17,9
112900163,57,34,23
112900164,15,210,-195
112900165,125,10,115
112900166,19,52,-33
112900167,0,57,-57
112900168,2,1,1
112900169,17,15,2
112900170,119,52,67
112900172,35,13,22
112900173,99,66,33
112900174,220,46,174
112900175,95,110,-15
112900176,10,52,-42
112900177,256,49,207
112900178,623,2229,-1606
112900179,38,213,-175
112900180,1503,825,678
112900181,455,6,449
112900182,38,461,-423
112900183,110,221,-111
112900184,315,239,76
112900185,149,426,-277
112900186,778,698,80
112900187,77,418,-341
112900188,432,531,-99
112900189,7,9,-2
112900190,9,29,-20
112900192,429,526,-97
112900193,867,244,623
112900194,65,50,15
112900195,633,28,605
112900196,188,214,-26
112900197,134,283,-149
112900199,451,207,244
112900200,355,103,252
112900201,167,62,105
112900202,320,513,-193
112900203,223,175,48
112900204,653,411,242
112900205,17,8,9
112900206,31,78,-47
112900207,15,0,15
112900208,76,251,-175
112900209,350,236,114
112900210,1,26,-25
112900211,43,9,34
112900212,2,95,-93
112900213,54,4,50
112900214,15,8,7
112900215,6,91,-85
112900216,7,43,-36
112900217,0,44,-44
112900218,131,0,131
112900219,61,0,61
112900220,2,0,2
112900221,5,104,-99
112900222,0,27,-27
112900223,790,6,784
112900224,271,269,2
112900225,396,190,206
112900226,113,235,-122
112900227,280,298,-18
112900228,49,9,40
112900229,198,35,163
112900230,3973,2429,1544
112900232,173,214,-41
112900233,49,109,-60
112900234,13,35,-22
112900235,59,24,35
112900236,250,6,244
112900237,233,169,64
112900238,5,11,-6
112900239,434,321,113
112900240,3,21,-18
112900241,12,44,-32
112900242,13,68,-55
112900243,9,58,-49
112900244,7,31,-24
112900245,3,35,-32
112900246,4,10,-6
112900247,133,23,110
112900248,9,0,9
112900249,24,3,21
112900250,65,11,54
112900251,65,20,45
112900252,78,23,55
112900253,21,2,19
112900254,10,5,5
112900255,3,25,-22
112900256,5,37,-32
112900257,11,35,-24
112900258,38,17,21
113000001,4096,3193,903
113000002,2919,2480,439
113000003,1347,1045,302
113000004,1253,1501,-248
113000005,1261,636,625
113000006,847,838,9
113000007,1320,673,647
113000008,1112,977,135
113000009,960,591,369
113000010,1070,712,358
113000011,583,861,-278
113000012,1260,424,836
113000013,832,563,269
113000014,893,992,-99
113000015,178,109,69
113000016,231,554,-323
113000017,30,319,-289
113000018,364,24,340
113000019,88,320,-232
113000020,342,87,255
113000021,795,438,357
113000022,554,804,-250
113000025,80,264,-184
113000026,460,319,141
113000027,443,496,-53
113000028,517,417,100
113000029,704,571,133
113000030,235,375,-140
113000031,174,222,-48
113000032,245,267,-22
113000033,186,322,-136
113000034,222,212,10
113000035,22,16,6
113000036,18,41,-23
113000037,38,13,25
113000038,9,38,-29
113000039,70,269,-199
113000040,60,88,-28
113000042,516,383,133
113000051,662,1728,-1066
113000052,1569,550,1019
113000053,410,232,178
113000054,344,554,-210
113000055,1103,370,733
113000056,919,699,220
113000058,540,610,-70
113000059,902,357,545
113000060,204,382,-178
113000061,390,567,-177
113000062,494,206,288
113000063,216,50,166
113000064,69,168,-99
113000065,124,522,-398
113000066,667,72,595
113000067,2069,844,1225
113000068,380,747,-367
113000069,467,747,-280
113000070,2187,720,1467
113000071,335,365,-30
113000072,732,293,439
113000073,258,836,-578
113000074,769,258,511
113000075,1244,550,694
113000076,505,1701,-1196
113000077,756,508,248
113000078,492,1531,-1039
113000079,366,575,-209
113000080,500,556,-56
113000081,575,621,-46
113000082,649,572,77
113000083,459,713,-254
113000084,1106,871,235
113000085,597,578,19
113000086,878,859,19
113000087,781,757,24
113000088,1511,921,590
113000089,779,1143,-364
113000090,159,466,-307
113000091,317,315,2
113000094,985,182,803
113000095,227,607,-380
113000096,111,435,-324
113000097,974,267,707
113000098,83,60,23
113000099,766,365,401
113000100,107,271,-164
113000101,203,346,-143
113000102,487,448,39
113000103,1405,275,1130
113000104,476,1677,-1201
113000105,797,258,539
113000106,250,233,17
113000107,777,618,159
113000108,503,642,-139
113000109,565,1054,-489
113000110,1402,362,1040
113000111,234,420,-186
113000112,335,294,41
113000113,877,258,619
113000114,259,977,-718
113000116,389,237,152
113000117,609,55,554
113000118,58,335,-277
113000119,323,204,119
113000120,52,153,-101
113000121,350,599,-249
113000124,239,92,147
113000125,55,679,-624
113000127,1509,234,1275
113000128,472,268,204
113000129,280,501,-221
113000133,1612,1128,484
113000134,3,955,-952
113000135,3197,4054,-857
113000137,1164,2662,-1498
113000139,253,186,67
113000140,65,122,-57
113000141,107,179,-72
113000142,276,585,-309
113000143,216,228,-12
113000144,206,469,-263
113000145,62,89,-27
113000146,90,56,34
113000147,110,63,47
113000148,145,96,49
113000149,70,74,-4
113000150,356,175,181
113000151,31,37,-6
113000152,36,85,-49
113000153,767,313,454
113000154,499,1132,-633
113000155,298,514,-216
113000156,115,246,-131
113000157,189,512,-323
113000158,579,243,336
113000159,740,571,169
113000160,480,638,-158
113000161,237,240,-3
113000162,643,217,426
113000163,95,42,53
113000164,26,69,-43
113000166,174,91,83
113000167,38,51,-13
113000168,56,74,-18
113000169,193,79,114
113000170,138,84,54
113000171,47,79,-32
113000172,271,53,218
113000173,84,24,60
113000174,108,302,-194
113000175,295,83,212
113000176,408,163,245
113000177,174,290,-116
113000178,154,240,-86
113000179,259,170,89
113000180,379,875,-496
113000181,968,617,351
113000182,133,280,-147
113000183,97,428,-331
113000184,19,56,-37
113000189,374,642,-268
113000190,470,308,162
113000192,699,2000,-1301
113000193,1617,1827,-210
113000194,707,1026,-319
113000195,1085,966,119
113000196,158,65,93
113000197,829,918,-89
113000198,69,247,-178
113000199,892,186,706
113000201,186,266,-80
113000202,2740,607,2133
113000203,159,139,20
113000204,618,1801,-1183
113000205,11,17,-6
113000206,4,30,-26
113000207,79,9,70
113000208,29,39,-10
113000209,17,9,8
113000210,3,16,-13
113000211,161,229,-68
113000212,74,37,37
113000213,13,99,-86
113000214,151,175,-24
113000234,153,526,-373
113000410,96,168,-72
113000411,1743,2761,-1018
113000412,3648,1777,1871
113000413,1291,2010,-719
113000414,3328,9929,-6601
113000415,1427,1707,-280
113000416,4352,2418,1934
113000417,1446,1705,-259
113000418,3514,2538,976
113000419,1215,1374,-159
113000420,2820,4451,-1631
113000421,2854,5093,-2239
113000422,7258,8300,-1042
113000423,1224,4071,-2847
113000424,1792,7833,-6041
113000425,7,48,-41
113000428,34,16,18
113000430,8,44,-36
113000432,1909,155,1754
113000433,67,403,-336
113000434,28,74,-46
113000435,32,302,-270
113000436,30,622,-592
113000437,940,28,912
113000438,244,18,226
113000439,16,51,-35
113000440,129,26,103
113000441,216,181,35
113000442,118,99,19
113000443,220,103,117
113000444,194,94,100
113000445,134,64,70
113000446,26,100,-74
113000448,189,119,70
113000449,122,599,-477
113000450,390,1431,-1041
113000451,998,176,822
113000452,182,340,-158
113000453,78,249,-171
113000454,297,94,203
113000455,34,288,-254
113000456,2207,1765,442
113000468,1004,80,924
113000469,28,64,-36
113000470,267,19,248
113000471,20,287,-267
113000472,85,210,-125
113000474,613,393,220
113000475,1062,1078,-16
113000476,1272,1348,-76
113000477,2907,1505,1402
113000478,2777,3252,-475
113000479,83,110,-27
113000483,0,0,0
113000484,0,0,0
113000485,0,0,0
113000486,0,0,0
113000487,0,0,0
113000488,0,0,0
113000489,0,0,0
113000490,0,2,-2
113000491,0,0,0
113000492,0,2,-2
113000493,0,0,0
113000495,122,112,10
113000496,146,88,58
113900001,4,144,-140
113900002,0,35,-35
113900003,0,19,-19
113900004,1,31,-30
113900005,3,40,-37
113900006,0,12,-12
113900007,12,0,12
113900008,4,2,2
113900009,33,2,31
113900010,38,2,36
113900011,49,0,49
113900012,9,0,9
113900013,76,3,73
113900014,432,0,432
113900015,0,36,-36
113900016,10,2,8
113900017,4,19,-15
113900018,197,166,31
113900019,114,22,92
113900020,108,1,107
113900022,14,0,14
113900023,18,0,18
113900024,31,26,5
113900025,195,5,190
113900026,27,0,27
113900027,7,31,-24
113900028,34,243,-209
113900029,47,132,-85
113900030,238,1,237
113900031,5,0,5
113900032,22,0,22
113900033,52,42,10
113900035,22,0,22
113900036,20,41,-21
113900037,122,335,-213
113900038,39,91,-52
113900039,129,16,113
113900040,7,8,-1
113900041,10,1,9
113900042,52,41,11
113900043,117,64,53
113900044,204,228,-24
113900045,39,1,38
113900046,156,384,-228
113900047,29,80,-51
113900048,139,80,59
113900049,310,227,83
113900050,156,242,-86
113900051,157,191,-34
113900052,95,112,-17
113900053,364,316,48
113900054,7,0,7
113900055,58,252,-194
113900056,42,130,-88
113900057,8,40,-32
113900058,43,69,-26
113900059,203,169,34
113900060,114,132,-18
113900061,415,117,298
113900062,72,5,67
113900063,52,103,-51
113900064,16,58,-42
113900065,350,20,330
113900066,344,167,177
113900067,154,134,20
113900068,348,308,40
113900069,8,9,-1
113900070,99,287,-188
113900071,35,46,-11
113900072,32,89,-57
113900073,227,176,51
113900074,206,238,-32
113900075,1001,961,40
113900076,81,13,68
113900077,19,116,-97
113900078,22,51,-29
113900079,1,19,-18
113900080,325,116,209
113900081,38,123,-85
113900082,74,132,-58
113900083,260,209,51
113900084,173,98,75
113900085,36,183,-147
113900086,25,32,-7
113900087,58,94,-36
113900088,42,103,-61
113900089,253,42,211
113900090,447,227,220
113900091,6,7,-1
113900092,28,64,-36
113900093,38,572,-534
113900094,359,209,150
113900095,124,96,28
113900096,222,46,176
113900097,33,37,-4
113900098,507,75,432
113900099,1,31,-30
113900100,0,3,-3
113900101,16,51,-35
113900102,71,137,-66
113900103,204,212,-8
113900104,108,148,-40
113900105,90,130,-40
113900106,0,31,-31
113900107,1,19,-18
113900108,166,153,13
113900109,220,158,62
113900110,26,10,16
113900111,112,49,63
113900112,93,34,59
113900113,603,354,249
113900114,0,26,-26
113900115,0,37,-37
113900116,70,93,-23
113900117,54,15,39
113900118,158,291,-133
113900119,111,356,-245
113900120,49,19,30
113900121,41,39,2
113900122,245,1730,-1485
113900123,297,141,156
113900124,0,23,-23
113900125,485,86,399
113900126,61,24,37
113900127,171,455,-284
113900128,120,51,69
113900129,15,119,-104
113900130,0,44,-44
113900131,150,37,113
113900132,37,45,-8
113900133,32,56,-24
113900135,215,177,38
113900136,93,43,50
113900137,215,202,13
113900138,24,74,-50
113900139,172,139,33
113900140,114,250,-136
113900141,424,148,276
113900142,115,30,85
113900143,10,27,-17
113900144,112,179,-67
113900145,288,108,180
113900146,107,27,80
113900148,112,210,-98
113900149,94,58,36
113900150,242,280,-38
113900151,314,129,185
113900152,31,30,1
113900153,106,325,-219
113900154,1,75,-74
113900155,89,149,-60
113900156,174,266,-92
113900157,23,222,-199
113900158,128,245,-117
113900159,8,162,-154
113900160,375,312,63
113900161,52,160,-108
113900162,188,494,-306
113900163,125,149,-24
113900164,253,40,213
113900165,599,235,364
113900166,88,121,-33
113900167,228,39,189
113900168,84,68,16
113900169,173,214,-41
113900171,147,69,78
113900172,3,84,-81
113900173,18,331,-313
113900174,341,278,63
113900175,213,117,96
113900176,204,304,-100
113900177,354,99,255
113900178,190,88,102
113900179,8,243,-235
113900180,119,61,58
113900181,509,116,393
113900182,414,598,-184
113900183,33,40,-7
113900184,7,192,-185
113900185,111,70,41
113900186,31,17,14
113900187,35,75,-40
113900188,35,81,-46
113900189,178,119,59
113900190,141,66,75
113900191,47,104,-57
113900192,989,1322,-333
113900193,8,138,-130
113900194,928,652,276
113900195,189,201,-12
113900196,1,68,-67
113900197,1,78,-77
113900198,20,178,-158
113900199,107,454,-347
113900200,6,112,-106
113900201,0,80,-80
113900202,8,135,-127
113900203,17,52,-35
113900204,22,369,-347
113900205,2,82,-80
113900206,3,80,-77
113900207,0,20,-20
113900208,0,21,-21
113900209,0,34,-34
113900210,381,438,-57
113900211,134,34,100
113900212,177,306,-129
113900214,239,273,-34
113900215,21,46,-25
113900216,86,422,-336
113900217,69,141,-72
113900218,99,102,-3
113900219,58,224,-166
113900220,81,79,2
113900221,228,198,30
113900222,804,557,247
113900223,179,499,-320
113900224,52,43,9
113900225,299,150,149
113900226,244,80,164
113900227,315,148,167
113900228,182,292,-110
113900229,61,539,-478
113900230,2092,2264,-172
113900231,135,98,37
113900232,58,51,7
113900233,88,35,53
113900234,196,282,-86
113900235,73,19,54
113900236,157,151,6
113900237,137,12,125
113900238,133,348,-215
113900239,39,84,-45
113900240,2,108,-106
113900241,70,27,43
113900242,56,96,-40
113900243,64,263,-199
113900244,189,122,67
113900245,836,219,617
113900246,13,21,-8
113900247,114,325,-211
113900248,1390,1273,117
113900249,481,327,154
113900250,60,137,-77
113900251,564,146,418
113900252,424,5,419
113900253,423,29,394
113900254,550,113,437
113900255,371,13,358
113900256,350,21,329
113900257,22,303,-281
113900258,16,239,-223
113900259,396,98,298
113900260,188,3,185
113900261,9,58,-49
113900262,134,309,-175
113900263,86,462,-376
113900264,1,264,-263
113900265,85,219,-134
113900266,32,105,-73
113900267,65,262,-197
113900268,225,327,-102
113900269,56,87,-31
113900270,188,376,-188
113900271,461,586,-125
113900273,27,8,19
113900274,72,25,47
113900275,14,60,-46
113900276,2,101,-99
113900277,116,1,115
113900278,167,83,84
113900279,39,31,8
113900280,1079,371,708
113900281,383,858,-475
113900282,355,350,5
113900283,303,378,-75
113900284,571,140,431
113900285,47,27,20
113900286,15,54,-39
113900287,51,10,41
113900288,4,76,-72
113900289,445,72,373
113900290,168,187,-19
113900291,87,104,-17
113900292,6,6,0
113900293,6,161,-155
113900294,454,11,443
113900295,314,428,-114
113900296,662,150,512
113900297,1344,23,1321
113900298,8,1135,-1127
113900299,82,101,-19
113900300,1487,1298,189
113900301,580,226,354
113900302,1392,617,775
113900303,272,310,-38
113900304,1,83,-82
113900305,84,0,84
113900306,29,0,29
113900307,14,0,14
113900308,36,80,-44
113900309,0,419,-419
113900310,0,5,-5
113900311,1,0,1
113900312,123,159,-36
113900313,5,8,-3
113900314,0,6,-6
113900315,36,0,36
114000001,725,1419,-694
114000002,242,251,-9
114000003,246,607,-361
114000004,325,270,55
114000005,249,156,93
114000006,1929,1602,327
114000007,517,808,-291
114000008,1059,1401,-342
114000009,753,208,545
114000011,2253,1631,622
114000012,2371,1137,1234
114000013,1402,946,456
114000014,541,320,221
114000015,1591,262,1329
114000016,170,154,16
114000017,81,301,-220
114000018,130,29,101
114000026,1789,807,982
114000027,2603,1446,1157
114000028,1904,2049,-145
114000038,251,154,97
114000039,165,131,34
114000040,156,170,-14
114000042,179,105,74
114000043,360,238,122
114000044,406,123,283
114000045,80,41,39
114000046,2401,3326,-925
114000047,13,67,-54
114000048,118,123,-5
114000049,1243,1234,9
114000050,1373,1677,-304
114000051,2417,1642,775
114000052,3061,1483,1578
114000053,95,570,-475
114000054,160,614,-454
114000055,181,14,167
114000056,444,736,-292
114000057,2998,1265,1733
114000058,244,1224,-980
114000059,157,286,-129
114000060,396,633,-237
114000061,2220,2461,-241
114000062,1166,1255,-89
114000063,1604,1108,496
114000064,3100,3043,57
114000065,1098,1505,-407
114000066,471,466,5
114000067,13,532,-519
114000068,421,608,-187
114000069,595,431,164
114000070,1676,1357,319
114000071,632,307,325
114000072,372,164,208
114000073,8,31,-23
114000074,28,27,1
114000075,46,48,-2
114000076,26,57,-31
114000077,7,14,-7
114000078,337,340,-3
114000079,125,27,98
114000080,60,59,1
114000081,73,67,6
114000082,29,260,-231
114000083,73,127,-54
114000084,317,74,243
114000085,79,350,-271
114000086,188,308,-120
114000087,106,76,30
114000088,31,22,9
114000089,435,252,183
114000090,701,733,-32
114000091,1049,725,324
114000092,733,428,305
114000093,1159,591,568
114000094,371,311,60
114000095,187,154,33
114000096,90,194,-104
114000097,115,350,-235
114000098,548,74,474
114000099,630,367,263
114000100,1441,397,1044
114000101,443,401,42
114000102,571,221,350
114000103,122,234,-112
114000104,37,123,-86
114000105,97,52,45
114000106,567,909,-342
114000107,332,72,260
114000108,1274,785,489
114000109,605,1512,-907
114000110,443,779,-336
114000111,1446,651,795
114000112,435,1353,-918
114000113,1622,380,1242
114000114,982,944,38
114000115,2309,881,1428
114000116,735,1532,-797
114000117,2642,358,2284
114000118,2335,318,2017
114000119,1625,332,1293
114000120,324,259,65
114000121,302,555,-253
114000122,334,203,131
114000123,2032,302,1730
114000124,778,158,620
114000125,480,538,-58
114000126,1485,180,1305
114000127,207,98,109
114000128,775,225,550
114000130,389,402,-13
114000131,260,62,198
114000132,511,336,175
114000133,590,854,-264
114000134,50,77,-27
114000138,37,127,-90
114000139,364,265,99
114000144,729,405,324
114000145,79,107,-28
114000146,93,118,-25
114000147,1178,1702,-524
114000148,1339,1366,-27
114000149,332,246,86
114000150,1020,995,25
114000151,1055,1942,-887
114000152,113,17,96
114000153,732,2074,-1342
114000154,619,749,-130
114000155,1213,2024,-811
114000156,516,494,22
114000157,249,868,-619
114000158,968,538,430
114000159,149,320,-171
114000160,84,236,-152
114000161,1061,2382,-1321
114000162,1043,2236,-1193
114000163,11,62,-51
114000165,421,308,113
114000166,415,295,120
114000167,2044,1186,858
114000168,474,422,52
114000169,1033,1078,-45
114000170,949,848,101
114000171,881,3524,-2643
114000174,101,325,-224
114000176,304,314,-10
114000177,1129,590,539
114000178,56,21,35
114000179,950,609,341
114000180,290,411,-121
114000181,1228,2796,-1568
114000182,1271,1548,-277
114000183,490,558,-68
114000184,1847,594,1253
114000185,834,584,250
114000189,900,94,806
114000190,2470,344,2126
114000191,55,71,-16
114000192,91,771,-680
114000193,339,1396,-1057
114000194,1206,585,621
114000195,156,33,123
114000196,4,111,-107
114000197,1148,5,1143
114000198,572,245,327
114000199,1394,1262,132
114000200,398,932,-534
114000201,125,518,-393
114000202,636,338,298
114000203,716,669,47
114000204,114,246,-132
114000205,133,917,-784
114000206,419,795,-376
114000207,376,899,-523
114000208,361,1294,-933
114000209,465,1298,-833
114000210,158,635,-477
114000211,837,1006,-169
114000212,626,638,-12
114000213,1195,453,742
114000214,65,95,-30
114000215,137,57,80
114000216,1161,268,893
114000217,307,178,129
114000218,142,144,-2
114000219,1141,128,1013
114000220,34,727,-693
114000221,782,108,674
114000222,119,601,-482
114000223,416,119,297
114000224,76,318,-242
114000225,172,323,-151
114000226,161,148,13
114000227,733,327,406
114000228,710,380,330
114000229,779,546,233
114000230,1267,719,548
114000231,720,877,-157
114000232,695,117,578
114000233,1720,98,1622
114000234,923,488,435
114000235,1120,1054,66
114000236,1,208,-207
114000237,94,553,-459
114000238,113,165,-52
114000239,160,749,-589
114000240,546,644,-98
114000241,198,591,-393
114000242,580,566,14
114000243,1252,640,612
114000244,406,214,192
114000245,352,641,-289
114000246,67,37,30
114000247,481,403,78
114000248,939,363,576
114000249,438,365,73
114000250,463,356,107
114000251,315,132,183
114000252,71,31,40
114000253,38,49,-11
114000254,44,32,12
114000255,358,134,224
114000256,759,1690,-931
114000257,409,857,-448
114000258,193,191,2
114000259,73,175,-102
114000260,0,27,-27
114000261,47,37,10
114000262,179,72,107
114000263,13,0,13
114000264,879,266,613
114000265,0,3,-3
114000267,4,1142,-1138
114000268,11,712,-701
114000270,92,8,84
114000271,245,29,216
114000283,975,281,694
114000285,9,113,-104
114000288,112,207,-95
114000289,1287,157,1130
114000293,140,272,-132
114000294,165,184,-19
114000395,1043,34,1009
114000396,565,428,137
114000402,415,197,218
114000403,237,170,67
114000405,121,249,-128
114000423,285,223,62
114000424,344,69,275
114000425,821,134,687
114000426,235,665,-430
114000427,79,66,13
114000428,189,224,-35
114000429,5,130,-125
114000432,114,65,49
114000434,38,52,-14
114000435,1,117,-116
114900001,550,528,22
114900002,237,71,166
114900003,695,641,54
114900004,202,295,-93
114900005,504,429,75
114900006,66,41,25
114900007,187,17,170
114900008,139,80,59
114900010,1219,1786,-567
114900011,147,96,51
114900013,193,76,117
114900018,649,27,622
114900020,163,80,83
114900022,2,416,-414
114900025,394,147,247
114900026,76,73,3
114900029,122,22,100
114900030,393,187,206
114900031,302,18,284
114900032,330,16,314
114900034,66,166,-100
114900035,72,203,-131
114900036,164,378,-214
114900039,463,307,156
114900040,78,72,6
114900041,732,287,445
114900042,755,373,382
114900044,110,21,89
114900047,194,1774,-1580
114900048,67,195,-128
114900049,26,149,-123
114900050,34,223,-189
114900051,31,198,-167
114900052,25,179,-154
114900053,51,182,-131
114900054,42,67,-25
114900057,170,5,165
114900058,1,40,-39
114900059,55,44,11
114900063,40,112,-72
114900064,1342,216,1126
114900065,366,458,-92
114900067,73,257,-184
114900068,58,143,-85
114900069,95,60,35
114900070,503,248,255
114900072,2,206,-204
114900073,0,86,-86
114900074,523,365,158
114900075,177,4,173
114900076,2,161,-159
114900080,1169,221,948
114900082,2241,2073,168
114900083,678,718,-40
114900090,276,141,135
114900091,74,107,-33
114900097,158,1,157
114900098,6,112,-106
114900099,175,4,171
115000001,3481,2109,1372
115000002,3254,3557,-303
115000003,3512,1689,1823
115000004,3728,4763,-1035
115000005,1441,1340,101
115000006,963,1143,-180
115000007,183,180,3
115000008,332,398,-66
115000009,138,183,-45
115000010,206,155,51
115000013,59,191,-132
115000015,81,283,-202
115000016,46,155,-109
115000019,44,344,-300
115000020,110,528,-418
115000021,237,366,-129
115000022,392,241,151
115000023,307,452,-145
115000024,620,286,334
115000025,670,451,219
115000026,107,312,-205
115000027,239,191,48
115000028,136,559,-423
115000029,522,81,441
115000030,536,738,-202
115000031,1099,159,940
115000032,7,200,-193
115000033,219,35,184
115000034,51,548,-497
115000035,771,48,723
115000036,1,290,-289
115000037,471,19,452
115000038,58,147,-89
115000039,2463,2733,-270
115000040,3356,1869,1487
115000041,987,2692,-1705
115000042,505,387,118
115000043,3284,1673,1611
115000044,2754,2341,413
115000045,1918,981,937
115000046,2038,1722,316
115000047,2142,1014,1128
115000048,1345,1320,25
115000049,1213,1927,-714
115000050,2522,1304,1218
115000051,1299,2441,-1142
115000052,1370,1158,212
115000053,1427,1383,44
115000054,427,720,-293
115000055,193,891,-698
115000056,237,350,-113
115000057,391,1333,-942
115000058,317,328,-11
115000059,111,145,-34
115000061,70,111,-41
115000062,199,239,-40
115000063,290,138,152
115000064,147,47,100
115000065,67,378,-311
115000067,147,6,141
115000069,52,206,-154
115000070,26,570,-544
115000071,73,12,61
115000072,3,76,-73
115000073,978,49,929
115000075,77,43,34
115000076,1967,1534,433
115000077,1511,1101,410
115000078,1143,787,356
115000079,972,1104,-132
115000080,1877,1359,518
115000081,325,464,-139
115000082,3236,2439,797
115000083,1498,1124,374
115000084,2071,799,1272
115000085,569,575,-6
115000086,1003,456,547
115000087,366,940,-574
115000088,1353,512,841
115000089,1028,855,173
115000090,336,693,-357
115000091,242,512,-270
115000092,523,349,174
115000093,431,1,430
115000094,3918,4146,-228
115000095,2792,4397,-1605
115000096,741,802,-61
115000097,881,703,178
115000098,897,450,447
115000099,2011,1569,442
115000100,1006,262,744
115000101,315,855,-540
115000102,412,186,226
115000103,231,458,-227
115000105,67,70,-3
115000106,524,211,313
115000107,144,234,-90
115000108,1894,1618,276
115000109,2658,3224,-566
115000110,980,1157,-177
115000111,348,1007,-659
115000112,417,468,-51
115000113,402,482,-80
115000114,1127,398,729
115000116,2747,1557,1190
115000117,2322,2360,-38
115000118,1695,1347,348
115000119,1684,1676,8
115000120,501,962,-461
115000121,849,620,229
115000122,1620,1165,455
115000123,744,1621,-877
115000124,551,675,-124
115000125,260,383,-123
115000126,80,242,-162
115000127,229,80,149
115000128,323,545,-222
115000129,182,296,-114
115000130,350,520,-170
115000131,690,217,473
115000132,269,277,-8
115000133,560,277,283
115000134,281,150,131
115000135,222,156,66
115000136,154,218,-64
115000137,89,115,-26
115000138,307,213,94
115000139,235,133,102
115000140,385,188,197
115000141,172,154,18
115000142,159,129,30
115000143,714,430,284
115000144,476,50,426
115000145,209,159,50
115000146,417,224,193
115000147,331,267,64
115000148,189,414,-225
115000149,395,157,238
115000150,492,435,57
115000151,1001,354,647
115000152,541,470,71
115000153,994,407,587
115000154,652,256,396
115000155,484,536,-52
115000156,813,512,301
115000157,406,447,-41
115000158,363,271,92
115000159,483,397,86
115000160,303,258,45
115000161,89,289,-200
115000162,464,542,-78
115000163,406,513,-107
115000164,559,461,98
115000165,251,319,-68
115000167,182,64,118
115000168,333,210,123
115000169,291,236,55
115000170,63,109,-46
115000171,239,219,20
115000172,642,451,191
115000173,240,431,-191
115000174,66,257,-191
115000175,149,68,81
115000176,67,58,9
115000177,69,36,33
115000178,9,136,-127
115000179,18,37,-19
115000180,86,310,-224
115000181,548,70,478
115000182,685,159,526
115000183,296,549,-253
115000186,496,174,322
115000187,161,451,-290
115000188,351,309,42
115000189,157,296,-139
115000190,438,260,178
115000191,140,350,-210
115000194,91,140,-49
115000195,169,245,-76
115000196,171,65,106
115000197,168,151,17
115000198,288,116,172
115000199,314,109,205
115000200,311,77,234
115000201,173,197,-24
115000206,280,22,258
115000207,79,333,-254
115000208,151,251,-100
115000209,499,210,289
115000210,112,93,19
115000211,106,84,22
115000212,842,226,616
115000224,309,48,261
115000225,26,37,-11
115000229,134,87,47
115000230,86,180,-94
115000231,224,804,-580
115000232,1527,207,1320
115000233,106,112,-6
115000234,24,206,-182
115000241,103,134,-31
115000242,63,189,-126
115000243,54,121,-67
115000244,18,93,-75
115000246,56,17,39
115000247,27,23,4
115000248,35,19,16
115000249,15,21,-6
115000250,242,30,212
115000251,203,65,138
115000252,70,138,-68
115000253,17,319,-302
115000258,252,93,159
115000259,271,97,174
115000261,23,23,0
115000262,14,26,-12
115000263,29,32,-3
115000264,27,45,-18
115000267,44,68,-24
115000268,27,110,-83
115000269,145,38,107
115000270,2,11,-9
115000272,60,119,-59
115000273,299,28,271
115000280,1309,410,899
115000281,167,561,-394
115000282,335,269,66
115000284,139,117,22
115000296,833,9,824
115000297,84,141,-57
115000298,98,762,-664
115000300,151,121,30
115000302,656,81,575
115000303,744,74,670
115000304,643,71,572
115000305,135,381,-246
115000306,192,192,0
115000307,139,150,-11
115000308,19,7,12
115000310,831,399,432
115000311,852,755,97
115000313,95,298,-203
115000314,382,176,206
115000315,615,480,135
115000316,74,77,-3
115000317,216,358,-142
115000318,617,217,400
115000319,44,216,-172
115000320,10,249,-239
115000321,151,1,150
115000322,29,161,-132
115000449,108,154,-46
115000557,21,1023,-1002
115000558,261,100,161
115000587,616,320,296
115000588,1514,1598,-84
115000589,2966,1617,1349
115000590,773,1011,-238
115000591,1165,515,650
115000592,469,1338,-869
115000593,1086,473,613
115000594,499,2031,-1532
115000609,176,124,52
115000617,934,2625,-1691
115000624,213,40,173
115000633,279,1342,-1063
115000634,2020,686,1334
115000635,501,148,353
115000638,411,402,9
115000641,34,133,-99
115000642,275,240,35
115000643,93,332,-239
115000644,127,289,-162
115000646,642,1067,-425
115000647,232,426,-194
115000648,1542,913,629
115000893,2059,1213,846
115000894,121,711,-590
115000895,338,850,-512
115000896,1018,352,666
115000897,358,104,254
115000898,366,156,210
115000899,272,743,-471
115000900,55,284,-229
115000901,43,99,-56
115000912,391,69,322
115000913,2,13,-11
115000915,7,1,6
115000916,3,0,3
115000917,0,4,-4
115000918,44,280,-236
115000919,11,5,6
115000920,35,31,4
115000921,339,87,252
115000922,762,641,121
115000923,306,1133,-827
115000925,97,56,41
115000927,59,55,4
115000933,181,271,-90
115000934,136,127,9
115000935,95,52,43
115000936,25,634,-609
115000937,590,154,436
115000938,101,267,-166
115000939,172,187,-15
115000940,17,18,-1
115000941,8,19,-11
115000942,29,100,-71
115000943,11,19,-8
115000944,2,8,-6
115900001,76,31,45
115900002,42,48,-6
115900003,149,58,91
115900004,0,17,-17
115900005,210,12,198
115900006,141,124,17
115900008,66,5,61
115900009,75,122,-47
115900010,273,96,177
115900011,308,127,181
115900012,120,26,94
115900013,218,104,114
115900014,96,42,54
115900015,119,45,74
115900016,77,32,45
115900017,10,4,6
115900018,92,30,62
115900019,50,2,48
115900020,57,1,56
115900021,567,189,378
115900022,700,5,695
115900023,23,9,14
115900025,22,124,-102
115900026,501,125,376
115900027,0,187,-187
115900028,405,39,366
115900029,12,182,-170
115900030,12,27,-15
115900031,204,169,35
115900032,372,352,20
115900033,0,36,-36
115900034,26,184,-158
115900035,37,9,28
115900036,28,580,-552
115900037,28,177,-149
115900038,30,7,23
115900039,86,95,-9
115900041,266,515,-249
115900042,21,2,19
115900043,105,49,56
115900044,138,210,-72
115900046,234,109,125
115900047,111,123,-12
115900049,94,108,-14
115900051,2,38,-36
115900052,10,97,-87
115900053,206,94,112
115900054,192,23,169
115900055,10,55,-45
115900056,116,136,-20
115900057,25,5,20
115900058,11,24,-13
115900060,61,55,6
115900061,253,0,253
115900062,23,172,-149
115900063,55,9,46
115900064,144,169,-25
115900065,133,48,85
115900066,98,72,26
115900067,6,356,-350
115900068,1843,884,959
115900069,26,104,-78
115900070,165,69,96
115900071,0,277,-277
115900072,27,70,-43
115900073,68,44,24
115900074,2,163,-161
115900075,23,130,-107
115900076,1,38,-37
115900077,0,144,-144
115900078,30,102,-72
115900079,206,13,193
115900080,223,145,78
115900081,7,46,-39
115900082,98,105,-7
115900084,410,11,399
115900085,52,60,-8
115900086,929,318,611
115900088,1,64,-63
115900089,263,399,-136
115900090,294,10,284
115900091,4,21,-17
115900092,34,82,-48
115900093,12,14,-2
115900094,5,158,-153
115900096,21,6,15
115900097,1,178,-177
115900098,186,215,-29
115900099,119,56,63
115900100,21,292,-271
115900101,135,131,4
115900102,109,53,56
115900103,227,82,145
115900104,56,63,-7
115900105,263,268,-5
115900106,65,22,43
115900107,73,35,38
115900108,105,43,62
115900109,25,198,-173
115900110,3,3,0
115900111,2,61,-59
115900112,43,471,-428
115900113,44,25,19
115900114,0,82,-82
115900115,44,124,-80
115900116,54,443,-389
115900117,55,9,46
115900118,2,147,-145
115900119,122,94,28
115900120,21,136,-115
115900121,145,125,20
115900124,207,470,-263
115900125,282,44,238
115900126,538,66,472
115900127,584,40,544
115900128,8,76,-68
115900129,541,47,494
115900130,29,133,-104
115900131,323,28,295
115900132,451,13,438
115900134,258,9,249
115900135,261,678,-417
115900137,18,1,17
115900139,19,39,-20
115900140,244,17,227
115900141,1,40,-39
115900142,7,25,-18
115900143,168,224,-56
115900144,113,128,-15
115900146,16,51,-35
115900147,146,169,-23
115900148,56,2,54
115900149,83,6,77
115900150,75,19,56
115900151,9,44,-35
115900152,122,184,-62
115900153,95,116,-21
115900154,258,255,3
115900155,0,26,-26
115900156,464,586,-122
115900157,169,311,-142
115900158,4,8,-4
115900159,126,162,-36
115900160,1,12,-11
115900161,26,84,-58
115900163,158,68,90
115900164,442,4,438
115900166,120,63,57
115900168,90,56,34
115900171,70,274,-204
115900172,53,101,-48
115900173,195,86,109
115900174,142,137,5
115900175,66,134,-68
115900178,3,339,-336
115900179,222,7,215
115900180,37,77,-40
115900181,125,78,47
115900182,311,96,215
115900183,22,27,-5
115900184,776,7,769
115900187,16,95,-79
115900189,0,139,-139
115900190,106,812,-706
115900191,30,171,-141
115900192,8,132,-124
115900193,125,109,16
115900194,492,45,447
115900195,396,1613,-1217
115900198,139,221,-82
115900199,109,122,-13
115900200,231,205,26
115900201,366,333,33
115900202,0,37,-37
115900203,4,8,-4
115900204,0,13,-13
115900205,68,25,43
115900206,167,107,60
115900207,38,23,15
115900208,88,83,5
115900209,5,120,-115
115900210,17,89,-72
115900211,5,136,-131
115900212,97,115,-18
115900213,64,99,-35
115900214,463,134,329
115900215,19,125,-106
115900216,0,55,-55
115900217,8,34,-26
115900218,2,17,-15
115900219,100,2,98
115900220,192,14,178
115900221,89,17,72
115900222,49,25,24
115900223,7,324,-317
115900224,515,970,-455
115900225,37,20,17
115900226,13,21,-8
115900227,1,25,-24
115900228,6,23,-17
115900229,2,33,-31
115900230,39,62,-23
115900231,105,1,104
115900232,47,2,45
115900233,96,10,86
115900234,51,20,31
115900235,23,21,2
115900236,100,39,61
115900237,26,21,5
115900238,39,18,21
115900239,18,14,4
115900240,9,38,-29
115900241,165,51,114
115900242,176,307,-131
115900243,3,0,3
115900244,2,7,-5
115900245,1,0,1
115900246,7,9,-2
115900247,24,5,19
115900248,9,3,6
115900249,4,8,-4
115900250,6,10,-4
115900251,1,6,-5
115900252,2,1,1
115900253,15,6,9
115900254,7,16,-9
115900255,2,16,-14
115900256,20,75,-55
115900257,6,4,2
115900258,0,0,0
115900259,6,1,5
115900260,13,3,10
115900261,8,3,5
115900262,4,0,4
115900263,10,0,10
115900264,19,7,12
115900265,2,3,-1
115900266,0,10,-10
115900267,5,9,-4
115900268,4,8,-4
115900269,371,218,153
115900270,286,203,83
115900271,88,0,88
115900272,28,3,25
115900273,3,3,0
115900274,0,1,-1
115900275,2,6,-4
115900276,0,13,-13
115900277,0,33,-33
115900278,37,60,-23
115900279,19,94,-75
115900280,11,339,-328
115900281,265,251,14
115900282,4,10,-6
115900283,18,14,4
115900284,15,8,7
116000001,5161,2424,2737
116000002,3245,8111,-4866
116000003,1316,1116,200
116000004,2361,3271,-910
116000005,1070,1340,-270
116000006,1442,1843,-401
116000007,1578,1911,-333
116000008,2696,1559,1137
116000009,983,1422,-439
116000010,2142,1105,1037
116000011,727,1233,-506
116000012,1265,858,407
116000013,4887,2393,2494
116000014,5857,9868,-4011
116000015,146,866,-720
116000016,1825,1660,165
116000017,632,911,-279
116000018,543,261,282
116000019,488,283,205
116000020,394,412,-18
116000021,324,191,133
116000022,265,254,11
116000023,663,455,208
116000024,326,380,-54
116000025,549,436,113
116000026,715,910,-195
116000027,206,267,-61
116000028,376,714,-338
116000029,344,497,-153
116000030,648,376,272
116000031,126,239,-113
116000032,258,118,140
116000033,281,331,-50
116000034,511,579,-68
116000035,249,443,-194
116000036,843,857,-14
116000037,385,372,13
116000038,237,393,-156
116000039,280,321,-41
116000040,305,190,115
116000041,72,241,-169
116000042,756,341,415
116000043,61,429,-368
116000044,29,55,-26
116000045,1015,484,531
116000046,372,756,-384
116000047,922,1510,-588
116000048,1214,1368,-154
116000049,1053,2216,-1163
116000050,1329,1064,265
116000051,5129,2146,2983
116000052,4628,4082,546
116000053,1510,583,927
116000054,878,1664,-786
116000055,695,649,46
116000056,844,813,31
116000057,1788,1156,632
116000058,2292,2704,-412
116000059,1731,3142,-1411
116000060,1433,706,727
116000061,473,740,-267
116000062,468,164,304
116000063,434,798,-364
116000066,360,540,-180
116000067,246,304,-58
116000068,264,463,-199
116000069,417,324,93
116000078,502,879,-377
116000080,1396,707,689
116000082,9,26,-17
116000083,1231,353,878
116000084,1293,2152,-859
116000085,1702,1324,378
116000086,1338,883,455
116000087,2078,1418,660
116000088,550,650,-100
116000089,141,34,107
116000090,101,97,4
116000091,186,147,39
116000093,821,499,322
116000094,373,315,58
116000095,716,400,316
116000096,549,1081,-532
116000097,810,476,334
116000098,102,5023,-4921
116000099,3290,234,3056
116000100,208,11,197
116000101,652,429,223
116000102,221,764,-543
116000103,466,248,218
116000104,143,720,-577
116000105,986,122,864
116000106,450,699,-249
116000107,2421,253,2168
116000108,280,125,155
116000111,128,24,104
116000113,86,74,12
116000114,30,87,-57
116000115,316,69,247
116000116,202,286,-84
116000117,1161,1108,53
116000118,910,668,242
116000119,2546,1351,1195
116000120,2296,2304,-8
116000121,817,378,439
116000122,843,958,-115
116000123,1128,344,784
116000124,262,476,-214
116000125,2001,479,1522
116000126,239,933,-694
116000127,780,718,62
116000128,1423,648,775
116000129,1001,153,848
116000130,882,470,412
116000133,930,613,317
116000134,1515,1127,388
116000135,2279,1145,1134
116000136,736,1285,-549
116000137,870,537,333
116000138,580,466,114
116000139,1234,1503,-269
116000140,109,138,-29
116000141,185,206,-21
116000142,1247,369,878
116000143,1473,1383,90
116000144,1937,1798,139
116000145,1595,837,758
116000146,503,142,361
116000147,171,137,34
116000148,385,309,76
116000149,502,415,87
116000151,204,124,80
116000153,150,140,10
116000155,272,411,-139
116000156,812,835,-23
116000157,90,9,81
116000158,247,218,29
116000159,24,7,17
116000160,22,30,-8
116000161,18,57,-39
116000162,55,95,-40
116000163,22,7,15
116000164,1,6,-5
116000177,196,54,142
116000194,384,383,1
116000195,1064,428,636
116000196,16,4,12
116000197,15,8,7
116000198,1818,1176,642
116000200,491,467,24
116000201,461,417,44
116000202,13,206,-193
116000203,1,65,-64
116000204,12,66,-54
116000205,2,111,-109
116000206,3,67,-64
116000207,10,95,-85
116000233,132,205,-73
116000287,153,277,-124
116000288,223,122,101
116000292,28,48,-20
116000296,12,120,-108
116000297,89,6,83
116000304,109,39,70
116000305,26,30,-4
116000346,99,32,67
116000352,46,5,41
116000354,20,14,6
116000357,7,29,-22
116000358,292,38,254
116000361,298,1,297
116000372,2609,3521,-912
116000381,125,2,123
116000388,3,34,-31
116000389,521,369,152
116000445,356,341,15
116000446,560,322,238
116000447,18,247,-229
116000448,463,116,347
116000563,618,795,-177
116000565,34,227,-193
116000568,70,137,-67
116000579,14,77,-63
116000583,86,30,56
116000584,16,3,13
116000585,14,19,-5
116000586,47,69,-22
116000587,437,465,-28
116000589,33,49,-16
116000590,56,68,-12
116000591,209,147,62
116000592,12,62,-50
116000593,0,21,-21
116000594,585,274,311
116000595,492,89,403
116000596,109,4,105
116000597,372,98,274
116000598,31,116,-85
116000605,206,77,129
116000606,55,253,-198
116000607,0,25,-25
116000609,127,710,-583
116000611,163,335,-172
116000612,772,1550,-778
116000613,521,248,273
116000614,324,354,-30
116000615,5,300,-295
116000616,39,46,-7
116000617,84,33,51
116000618,3,48,-45
116000619,21,46,-25
116000620,143,349,-206
116000621,85,82,3
116000622,47,126,-79
116000624,157,59,98
116000627,76,30,46
116000628,59,142,-83
116000629,30,121,-91
116000630,213,26,187
116000631,113,36,77
116000632,638,61,577
116000633,153,131,22
116000634,267,37,230
116000635,2233,2438,-205
116000636,647,1029,-382
116000637,384,19,365
116000638,112,185,-73
116000639,74,0,74
116000640,25,12,13
116000641,50,104,-54
116000643,55,179,-124
116000644,89,297,-208
116000645,28,3,25
116900001,158,109,49
116900002,154,4,150
116900003,19,32,-13
116900004,36,42,-6
116900005,174,27,147
116900006,82,98,-16
116900007,101,112,-11
116900008,288,172,116
116900009,13,1,12
116900010,582,684,-102
116900011,5,14,-9
116900012,177,126,51
116900013,3,78,-75
116900014,141,117,24
116900015,358,31,327
116900016,198,1,197
116900017,22,304,-282
116900018,51,57,-6
116900019,2,130,-128
116900020,510,889,-379
116900023,100,9,91
116900024,523,22,501
116900025,860,464,396
116900026,39,324,-285
116900027,21,36,-15
116900028,5,78,-73
116900029,0,43,-43
116900031,0,5,-5
116900032,5,208,-203
116900033,18,9,9
116900034,1,42,-41
116900035,112,104,8
116900036,6,54,-48
116900038,57,2,55
116900041,33,14,19
116900042,382,171,211
116900043,31,37,-6
116900047,22,123,-101
116900049,27,231,-204
116900050,67,239,-172
116900051,122,96,26
116900052,123,49,74
116900055,0,3,-3
116900057,22,132,-110
116900058,12,256,-244
116900059,0,78,-78
116900060,155,124,31
116900062,2,56,-54
116900064,64,374,-310
116900065,11,52,-41
116900067,77,44,33
116900068,72,152,-80
116900070,1,3,-2
116900072,21,175,-154
116900073,9,39,-30
116900074,2,21,-19
116900076,4,45,-41
116900077,10,88,-78
116900078,156,61,95
116900079,21,112,-91
116900080,6,13,-7
116900081,263,727,-464
116900082,226,483,-257
116900083,55,16,39
116900084,66,47,19
116900085,35,78,-43
116900086,30,125,-95
116900088,253,58,195
116900090,114,25,89
116900091,269,30,239
116900092,94,392,-298
116900093,1139,1005,134
116900094,1891,2494,-603
116900095,171,76,95
116900096,49,213,-164
116900097,1474,2251,-777
116900098,507,212,295
116900099,346,443,-97
116900100,718,24,694
116900101,206,189,17
116900103,4,1,3
116900104,74,74,0
116900105,231,89,142
116900106,855,5,850
116900107,1824,1996,-172
116900110,18,0,18
116900111,554,340,214
116900112,195,537,-342
116900113,911,1142,-231
116900116,60,462,-402
116900117,95,100,-5
116900118,443,620,-177
116900120,275,42,233
116900121,89,4,85
116900122,791,399,392
116900123,125,371,-246
116900124,143,634,-491
116900125,353,98,255
116900126,56,353,-297
116900128,0,23,-23
116900129,0,227,-227
116900130,322,2734,-2412
116900131,73,245,-172
116900132,34,63,-29
116900133,134,92,42
116900134,169,160,9
116900136,144,148,-4
116900137,220,77,143
116900138,155,117,38
116900139,92,202,-110
116900140,103,103,0
116900141,634,282,352
116900142,3,54,-51
116900143,240,175,65
116900144,29,64,-35
116900145,42,89,-47
116900147,226,348,-122
116900148,8,17,-9
116900149,47,228,-181
116900150,14,4,10
116900151,29,12,17
116900153,95,43,52
116900154,216,339,-123
116900155,55,59,-4
116900157,510,116,394
116900158,87,172,-85
116900159,37,223,-186
116900160,537,355,182
116900161,3399,5166,-1767
116900162,15,59,-44
116900163,110,60,50
116900164,87,52,35
116900165,253,140,113
116900166,40,35,5
116900167,329,50,279
116900168,261,31,230
116900169,263,392,-129
116900170,229,374,-145
116900171,33,71,-38
116900172,99,314,-215
116900173,173,18,155
116900174,54,59,-5
116900175,99,157,-58
116900178,25,53,-28
116900179,64,257,-193
116900180,54,14,40
116900182,316,154,162
116900183,96,64,32
116900185,14,27,-13
116900186,85,111,-26
116900187,59,53,6
116900188,110,22,88
116900189,16,0,16
116900191,331,454,-123
116900192,214,65,149
116900194,109,1032,-923
116900195,43,13,30
116900196,11,57,-46
116900197,99,13,86
116900198,93,179,-86
116900200,76,11,65
116900201,108,2,106
116900202,58,27,31
116900203,130,8,122
116900204,28,84,-56
116900206,23,19,4
116900207,18,22,-4
116900208,9,61,-52
116900209,29,53,-24
116900210,321,225,96
116900211,110,3,107
116900212,87,40,47
116900213,176,73,103
116900214,117,89,28
116900215,61,29,32
116900216,289,121,168
116900218,3,156,-153
116900219,918,227,691
116900220,67,124,-57
116900221,60,163,-103
116900222,290,261,29
116900223,89,190,-101
116900226,62,43,19
116900227,173,50,123
116900228,274,98,176
116900230,33,154,-121
116900231,22,178,-156
116900232,12,249,-237
116900233,202,54,148
116900234,3,2,1
116900235,329,171,158
116900238,1202,195,1007
116900239,28,800,-772
116900240,3000,2407,593
116900241,65,44,21
116900242,495,516,-21
116900243,2,13,-11
116900245,22,14,8
116900246,129,77,52
116900247,609,29,580
116900248,71,36,35
116900249,223,40,183
116900250,339,26,313
116900251,280,488,-208
116900252,103,474,-371
116900254,10,70,-60
116900255,97,57,40
116900256,401,106,295
116900257,43,263,-220
116900258,4,123,-119
116900259,198,5,193
116900260,1,79,-78
116900261,56,2,54
116900262,233,147,86
116900263,1,11,-10
116900264,121,25,96
116900265,38,0,38
116900266,26,14,12
116900267,23,1,22
116900268,40,42,-2
116900269,175,391,-216
116900271,610,165,445
116900272,232,192,40
116900273,79,58,21
116900274,112,36,76
116900275,132,42,90
116900276,315,183,132
116900277,262,14,248
116900278,2,2,0
116900279,0,13,-13
116900280,21,15,6
116900281,2752,3227,-475
116900282,1,48,-47
116900283,14,60,-46
116900284,5,109,-104
116900285,145,177,-32
116900286,124,21,103
116900287,6,22,-16
116900288,56,85,-29
116900289,13,10,3
116900290,7,10,-3
116900291,19,11,8
116900292,0,20,-20
116900293,51,22,29
116900294,19,68,-49
116900295,82,33,49
116900296,20,55,-35
116900297,2,75,-73
116900298,52,45,7
116900299,20,23,-3
116900300,2,53,-51
116900301,48,108,-60
116900302,15,34,-19
116900303,84,84,0
116900304,0,94,-94
116900305,6,18,-12
116900306,137,78,59
116900307,59,0,59
116900308,3,61,-58
116900309,61,64,-3
116900310,18,36,-18
116900311,3,132,-129
117000001,1651,1281,370
117000002,1471,2325,-854
117000003,4742,2264,2478
117000004,2462,3366,-904
117000005,1955,1455,500
117000006,1058,2099,-1041
117000007,3441,922,2519
117000008,823,2221,-1398
117000009,3615,1382,2233
117000010,1743,2453,-710
117000011,1888,1124,764
117000012,996,941,55
117000013,1518,537,981
117000014,879,1428,-549
117000015,1532,836,696
117000016,171,138,33
117000017,150,98,52
117000018,87,414,-327
117000019,68,16,52
117000020,280,959,-679
117000021,960,515,445
117000022,154,95,59
117000023,83,234,-151
117000024,106,202,-96
117000025,252,902,-650
117000026,1224,1218,6
117000027,1043,3377,-2334
117000028,1549,1371,178
117000030,254,356,-102
117000031,275,264,11
117000032,907,776,131
117000033,1090,912,178
117000034,291,226,65
117000035,348,285,63
117000036,372,210,162
117000037,223,177,46
117000038,153,381,-228
117000039,324,146,178
117000040,200,632,-432
117000041,878,148,730
117000044,14,489,-475
117000045,422,104,318
117000046,451,798,-347
117000047,1124,565,559
117000048,1286,596,690
117000049,74,350,-276
117000050,133,972,-839
117000051,1976,69,1907
117000052,64,190,-126
117000053,578,50,528
117000054,1585,10,1575
117000055,50,1554,-1504
117000056,655,25,630
117000057,425,1488,-1063
117000060,357,761,-404
117000061,1307,732,575
117000062,193,436,-243
117000063,1307,648,659
117000064,445,471,-26
117000066,430,611,-181
117000067,100,487,-387
117000074,94,140,-46
117000076,55,42,13
117000077,132,124,8
117000078,102,514,-412
117000079,285,147,138
117000080,1,270,-269
117000081,780,66,714
117000082,14,61,-47
117000083,484,148,336
117000084,125,0,125
117000085,192,590,-398
117000086,564,297,267
117000087,74,398,-324
117000088,276,132,144
117000089,1442,161,1281
117000090,268,900,-632
117000091,784,159,625
117000092,302,833,-531
117000093,1028,542,486
117000094,1027,1660,-633
117000095,3105,636,2469
117000096,683,1476,-793
117000097,1411,842,569
117000098,1716,2412,-696
117000099,3051,1057,1994
117000100,202,256,-54
117000101,149,555,-406
117000102,1397,543,854
117000103,641,1137,-496
117000104,1118,457,661
117000105,611,941,-330
117000106,1172,539,633
117000107,352,825,-473
117000108,1553,786,767
117000109,1082,1588,-506
117000110,1251,922,329
117000111,2587,2753,-166
117000112,2595,1151,1444
117000113,108,119,-11
117000114,199,74,125
117000115,79,43,36
117000116,127,166,-39
117000117,1090,782,308
117000118,206,89,117
117000119,157,161,-4
117000120,118,415,-297
117000121,50,731,-681
117000122,186,579,-393
117000123,1020,42,978
117000124,243,68,175
117000125,100,91,9
117000126,44,15,29
117000127,148,220,-72
117000128,205,526,-321
117000129,258,799,-541
117000130,110,2,108
117000131,0,54,-54
117000132,2386,21,2365
117000133,1650,34,1616
117000134,0,70,-70
117000135,8,106,-98
117000136,1,19,-18
117000137,144,80,64
117000138,3,421,-418
117000140,440,1051,-611
117000141,1423,438,985
117000181,321,132,189
117000182,276,465,-189
117000195,129,538,-409
117000196,206,117,89
117000225,74,28,46
117000226,3,57,-54
117000276,340,9,331
117000277,1,195,-194
117000310,1034,1496,-462
117000315,53,407,-354
117000320,66,0,66
117000906,380,15,365
117000907,8,238,-230
117000909,39,28,11
117000910,154,135,19
117000911,82,154,-72
117000915,11,243,-232
117000916,37,1,36
117000917,1120,28,1092
117000918,42,48,-6
117000919,7,32,-25
117000920,0,766,-766
117000921,3,737,-734
117000922,18,56,-38
117000924,308,553,-245
117000926,454,130,324
117000927,647,732,-85
117000928,0,117,-117
117000929,221,221,0
117000930,241,13,228
117000931,173,98,75
117900002,59,280,-221
117900003,322,216,106
117900005,19,29,-10
117900006,2,14,-12
117900007,110,58,52
117900008,0,14,-14
117900010,220,54,166
117900011,10,75,-65
117900012,61,35,26
117900013,0,122,-122
117900014,560,73,487
117900015,8,44,-36
117900016,585,525,60
117900017,568,244,324
117900018,88,101,-13
117900019,372,134,238
117900020,76,362,-286
117900021,28,34,-6
117900023,409,47,362
117900024,27,29,-2
117900025,29,10,19
117900026,369,154,215
117900028,55,4,51
117900029,220,315,-95
117900031,59,80,-21
117900032,895,549,346
117900033,267,276,-9
117900034,63,19,44
117900035,254,121,133
117900036,211,187,24
117900037,179,63,116
117900038,42,167,-125
117900039,2,58,-56
117900040,98,192,-94
117900041,0,21,-21
117900042,1946,196,1750
117900043,25,33,-8
117900044,4,2875,-2871
117900045,86,60,26
117900048,368,217,151
117900049,162,286,-124
117900050,8,53,-45
117900051,19,1,18
117900052,58,255,-197
117900053,1709,448,1261
117900054,0,38,-38
117900055,142,145,-3
117900056,78,79,-1
117900057,719,806,-87
117900058,22,24,-2
117900059,184,68,116
117900060,1775,3243,-1468
117900061,8,118,-110
117900063,274,105,169
117900065,524,709,-185
117900066,3,46,-43
117900067,399,99,300
117900069,764,141,623
117900070,65,17,48
117900071,52,75,-23
117900073,451,155,296
117900074,100,46,54
117900075,51,40,11
117900076,31,46,-15
117900077,406,90,316
117900078,283,667,-384
117900080,97,25,72
117900081,329,225,104
117900082,413,358,55
117900083,317,241,76
117900086,101,15,86
117900087,102,40,62
117900088,2190,1123,1067
117900089,1892,701,1191
117900090,430,234,196
117900091,73,130,-57
117900092,80,17,63
117900093,81,30,51
117900094,21,29,-8
117900095,278,475,-197
117900096,71,128,-57
117900097,100,28,72
117900098,33,9,24
117900099,131,153,-22
117900100,205,1,204
117900101,416,1396,-980
117900102,54,20,34
117900103,36,2,34
117900104,13,79,-66
117900105,97,142,-45
117900106,57,8,49
117900107,53,1,52
117900109,517,264,253
117900110,88,2,86
117900111,351,9,342
117900112,51,6,45
117900113,1453,1378,75
117900114,25,0,25
117900115,112,52,60
117900116,554,457,97
117900117,535,202,333
117900118,45,0,45
117900119,190,101,89
117900120,149,18,131
117900121,54,17,37
117900122,562,2932,-2370
117900123,473,245,228
117900124,485,449,36
117900125,1327,1376,-49
117900126,148,318,-170
117900127,423,228,195
117900128,261,327,-66
117900129,55,1,54
117900130,565,196,369
117900131,0,88,-88
117900132,20,69,-49
117900133,6,76,-70
117900134,42,174,-132
117900135,11,73,-62
117900136,0,16,-16
117900137,45,226,-181
117900138,0,18,-18
117900139,135,60,75
117900140,2077,27,2050
117900141,74,134,-60
117900142,81,56,25
117900144,34,112,-78
117900145,13,28,-15
117900146,129,86,43
117900147,57,31,26
117900148,1378,1557,-179
117900149,113,175,-62
117900150,17,18,-1
117900151,22,45,-23
117900152,57,40,17
117900153,15,50,-35
117900154,374,317,57
117900156,596,513,83
117900157,101,398,-297
117900158,229,92,137
117900160,574,607,-33
117900161,1871,1335,536
117900162,397,282,115
117900163,27,107,-80
117900165,0,12,-12
117900166,73,307,-234
117900168,123,158,-35
117900169,0,81,-81
117900170,1,11,-10
117900171,0,8,-8
117900172,18,15,3
117900173,89,41,48
117900174,17,33,-16
117900175,10,20,-10
117900176,11,19,-8
117900177,17,28,-11
117900178,83,14,69
117900180,108,17,91
117900181,43,245,-202
117900182,2,27,-25
117900183,47,163,-116
117900184,11,51,-40
117900185,41,48,-7
117900186,54,18,36
117900187,17,6,11
117900188,150,42,108
117900189,42,28,14
117900190,37,0,37
117900191,65,0,65
117900192,177,1,176
117900193,1,47,-46
117900194,11,8,3
117900195,5,41,-36
117900196,30,50,-20
117900207,91,120,-29
117900208,20,13,7
117900209,181,142,39
117900210,61,121,-60
117900211,0,104,-104
117900212,73,67,6
117900213,13,8,5
117900214,12,26,-14
117900215,42,21,21
117900216,43,21,22
117900217,64,186,-122
117900218,93,107,-14
117900219,1,97,-96
117900220,41,44,-3
117900222,147,216,-69
117900223,160,244,-84
118000001,532,906,-374
118000002,883,1190,-307
118000003,1329,2444,-1115
118000004,1418,1443,-25
118000005,2963,4029,-1066
118000006,2602,6120,-3518
118000007,3048,2887,161
118000008,2071,3078,-1007
118000009,1184,1873,-689
118000010,3493,2366,1127
118000011,1191,1048,143
118000012,705,1143,-438
118000013,1538,1340,198
118000014,1427,1534,-107
118000016,142,166,-24
118000017,321,253,68
118000018,255,222,33
118000019,1259,1051,208
118000020,756,1995,-1239
118000021,422,1965,-1543
118000022,929,568,361
118000023,660,260,400
118000024,748,809,-61
118000027,7942,8302,-360
118000029,744,582,162
118000032,742,2933,-2191
118000033,1953,4130,-2177
118000034,3132,1777,1355
118000035,1238,2087,-849
118000036,593,808,-215
118000037,535,604,-69
118000038,181,47,134
118000039,63,125,-62
118000040,1059,863,196
118000041,1755,984,771
118000045,356,296,60
118000046,776,389,387
118000047,459,647,-188
118000048,1221,1299,-78
118000051,1679,1043,636
118000052,1081,457,624
118000053,124,312,-188
118000054,668,670,-2
118000055,866,1064,-198
118000056,129,201,-72
118000057,127,292,-165
118000058,1481,1053,428
118000059,1227,827,400
118000060,802,362,440
118000061,898,812,86
118000062,410,198,212
118000063,341,452,-111
118000064,505,834,-329
118000065,1752,1076,676
118000066,500,1124,-624
118000067,490,593,-103
118000068,866,3540,-2674
118000069,1311,746,565
118000070,3177,1223,1954
118000071,1655,4426,-2771
118000072,635,1475,-840
118000073,702,467,235
118000074,482,889,-407
118000075,497,487,10
118000076,866,2221,-1355
118000077,932,845,87
118000078,1332,1706,-374
118000079,160,292,-132
118000080,661,697,-36
118000081,1435,1064,371
118000082,193,806,-613
118000083,1163,1054,109
118000084,1834,1213,621
118000086,214,423,-209
118000087,2597,1750,847
118000088,1160,1149,11
118000089,2196,1617,579
118000090,975,1734,-759
118000091,688,2040,-1352
118000092,607,325,282
118000093,85,463,-378
118000096,345,421,-76
118000097,630,394,236
118000098,272,157,115
118000099,487,410,77
118000101,865,308,557
118000102,344,704,-360
118000107,1005,289,716
118000108,400,1875,-1475
118000110,1,15,-14
118000111,3,180,-177
118000112,574,2,572
118000113,1,307,-306
118000114,474,5,469
118000115,2,7,-5
118000116,13,0,13
118000117,589,465,124
118000118,768,796,-28
118000119,630,961,-331
118000120,1263,717,546
118000121,112,573,-461
118000122,1019,287,732
118000123,50,227,-177
118000125,1184,624,560
118000126,605,1225,-620
118000127,1099,560,539
118000128,346,853,-507
118000129,913,419,494
118000130,1220,1738,-518
118000131,359,438,-79
118000132,2085,1545,540
118000133,986,413,573
118000135,453,287,166
118000136,134,351,-217
118000137,389,57,332
118000138,290,295,-5
118000139,433,64,369
118000140,1816,3601,-1785
118000141,1625,1232,393
118000142,1518,978,540
118000143,1672,856,816
118000144,739,465,274
118000145,1175,1008,167
118000146,884,463,421
118000147,753,857,-104
118000148,545,834,-289
118000149,888,616,272
118000150,377,249,128
118000151,412,302,110
118000153,1135,842,293
118000154,1602,1121,481
118000155,1086,920,166
118000156,1057,1586,-529
118000157,440,293,147
118000158,160,276,-116
118000159,18,88,-70
118000160,395,256,139
118000161,345,370,-25
118000162,1269,614,655
118000163,674,542,132
118000164,1309,944,365
118000168,417,337,80
118000169,763,581,182
118000170,2211,2670,-459
118000171,233,414,-181
118000172,108,203,-95
118000173,852,731,121
118000175,203,332,-129
118000176,229,425,-196
118000177,182,474,-292
118000178,52,36,16
118000179,876,1068,-192
118000180,571,502,69
118000181,588,178,410
118000182,240,189,51
118000183,170,182,-12
118000184,743,448,295
118000185,829,1011,-182
118000186,578,793,-215
118000187,1090,416,674
118000188,449,85,364
118000189,434,263,171
118000190,4,6,-2
118000191,21,13,8
118000192,53,93,-40
118000193,45,264,-219
118000194,938,586,352
118000195,443,819,-376
118000196,166,163,3
118000197,321,430,-109
118000198,391,965,-574
118000199,508,463,45
118000200,42,159,-117
118000201,253,361,-108
118000202,40,49,-9
118000203,341,439,-98
118000204,37,320,-283
118000205,94,193,-99
118000206,157,127,30
118000207,0,36,-36
118000208,942,948,-6
118000209,1585,1031,554
118000210,51,29,22
118000211,38,32,6
118000213,704,1142,-438
118000214,339,404,-65
118000215,314,94,220
118000216,1285,1011,274
118000217,22,56,-34
118000218,64,46,18
118000219,248,117,131
118000220,1,26,-25
118000221,184,212,-28
118000222,31,4,27
118000223,28,31,-3
118000224,83,87,-4
118000225,97,425,-328
118000226,664,130,534
118000227,474,323,151
118000228,87,167,-80
118000229,70,75,-5
118000230,74,85,-11
118000231,83,121,-38
118000232,541,398,143
118000233,833,517,316
118000234,308,90,218
118000236,206,174,32
118000237,76,193,-117
118000238,171,101,70
118000239,213,187,26
118000240,183,97,86
118000241,107,66,41
118000242,247,218,29
118000243,177,109,68
118000244,42,72,-30
118000246,6,17,-11
118000255,67,199,-132
118000256,116,164,-48
118000259,5,26,-21
118000260,116,41,75
118000261,21,20,1
118000263,48,69,-21
118000266,114,125,-11
118000267,0,80,-80
118000268,158,4,154
118000270,82,9,73
118000271,164,186,-22
118000272,56,20,36
118000273,118,42,76
118000274,55,119,-64
118000276,366,220,146
118000295,13,68,-55
118000298,82,135,-53
118000299,66,74,-8
118000301,0,47,-47
118000302,97,30,67
118000311,410,65,345
118000312,226,84,142
118000313,18,50,-32
118000314,78,31,47
118000315,28,23,5
118000316,513,276,237
118000325,42,30,12
118000326,15,34,-19
118000331,22,29,-7
118000332,8,16,-8
118000333,13,30,-17
118000335,301,0,301
118000336,0,139,-139
118000407,113,41,72
118000457,2,39,-37
118000465,1509,2685,-1176
118000480,23,32,-9
118000489,9,316,-307
118000490,23,135,-112
118000492,279,122,157
118000510,24,11,13
118000514,109,252,-143
118000515,459,496,-37
118000517,248,112,136
118000524,199,261,-62
118000525,516,453,63
118000530,19,57,-38
118000531,316,244,72
118000532,182,169,13
118000533,209,117,92
118000534,381,227,154
118000535,204,96,108
118000536,354,991,-637
118000537,41,299,-258
118000538,88,89,-1
118000539,16,166,-150
118000540,167,75,92
118000541,130,30,100
118000542,68,110,-42
118000543,147,218,-71
118000546,89,99,-10
118000553,0,0,0
118000560,1000,1413,-413
118000562,36,66,-30
118000563,947,854,93
118000576,228,103,125
118000577,134,123,11
118000578,167,77,90
118000579,347,843,-496
118000583,0,0,0
118000595,225,80,145
118000596,0,34,-34
118000597,168,97,71
118000598,2,0,2
118000599,93,38,55
118000600,5,5,0
118000601,3,0,3
118000602,1,8,-7
118000603,0,21,-21
118000605,80,180,-100
118000606,45,38,7
118000607,185,182,3
118900001,286,655,-369
118900002,476,572,-96
118900003,192,9,183
118900004,30,36,-6
118900005,81,2,79
118900006,90,0,90
118900007,3,1,2
118900008,1135,41,1094
118900009,49,29,20
118900010,48,4,44
118900011,56,16,40
118900012,262,108,154
118900013,266,114,152
118900015,117,23,94
118900016,4,13,-9
118900017,194,199,-5
118900018,508,19,489
118900019,36,14,22
118900020,100,72,28
118900021,108,185,-77
118900022,110,68,42
118900023,125,76,49
118900024,75,65,10
118900025,23,36,-13
118900026,35,42,-7
118900027,313,135,178
118900028,100,73,27
118900029,127,242,-115
118900030,282,48,234
118900031,133,50,83
118900032,157,148,9
118900033,224,233,-9
118900034,69,11,58
118900035,86,74,12
118900036,958,391,567
118900037,218,156,62
118900038,350,92,258
118900039,332,94,238
118900040,176,102,74
118900041,552,121,431
118900042,129,56,73
118900045,189,98,91
118900046,487,259,228
118900047,293,189,104
118900048,75,115,-40
118900049,35,45,-10
118900050,14,38,-24
118900051,48,78,-30
118900052,130,144,-14
118900053,16,64,-48
118900054,113,43,70
118900055,44,29,15
118900056,47,243,-196
118900057,666,374,292
118900058,270,230,40
118900059,15,49,-34
118900062,131,140,-9
118900064,328,413,-85
118900065,25,82,-57
118900066,53,59,-6
118900067,2694,3227,-533
118900068,5,145,-140
118900069,382,165,217
118900071,2,36,-34
118900072,325,200,125
118900073,193,65,128
118900074,112,80,32
118900075,56,43,13
118900076,162,63,99
118900077,212,129,83
118900078,18,2,16
118900079,22,105,-83
118900080,17,40,-23
118900081,41,33,8
118900082,707,113,594
118900083,21,6,15
118900084,26,15,11
118900085,474,498,-24
118900086,19,58,-39
118900087,50,226,-176
118900088,8,4,4
118900089,20,14,6
118900090,381,232,149
118900091,83,111,-28
118900092,85,22,63
118900093,69,10,59
118900096,62,57,5
118900097,166,301,-135
118900099,84,140,-56
118900100,90,156,-66
118900101,53,153,-100
118900102,17,65,-48
118900103,20,51,-31
118900104,130,51,79
118900105,84,47,37
118900107,92,25,67
118900108,69,65,4
118900110,623,484,139
118900111,270,258,12
118900112,60,131,-71
118900113,163,191,-28
118900114,11,42,-31
118900115,38,182,-144
118900116,95,203,-108
118900117,89,139,-50
118900118,264,194,70
118900119,118,142,-24
118900120,80,220,-140
118900121,10,90,-80
118900122,16,857,-841
118900123,112,163,-51
118900124,42,80,-38
118900126,13,249,-236
118900129,241,132,109
118900130,49,128,-79
118900131,169,153,16
118900132,249,152,97
118900133,6,68,-62
118900135,144,107,37
118900136,171,250,-79
118900137,5,28,-23
118900139,196,177,19
118900140,299,331,-32
118900141,37,55,-18
118900144,118,175,-57
118900145,18,61,-43
118900146,230,364,-134
118900147,74,82,-8
118900148,47,19,28
118900150,273,398,-125
118900152,452,419,33
118900157,62,90,-28
118900158,61,41,20
118900159,1,83,-82
118900161,54,6,48
118900163,93,54,39
118900164,5,67,-62
118900165,32,60,-28
118900166,21,1,20
118900167,53,51,2
118900168,39,77,-38
118900169,84,94,-10
118900170,76,61,15
118900171,13,16,-3
118900174,33,22,11
118900175,366,339,27
118900176,135,206,-71
118900177,41,23,18
118900178,33,108,-75
118900179,33,16,17
118900182,40,17,23
118900183,10,74,-64
118900184,174,42,132
118900185,141,75,66
118900186,66,66,0
118900187,142,164,-22
118900188,220,149,71
118900189,27,647,-620
118900190,12,144,-132
118900191,178,45,133
118900192,190,12,178
118900193,389,3,386
118900195,225,343,-118
118900196,18,63,-45
118900197,134,22,112
118900198,12,6,6
118900199,58,13,45
118900200,22,6,16
118900201,17,16,1
118900202,7,21,-14
118900203,10,10,0
118900204,8,8,0
118900205,4,8,-4
118900206,0,6,-6
119000001,1000,1030,-30
119000002,3034,1737,1297
119000003,2263,765,1498
119000004,2080,1075,1005
119000005,1263,1384,-121
119000006,2532,1234,1298
119000007,2383,2235,148
119000008,1359,1043,316
119000009,2518,3777,-1259
119000010,3959,3087,872
119000011,2380,2053,327
119000012,1526,2321,-795
119000013,2000,1174,826
119000014,1033,1662,-629
119000019,238,113,125
119000020,1627,1107,520
119000021,3376,1806,1570
119000022,1125,1779,-654
119000023,200,205,-5
119000024,1377,9065,-7688
119000025,3267,763,2504
119000026,95,271,-176
119000027,172,228,-56
119000028,1092,430,662
119000029,87,179,-92
119000030,418,610,-192
119000031,685,453,232
119000032,1158,1471,-313
119000033,1477,906,571
119000034,782,617,165
119000035,16,213,-197
119000036,1632,517,1115
119000037,1072,972,100
119000038,143,501,-358
119000039,314,187,127
119000040,493,471,22
119000041,495,888,-393
119000048,2036,1526,510
119000049,1503,1225,278
119000050,1003,1138,-135
119000051,1349,717,632
119000052,1107,1738,-631
119000053,1511,851,660
119000054,2529,1647,882
119000055,4081,2022,2059
119000056,2212,1270,942
119000057,1256,1044,212
119000058,1409,1014,395
119000059,884,916,-32
119000060,1169,791,378
119000061,887,517,370
119000062,879,915,-36
119000063,478,354,124
119000064,764,714,50
119000065,1331,1955,-624
119000066,1672,873,799
119000067,1527,1261,266
119000068,1354,678,676
119000069,1239,1407,-168
119000070,2245,638,1607
119000071,494,456,38
119000072,3246,1901,1345
119000073,3042,5456,-2414
119000074,1092,1377,-285
119000075,2115,1602,513
119000076,285,757,-472
119000077,414,320,94
119000078,426,245,181
119000079,226,548,-322
119000080,364,112,252
119000081,230,272,-42
119000082,629,165,464
119000083,464,333,131
119000084,256,320,-64
119000085,459,195,264
119000086,376,540,-164
119000087,1183,590,593
119000088,497,223,274
119000089,112,174,-62
119000090,135,118,17
119000091,208,455,-247
119000092,361,218,143
119000093,2551,1514,1037
119000094,2703,3424,-721
119000095,1375,1636,-261
119000097,1587,728,859
119000098,697,2320,-1623
119000099,1849,926,923
119000100,2845,2228,617
119000101,2670,1052,1618
119000102,475,789,-314
119000103,875,335,540
119000104,1320,740,580
119000105,637,1571,-934
119000106,273,763,-490
119000107,792,349,443
119000108,281,564,-283
119000109,66,297,-231
119000110,215,195,20
119000111,43,509,-466
119000112,147,48,99
119000113,1225,187,1038
119000114,495,582,-87
119000115,126,98,28
119000116,54,58,-4
119000117,99,153,-54
119000118,3,0,3
119000123,2103,1172,931
119000124,726,156,570
119000125,3183,431,2752
119000126,1285,422,863
119000127,489,331,158
119000128,13,0,13
119000131,769,399,370
119000132,1,0,1
119000133,0,4,-4
119000134,1135,397,738
119000135,137,126,11
119000136,160,96,64
119000137,149,202,-53
119000138,462,138,324
119000139,178,98,80
119000140,164,250,-86
119000284,804,1758,-954
119000285,1363,1248,115
119000286,4445,3495,950
119000287,942,1314,-372
119000288,1393,761,632
119000289,1170,1472,-302
119000290,148,228,-80
119000291,7,171,-164
119000293,116,123,-7
119000294,51,40,11
119000295,862,219,643
119000296,286,167,119
119000302,1239,793,446
119000303,35,104,-69
119000314,1032,7693,-6661
119000315,8,204,-196
119000316,141,64,77
119000317,88,201,-113
119000319,664,168,496
119900001,121,764,-643
119900002,126,158,-32
119900003,30,526,-496
119900004,186,786,-600
119900005,163,54,109
119900006,153,217,-64
119900007,859,127,732
119900008,134,35,99
119900009,411,382,29
119900010,485,580,-95
119900011,10,91,-81
119900012,7,44,-37
119900013,1347,797,550
119900014,328,135,193
119900015,38,25,13
119900016,34,38,-4
119900017,38,15,23
119900018,1163,773,390
119900019,20,2,18
119900020,149,118,31
119900021,97,33,64
119900022,87,411,-324
119900023,304,1424,-1120
119900025,128,13,115
119900026,406,88,318
119900027,115,14,101
119900028,229,85,144
119900029,1,5,-4
119900030,410,325,85
119900031,56,320,-264
119900033,1048,261,787
119900034,304,64,240
119900037,111,16,95
119900038,17,245,-228
119900039,44,9,35
119900040,118,13,105
119900041,64,14,50
119900042,64,133,-69
119900043,94,93,1
119900044,98,618,-520
119900046,80,25,55
119900047,206,60,146
119900049,119,1,118
119900050,58,87,-29
119900051,848,5,843
119900052,40,32,8
119900053,171,95,76
119900054,155,5,150
119900055,868,302,566
119900057,197,23,174
119900058,169,2,167
119900059,60,27,33
119900060,193,15,178
119900061,270,8,262
119900062,37,13,24
119900063,4,30,-26
119900065,159,8,151
119900067,65,12,53
119900068,388,4,384
119900069,99,13,86
119900070,693,4,689
119900071,502,17,485
119900073,1250,409,841
119900074,15,23,-8
119900075,2476,1483,993
119900076,114,50,64
119900077,686,498,188
119900078,418,494,-76
119900079,214,80,134
119900080,268,143,125
119900081,446,16,430
119900082,1071,47,1024
119900083,206,68,138
119900084,334,187,147
119900085,37,37,0
119900086,359,619,-260
119900087,230,170,60
119900088,18,20,-2
119900089,27,288,-261
119900090,113,26,87
119900091,33,563,-530
119900092,93,228,-135
119900093,496,108,388
119900094,18,122,-104
119900095,106,62,44
119900096,25,79,-54
119900097,302,119,183
119900098,7,23,-16
119900099,25,95,-70
119900100,1072,1637,-565
119900101,113,848,-735
119900102,18,151,-133
119900103,42,126,-84
119900104,28,88,-60
119900105,379,1177,-798
119900106,5,91,-86
119900107,186,1359,-1173
119900108,1705,453,1252
119900109,17,104,-87
119900110,548,396,152
119900111,155,335,-180
119900112,715,380,335
119900113,54,132,-78
119900114,145,660,-515
119900115,223,597,-374
119900116,60,205,-145
119900117,234,361,-127
119900118,54,428,-374
119900119,174,151,23
119900120,440,304,136
119900121,312,579,-267
119900122,293,206,87
119900123,105,211,-106
119900124,178,448,-270
119900125,19,142,-123
119900126,1987,191,1796
119900127,1257,533,724
119900128,352,368,-16
119900129,188,297,-109
119900130,9,135,-126
119900131,69,130,-61
119900132,16,132,-116
119900133,18,63,-45
119900134,757,102,655
119900135,1,178,-177
119900136,135,171,-36
119900138,186,237,-51
119900139,9,82,-73
119900140,4,104,-100
119900141,48,452,-404
119900142,0,15,-15
119900143,20,109,-89
119900144,694,110,584
119900145,74,75,-1
119900146,101,62,39
119900147,2,63,-61
119900148,155,35,120
119900149,513,3165,-2652
119900150,121,65,56
119900151,940,506,434
119900152,100,160,-60
119900153,91,64,27
119900154,19,356,-337
119900155,24,20,4
119900156,14,5,9
119900157,91,126,-35
119900158,142,61,81
119900159,0,726,-726
119900160,13,73,-60
119900161,148,107,41
119900162,628,608,20
119900163,41,85,-44
119900164,0,1,-1
119900165,83,90,-7
119900166,45,35,10
119900167,54,44,10
119900168,784,375,409
119900169,51,181,-130
119900170,115,165,-50
119900171,675,198,477
119900172,70,15,55
119900173,3,216,-213
119900174,1,101,-100
119900175,1178,398,780
119900177,13,106,-93
119900178,1,93,-92
119900179,72,405,-333
119900180,781,609,172
119900181,31,112,-81
119900182,1,170,-169
119900183,68,366,-298
119900184,1114,239,875
119900185,32,129,-97
119900186,26,729,-703
119900187,5,175,-170
119900188,76,187,-111
119900189,271,286,-15
119900190,41,209,-168
119900191,130,109,21
119900192,27,126,-99
119900193,385,108,277
119900194,18,74,-56
119900195,74,90,-16
119900196,496,171,325
119900197,139,106,33
119900198,84,157,-73
119900199,73,17,56
119900200,494,465,29
119900201,209,73,136
119900202,60,127,-67
119900203,127,420,-293
119900204,159,137,22
119900205,646,337,309
119900206,122,54,68
119900208,109,119,-10
119900209,324,967,-643
119900210,35,16,19
119900211,35,2,33
119900212,485,316,169
119900213,5,45,-40
119900214,34,40,-6
119900215,54,40,14
119900216,10,21,-11
119900217,10,34,-24
119900218,10,39,-29
119900219,14,50,-36
119900220,1,70,-69
119900221,17,125,-108
119900222,6,74,-68
119900223,10,36,-26
119900224,2,15,-13
119900225,451,26,425
119900226,262,1171,-909
119900227,607,144,463
119900228,96,113,-17
119900229,223,184,39
119900230,806,241,565
119900231,236,116,120
119900232,100,53,47
119900233,42,4,38
119900234,18,19,-1
119900235,5,8,-3
119900236,14,85,-71
119900237,29,189,-160
119900238,61,49,12
119900240,97,73,24
119900241,118,119,-1
119900242,579,772,-193
119900244,417,780,-363
119900245,79,110,-31
119900246,173,355,-182
119900247,22,86,-64
119900248,52,148,-96
119900249,110,42,68
119900253,1312,251,1061
119900254,84,602,-518
119900255,57,410,-353
119900256,547,463,84
119900257,52,1,51
119900258,87,1,86
119900259,21,69,-48
119900260,86,9,77
119900261,249,108,141
119900262,0,120,-120
119900263,742,226,516
119900264,105,81,24
119900265,345,331,14
119900266,284,119,165
119900267,180,240,-60
119900268,96,78,18
119900269,657,563,94
119900271,13,37,-24
119900272,146,70,76
119900275,156,109,47
119900276,50,2,48
119900277,15,3,12
119900278,45,45,0
119900279,65,130,-65
119900280,399,67,332
119900281,0,195,-195
119900282,23,67,-44
119900283,5,114,-109
119900284,33,91,-58
119900285,23,58,-35
119900286,2,10,-8
119900288,1,11,-10
119900289,0,21,-21
119900290,0,14,-14
119900291,1,53,-52
119900292,9,53,-44
119900293,17,45,-28
119900294,29,44,-15
119900295,21,28,-7
119900296,38,89,-51
119900297,0,16,-16
119900298,0,0,0
119900299,69,93,-24
119900300,178,71,107
119900301,14,10,4
119900302,11,20,-9
119900303,149,91,58
119900304,127,26,101
119900305,9,82,-73
119900306,20,4,16
119900307,27,53,-26
119900308,3,14,-11
119900309,19,88,-69
119900310,188,133,55
119900311,75,52,23
119900312,79,58,21
119900313,172,159,13
119900314,115,261,-146
119900315,1418,1262,156
119900318,2,37,-35
119900319,1,114,-113
119900320,135,239,-104
119900321,54,4,50
120000001,3958,12414,-8456
120000002,2212,1720,492
120000003,2220,1177,1043
120000004,2023,1270,753
120000005,2489,1389,1100
120000006,963,902,61
120000007,2313,2287,26
120000008,711,880,-169
120000009,1532,702,830
120000010,1536,1690,-154
120000011,769,1013,-244
120000012,1291,1383,-92
120000013,2376,2029,347
120000014,539,878,-339
120000015,1909,1047,862
120000016,2977,1746,1231
120000017,2375,1986,389
120000018,2693,9649,-6956
120000019,852,1138,-286
120000020,2274,2446,-172
120000021,1598,1930,-332
120000022,1991,3041,-1050
120000023,963,1242,-279
120000024,978,1917,-939
120000025,2225,1367,858
120000026,1898,1314,584
120000027,1624,1616,8
120000028,513,1302,-789
120000029,1381,836,545
120000030,631,714,-83
120000031,1352,4273,-2921
120000032,5168,2760,2408
120000033,4018,1256,2762
120000034,1817,1224,593
120000035,1703,1227,476
120000036,2396,3425,-1029
120000037,494,1213,-719
120000038,3442,2521,921
120000039,582,620,-38
120000040,124,351,-227
120000041,1315,1005,310
120000042,1617,1704,-87
120000043,3683,1042,2641
120000044,4280,1205,3075
120000045,5000,756,4244
120000046,3044,2093,951
120000047,610,4139,-3529
120000048,4104,2745,1359
120000049,2649,1967,682
120000050,2431,2672,-241
120000051,2091,2703,-612
120000052,5628,1540,4088
120000053,1211,1384,-173
120000054,1060,2374,-1314
120000055,1413,2965,-1552
120000056,3591,2425,1166
120000057,3140,1052,2088
120000058,2271,1056,1215
120000059,8,1374,-1366
120000061,61,434,-373
120000062,187,249,-62
120000063,1074,1641,-567
120000064,236,735,-499
120000065,426,1033,-607
120000066,152,269,-117
120000067,40,317,-277
120000068,185,550,-365
120000069,563,608,-45
120000070,84,433,-349
120000071,591,105,486
120000072,761,380,381
120000073,851,61,790
120000074,118,51,67
120000075,527,256,271
120000076,1833,472,1361
120000077,1646,549,1097
120000078,2557,1041,1516
120000079,459,318,141
120000080,326,268,58
120000081,405,174,231
120000082,324,237,87
120000083,127,699,-572
120000084,300,213,87
120000085,264,284,-20
120000086,269,349,-80
120000087,263,396,-133
120000088,638,706,-68
120000089,834,439,395
120000090,667,372,295
120000091,803,596,207
120000092,1055,390,665
120000093,479,289,190
120000094,158,581,-423
120000095,766,280,486
120000096,257,396,-139
120000098,661,509,152
120000099,325,506,-181
120000100,558,612,-54
120000101,480,329,151
120000102,509,753,-244
120000103,1251,726,525
120000104,1676,441,1235
120000105,2776,594,2182
120000106,2268,570,1698
120000107,3690,570,3120
120000108,1312,130,1182
120000109,1041,55,986
120000110,92,582,-490
120000111,107,677,-570
120000112,616,1482,-866
120000113,646,1167,-521
120000114,774,1487,-713
120000115,290,1429,-1139
120000116,454,1162,-708
120000117,876,1087,-211
120000118,40,29,11
120000119,18,37,-19
120000120,82,71,11
120000121,26,51,-25
120000122,158,305,-147
120000123,2259,5061,-2802
120000124,410,251,159
120000125,461,447,14
120000126,282,843,-561
120000127,1197,753,444
120000128,2124,2814,-690
120000129,246,172,74
120000130,601,374,227
120000131,276,487,-211
120000134,359,593,-234
120000135,517,324,193
120000137,210,675,-465
120000138,980,291,689
120000139,197,451,-254
120000140,778,331,447
120000141,250,420,-170
120000142,534,505,29
120000143,2,57,-55
120000144,108,3,105
120000145,375,1,374
120000146,713,723,-10
120000149,573,761,-188
120000150,1916,8297,-6381
120000151,408,320,88
120000152,467,123,344
120000153,155,308,-153
120000154,390,372,18
120000155,138,252,-114
120000156,683,844,-161
120000157,863,430,433
120000158,743,559,184
120000159,1501,1507,-6
120000160,1804,1276,528
120000161,1914,1615,299
120000162,68,234,-166
120000163,727,784,-57
120000164,610,232,378
120000165,644,574,70
120000166,1527,340,1187
120000167,152,132,20
120000168,9,453,-444
120000169,48,1466,-1418
120000170,42,1069,-1027
120000171,19,379,-360
120000172,10,341,-331
120000173,1316,1141,175
120000174,168,38,130
120000175,166,24,142
120000176,110,41,69
120000177,690,92,598
120000178,23,12,11
120000179,86,45,41
120000180,210,87,123
120000181,74,818,-744
120000182,51,457,-406
120000183,8,241,-233
120000184,95,755,-660
120000186,28,639,-611
120000187,21,205,-184
120000188,51,423,-372
120000190,389,65,324
120000191,357,110,247
120000192,382,42,340
120000193,227,11,216
120000195,33,2,31
120000196,90,19,71
120000197,35,58,-23
120000198,111,64,47
120000199,54,0,54
120000200,137,4,133
120000201,23,20,3
120000202,4,43,-39
120000203,69,128,-59
120000207,0,46,-46
120000208,10,130,-120
120000209,5,57,-52
120000210,47,40,7
120000211,171,12,159
120000212,181,0,181
120000213,149,130,19
120000214,0,158,-158
120000215,1,89,-88
120000216,108,16,92
120000217,418,815,-397
120000218,103,449,-346
120000219,4,295,-291
120000220,4,913,-909
120000225,1444,3,1441
120000226,352,1,351
120000227,687,56,631
120000228,7725,2632,5093
120000230,309,31,278
120000231,1126,1392,-266
120000233,267,5,262
120000235,176,457,-281
120000236,796,4,792
120000237,0,706,-706
120000238,2,791,-789
120000241,928,2594,-1666
120000412,322,7,315
120000413,180,118,62
120000414,135,0,135
120000415,1,41,-40
120000416,85,2,83
120000417,6,78,-72
120000418,112,11,101
120000419,5,116,-111
120000420,36,13,23
120000421,5959,3600,2359
120000422,120,1315,-1195
120000423,6,72,-66
120000424,72,82,-10
120000436,85,645,-560
120000437,80,72,8
120000438,1529,161,1368
120000439,129,393,-264
120000443,180,0,180
120000444,1396,276,1120
120000445,1333,793,540
120000446,546,142,404
120000447,213,0,213
120000449,87,1,86
120000450,4,98,-94
120000451,62,157,-95
120000452,259,6,253
120000453,0,143,-143
120000454,45,37,8
120000455,91,50,41
120000456,1714,2812,-1098
120000457,573,306,267
120000458,373,485,-112
120000459,77,40,37
120000665,450,184,266
120000668,89,673,-584
120000669,109,146,-37
120000670,121,728,-607
120000671,1026,390,636
120000672,70,382,-312
120900001,78,103,-25
120900002,116,235,-119
120900003,132,10,122
120900004,3,58,-55
120900005,8,947,-939
120900006,321,182,139
120900007,138,62,76
120900008,278,739,-461
120900009,587,40,547
120900010,387,92,295
120900011,151,146,5
120900012,105,778,-673
120900013,259,80,179
120900014,5,256,-251
120900015,863,94,769
120900016,756,43,713
120900017,1351,47,1304
120900018,105,253,-148
120900019,390,307,83
120900020,549,1041,-492
120900021,706,160,546
120900022,26,184,-158
120900023,249,156,93
120900024,1148,343,805
120900025,1067,670,397
120900026,110,70,40
120900027,816,18,798
120900028,408,97,311
120900029,97,516,-419
120900030,1223,595,628
120900031,255,99,156
120900032,1097,95,1002
120900033,944,79,865
120900034,20,1859,-1839
120900035,18,17,1
120900037,235,6,229
120900038,40,288,-248
120900039,78,26,52
120900040,242,5,237
120900041,94,15,79
120900042,481,47,434
120900043,48,32,16
120900044,19,232,-213
120900045,127,46,81
120900046,436,2,434
120900047,151,99,52
120900048,141,34,107
120900049,452,3,449
120900050,1155,1207,-52
120900051,296,101,195
120900052,626,4,622
120900053,240,24,216
120900054,1275,305,970
120900055,431,2,429
120900056,535,17,518
120900057,110,9,101
120900058,597,1,596
120900059,73,2,71
120900060,52,9,43
120900061,161,88,73
120900062,224,2,222
120900063,638,7,631
120900064,584,3,581
120900065,498,14,484
120900066,259,120,139
120900067,139,39,100
120900068,287,0,287
120900069,214,18,196
120900071,14,0,14
120900072,774,4,770
120900073,495,36,459
120900074,380,5,375
120900076,313,0,313
120900077,1291,109,1182
120900078,781,640,141
120900079,522,80,442
120900080,922,970,-48
120900081,1035,144,891
120900082,358,281,77
120900083,65,4,61
120900084,310,427,-117
120900085,50,127,-77
120900086,69,251,-182
120900087,353,357,-4
120900088,127,366,-239
120900089,1679,2277,-598
120900090,307,65,242
120900091,552,774,-222
120900092,874,309,565
120900093,1238,112,1126
120900094,311,117,194
120900095,272,15,257
120900096,20,83,-63
120900097,451,436,15
120900098,188,79,109
120900099,60,38,22
120900100,46,130,-84
120900101,364,106,258
120900102,27,59,-32
120900103,55,174,-119
120900104,14,34,-20
120900105,36,259,-223
120900106,920,312,608
120900107,156,91,65
120900108,7,315,-308
120900109,27,374,-347
120900110,3,528,-525
120900111,165,201,-36
120900112,10,516,-506
120900113,8,369,-361
120900114,42,77,-35
120900115,122,227,-105
120900116,299,209,90
120900117,1,296,-295
120900118,18,388,-370
120900119,4162,2855,1307
120900120,47,262,-215
120900121,51,239,-188
120900122,410,216,194
120900123,5,205,-200
120900124,4,317,-313
120900125,5,331,-326
120900126,1145,548,597
120900127,10,286,-276
120900128,935,961,-26
120900129,35,171,-136
120900130,0,125,-125
120900131,107,39,68
120900132,919,145,774
120900133,62,474,-412
120900134,667,292,375
120900135,4,297,-293
120900136,23,27,-4
120900137,201,41,160
120900138,15,110,-95
120900139,3,371,-368
120900140,3,49,-46
120900141,80,110,-30
120900142,14,225,-211
120900143,4,467,-463
120900144,0,77,-77
120900145,160,797,-637
120900146,0,492,-492
120900147,39,364,-325
120900148,63,118,-55
120900149,0,167,-167
120900150,54,326,-272
120900151,45,398,-353
120900152,157,32,125
120900153,55,84,-29
120900154,0,105,-105
120900155,126,588,-462
120900156,134,212,-78
120900157,62,276,-214
120900158,70,392,-322
120900159,171,394,-223
120900160,19,543,-524
120900161,49,324,-275
120900162,78,410,-332
120900163,82,453,-371
120900164,1,35,-34
120900165,9,177,-168
120900166,22,161,-139
120900167,163,62,101
120900169,47,140,-93
120900170,616,2179,-1563
120900171,587,135,452
120900172,263,846,-583
120900173,12,46,-34
120900174,7,89,-82
120900175,221,67,154
120900176,15,292,-277
120900177,2,1157,-1155
120900178,12,194,-182
120900179,506,281,225
120900180,47,134,-87
120900181,43,12,31
120900182,23,301,-278
120900183,382,39,343
120900184,195,33,162
120900185,7,240,-233
120900186,0,304,-304
120900187,393,656,-263
120900188,244,5,239
120900189,70,1464,-1394
120900190,96,9,87
120900191,10,9,1
120900192,5219,6642,-1423
120900194,42,40,2
120900195,69,177,-108
120900196,640,33,607
120900197,574,120,454
120900198,168,411,-243
120900199,274,305,-31
120900200,43,91,-48
120900201,327,82,245
120900202,0,75,-75
120900203,20,54,-34
120900204,103,130,-27
120900205,72,23,49
120900206,14,25,-11
120900207,38,657,-619
121000001,491,630,-139
121000002,1579,1043,536
121000003,1860,1173,687
121000004,1500,2163,-663
121000005,1122,1679,-557
121000006,1956,1396,560
121000007,1746,2059,-313
121000008,3331,2709,622
121000009,3028,3568,-540
121000010,4795,4088,707
121000011,4798,7401,-2603
121000012,10036,6730,3306
121000013,3343,4372,-1029
121000014,4371,3466,905
121000015,2606,4752,-2146
121000016,2994,2180,814
121000017,1471,2403,-932
121000018,1876,1213,663
121000019,10509,8612,1897
121000020,9369,12651,-3282
121000021,1877,1834,43
121000022,1802,2324,-522
121000023,2397,1883,514
121000024,3441,4116,-675
121000025,338,960,-622
121000026,386,113,273
121000027,980,806,174
121000028,719,311,408
121000029,757,454,303
121000030,519,296,223
121000031,427,492,-65
121000032,208,103,105
121000034,244,152,92
121000035,124,119,5
121000036,643,536,107
121000037,447,449,-2
121000038,369,622,-253
121000039,195,251,-56
121000041,376,327,49
121000042,162,306,-144
121000043,546,428,118
121000044,1188,734,454
121000045,350,243,107
121000046,502,698,-196
121000047,237,261,-24
121000049,1006,488,518
121000050,271,836,-565
121000051,452,185,267
121000052,340,466,-126
121000053,238,75,163
121000054,29,256,-227
121000055,800,902,-102
121000056,533,679,-146
121000057,147,339,-192
121000058,381,275,106
121000059,1369,746,623
121000060,347,783,-436
121000061,52,195,-143
121000062,75,238,-163
121000063,709,631,78
121000064,588,617,-29
121000065,284,357,-73
121000066,473,517,-44
121000067,357,493,-136
121000068,420,265,155
121000069,377,725,-348
121000070,1524,832,692
121000071,1267,971,296
121000072,849,559,290
121000073,914,757,157
121000074,139,166,-27
121000075,38,296,-258
121000076,494,334,160
121000077,88,177,-89
121000078,91,92,-1
121000080,1318,441,877
121000081,2191,2154,37
121000082,109,156,-47
121000083,108,99,9
121000084,220,245,-25
121000085,206,337,-131
121000086,226,431,-205
121000087,54,190,-136
121000088,427,415,12
121000089,225,274,-49
121000090,281,288,-7
121000091,871,625,246
121000092,132,33,99
121000093,171,150,21
121000094,301,451,-150
121000095,279,401,-122
121000096,2021,1685,336
121000097,463,1558,-1095
121000098,596,682,-86
121000099,674,548,126
121000100,850,307,543
121000101,416,250,166
121000102,293,219,74
121000103,177,200,-23
121000104,210,91,119
121000105,410,127,283
121000106,268,234,34
121000107,1309,1840,-531
121000109,745,782,-37
121000110,178,512,-334
121000114,2016,1439,577
121000115,765,476,289
121000116,188,543,-355
121000117,400,193,207
121000118,1235,172,1063
121000119,308,307,1
121000120,212,411,-199
121000121,418,1046,-628
121000123,1002,476,526
121000127,112,70,42
121000128,902,307,595
121000129,835,432,403
121000130,534,560,-26
121000131,1457,1373,84
121000132,1118,1403,-285
121000135,236,270,-34
121000136,734,662,72
121000137,401,230,171
121000138,658,744,-86
121000139,327,240,87
121000141,195,102,93
121000142,535,802,-267
121000143,81,25,56
121000144,510,1369,-859
121000145,537,678,-141
121000146,1082,796,286
121000147,947,418,529
121000148,737,801,-64
121000149,1853,1138,715
121000152,343,392,-49
121000153,1267,401,866
121000154,822,410,412
121000155,1106,777,329
121000156,342,849,-507
121000157,598,961,-363
121000158,343,339,4
121000159,182,253,-71
121000160,259,249,10
121000161,140,178,-38
121000162,98,75,23
121000165,903,1560,-657
121000166,20,364,-344
121000168,313,209,104
121000169,58,89,-31
121000170,269,77,192
121000171,58,103,-45
121000172,658,537,121
121000173,830,832,-2
121000174,335,307,28
121000175,888,287,601
121000176,316,166,150
121000177,669,420,249
121000178,77,42,35
121000179,73,48,25
121000181,390,280,110
121000182,94,158,-64
121000183,110,82,28
121000184,31,86,-55
121000185,47,184,-137
121000186,183,388,-205
121000187,130,107,23
121000188,163,102,61
121000192,680,323,357
121000193,522,334,188
121000194,1459,1351,108
121000195,144,600,-456
121000196,322,129,193
121000197,109,371,-262
121000198,125,70,55
121000199,103,189,-86
121000200,434,51,383
121000201,6,142,-136
121000202,539,106,433
121000203,703,1217,-514
121000204,2368,460,1908
121000205,70,134,-64
121000206,92,39,53
121000207,1581,292,1289
121000208,5,164,-159
121000209,377,120,257
121000210,636,297,339
121000211,289,61,228
121000212,385,317,68
121000213,5706,1816,3890
121000214,667,1383,-716
121000215,703,539,164
121000216,351,444,-93
121000217,2723,2401,322
121000218,278,1064,-786
121000219,994,428,566
121000220,97,49,48
121000221,74,211,-137
121000222,1649,1548,101
121000223,291,320,-29
121000224,203,253,-50
121000225,681,1555,-874
121000226,1840,953,887
121000227,14,121,-107
121000228,23,400,-377
121000229,261,285,-24
121000230,66,996,-930
121000231,873,37,836
121000232,269,234,35
121000233,473,226,247
121000234,23,25,-2
121000235,36,56,-20
121000236,6,34,-28
121000237,74,9,65
121000238,10,41,-31
121000239,33,5,28
121000240,11,101,-90
121000241,83,13,70
121000242,39,451,-412
121000243,301,70,231
121000244,0,75,-75
121000245,52,4,48
121000246,5,95,-90
121000247,90,1,89
121000248,431,494,-63
121000249,59,115,-56
121000250,330,171,159
121000251,4,191,-187
121000252,78,47,31
121000253,253,209,44
121000254,621,203,418
121000255,85,206,-121
121000256,218,196,22
121000257,34,77,-43
121000258,48,77,-29
121000259,26,21,5
121000260,27,62,-35
121000261,60,41,19
121000262,679,445,234
121000263,399,325,74
121000271,218,883,-665
121000273,30,8,22
121000274,11,53,-42
121000275,6,13,-7
121000276,11,25,-14
121000278,63,14,49
121000289,141,17,124
121000290,688,572,116
121000294,120,58,62
121000297,472,788,-316
121000299,73,292,-219
121000300,604,664,-60
121000302,29,700,-671
121000303,391,231,160
121000304,412,41,371
121000305,213,121,92
121000306,89,96,-7
121000308,157,201,-44
121000309,333,407,-74
121000310,114,235,-121
121000311,60,472,-412
121000312,183,129,54
121000313,210,281,-71
121000314,68,107,-39
121000315,35,87,-52
121000530,1271,899,372
121000531,1641,1185,456
121000532,4960,5317,-357
121000533,2280,2475,-195
121000918,35,102,-67
121000919,48,76,-28
121000938,66,197,-131
121000939,87,203,-116
121000956,1313,780,533
121000957,5,5,0
121000958,15,31,-16
121000959,676,460,216
121000960,1047,1157,-110
121000961,215,36,179
121000962,253,348,-95
121000973,0,148,-148
121000976,12,136,-124
121000979,304,91,213
121000981,333,78,255
121000982,371,114,257
121000983,354,260,94
121000984,10,47,-37
121000985,693,359,334
121000986,256,75,181
121000987,192,525,-333
121000988,708,74,634
121001302,160,110,50
121001308,3,7,-4
121001309,22,88,-66
121001313,157,99,58
121001314,1334,1701,-367
121001315,3626,2258,1368
121001326,428,256,172
121001327,109,161,-52
121001328,175,15,160
121900001,98,124,-26
121900002,30,32,-2
121900003,333,5,328
121900004,51,212,-161
121900005,22,9,13
121900006,72,12,60
121900007,1190,1065,125
121900008,309,313,-4
121900009,339,2,337
121900010,172,1,171
121900011,94,194,-100
121900012,9,0,9
121900013,805,76,729
121900014,788,258,530
121900015,132,102,30
121900016,5,37,-32
121900017,618,250,368
121900018,253,12,241
121900019,357,140,217
121900020,6,1,5
121900021,716,24,692
121900022,187,167,20
121900023,112,175,-63
121900024,235,65,170
121900025,450,330,120
121900026,171,27,144
121900027,205,69,136
121900028,186,8,178
121900029,98,139,-41
121900030,334,403,-69
121900031,657,4422,-3765
121900032,51,43,8
121900033,132,207,-75
121900034,199,72,127
121900035,2031,1411,620
121900036,60,207,-147
121900037,106,656,-550
121900038,21,72,-51
121900039,334,36,298
121900040,68,65,3
121900041,78,170,-92
121900042,299,83,216
121900043,4,5,-1
121900044,50,33,17
121900046,164,167,-3
121900047,173,71,102
121900048,25,51,-26
121900050,22,37,-15
121900051,151,133,18
121900052,135,30,105
121900053,359,223,136
121900054,405,704,-299
121900055,0,3,-3
121900058,160,84,76
121900059,244,97,147
121900060,95,294,-199
121900062,108,53,55
121900063,994,337,657
121900064,201,406,-205
121900066,37,11,26
121900067,24,14,10
121900069,123,55,68
121900070,96,113,-17
121900071,305,135,170
121900072,33,83,-50
121900073,209,136,73
121900074,409,668,-259
121900075,284,391,-107
121900076,342,520,-178
121900078,37,15,22
121900079,0,0,0
121900080,444,207,237
121900082,47,57,-10
121900084,10,56,-46
121900086,8,18,-10
121900087,128,104,24
121900088,789,1532,-743
121900089,182,190,-8
121900090,28,50,-22
121900091,52,59,-7
121900092,90,64,26
121900093,56,35,21
121900094,12,9,3
121900095,231,116,115
121900096,752,581,171
121900097,407,147,260
121900098,0,0,0
121900099,216,47,169
121900100,84,341,-257
121900101,84,102,-18
121900102,3,92,-89
121900103,261,175,86
121900104,1117,240,877
121900105,228,154,74
121900106,2,3,-1
121900107,29,11,18
121900108,0,19,-19
121900109,122,108,14
121900110,383,411,-28
121900111,447,156,291
121900112,78,101,-23
121900113,54,335,-281
121900114,27,29,-2
121900117,99,60,39
121900118,1132,471,661
121900119,195,69,126
121900120,45,667,-622
121900121,249,43,206
121900122,20,49,-29
121900123,120,235,-115
121900124,147,112,35
121900125,816,618,198
121900127,20,66,-46
121900128,52,57,-5
121900129,314,119,195
121900130,70,148,-78
121900131,192,66,126
121900132,37,57,-20
121900133,69,849,-780
121900134,10,80,-70
121900135,2007,239,1768
121900136,407,214,193
121900137,25,171,-146
121900138,54,86,-32
121900139,246,512,-266
121900140,36,142,-106
121900141,69,25,44
121900142,118,81,37
121900143,3,88,-85
121900144,95,162,-67
121900145,132,217,-85
121900146,382,393,-11
121900147,45,107,-62
121900148,107,169,-62
121900149,189,346,-157
121900150,25,94,-69
121900151,70,169,-99
121900152,49,60,-11
121900153,44,394,-350
121900154,10,200,-190
121900155,0,72,-72
121900156,132,94,38
121900157,1,281,-280
121900158,77,84,-7
121900159,0,151,-151
121900160,0,195,-195
121900161,178,274,-96
121900162,65,104,-39
121900163,243,368,-125
121900164,250,129,121
121900165,132,94,38
121900166,128,111,17
121900167,64,78,-14
121900168,118,164,-46
121900169,4,161,-157
121900170,8,123,-115
121900171,618,357,261
121900172,425,105,320
121900173,492,140,352
121900174,35,46,-11
121900175,110,134,-24
121900176,384,943,-559
121900177,164,73,91
121900178,58,37,21
121900179,388,147,241
121900180,1717,3067,-1350
121900182,528,238,290
121900183,373,663,-290
121900184,41,307,-266
121900186,0,171,-171
121900187,24,86,-62
121900188,286,224,62
121900189,34,65,-31
121900190,182,321,-139
121900191,72,176,-104
121900192,154,658,-504
121900193,40,135,-95
121900194,9,95,-86
121900195,45,54,-9
121900196,506,659,-153
121900197,253,835,-582
121900198,832,689,143
121900199,2,15,-13
121900200,46,153,-107
121900201,597,392,205
121900202,64,432,-368
121900203,118,588,-470
121900204,425,1062,-637
121900205,12,49,-37
121900206,27,25,2
121900207,77,25,52
121900208,120,197,-77
121900209,45,27,18
121900210,1028,633,395
121900211,291,311,-20
121900212,69,88,-19
121900213,124,58,66
121900214,7,298,-291
121900215,54,79,-25
121900216,28,130,-102
121900217,121,106,15
121900218,113,254,-141
121900220,88,6,82
121900221,168,306,-138
121900222,141,95,46
121900223,80,29,51
121900224,60,27,33
121900225,103,107,-4
121900226,182,150,32
121900227,219,520,-301
121900228,131,175,-44
121900230,56,175,-119
121900231,172,1075,-903
121900232,114,192,-78
121900233,102,142,-40
121900234,226,132,94
121900235,328,74,254
121900236,241,115,126
121900237,130,167,-37
121900238,88,175,-87
121900239,98,14,84
121900240,169,46,123
121900241,38,56,-18
121900242,2,0,2
121900243,5,0,5
121900244,18,4,14
121900245,141,50,91
121900246,1873,214,1659
121900248,784,894,-110
121900250,161,217,-56
121900251,286,35,251
121900252,335,94,241
121900253,143,628,-485
121900254,311,204,107
121900255,338,43,295
121900258,2360,1225,1135
121900259,299,446,-147
121900260,43,75,-32
121900261,162,409,-247
121900262,293,620,-327
121900263,218,162,56
121900264,1027,752,275
121900265,191,121,70
121900266,477,107,370
121900267,72,29,43
121900269,128,546,-418
121900270,14,135,-121
121900271,23,68,-45
121900273,314,1174,-860
121900274,225,168,57
121900277,297,737,-440
121900278,67,532,-465
121900279,92,132,-40
121900280,61,236,-175
121900281,184,439,-255
121900284,29,9,20
121900286,97,42,55
121900287,12,12,0
121900288,2,1,1
121900290,190,283,-93
121900291,260,438,-178
121900292,85,81,4
121900293,716,1859,-1143
121900294,175,7,168
121900295,69,144,-75
121900296,25,98,-73
121900298,179,640,-461
121900299,0,0,0
121900300,58,3,55
121900301,74,1,73
121900302,0,41,-41
121900303,240,163,77
121900304,1,13,-12
121900305,0,15,-15
121900306,185,0,185
121900307,106,1,105
121900308,26,181,-155
121900309,5,155,-150
121900310,19,233,-214
121900311,411,22,389
121900312,215,12,203
121900313,300,10,290
121900314,1,32,-31
121900315,18,0,18
121900316,0,9,-9
121900317,13,0,13
121900318,0,16,-16
121900319,16,72,-56
121900320,21,60,-39
121900321,9,0,9
121900322,0,10,-10
121900323,22,8,14
121900324,1,35,-34
121900325,7,0,7
121900326,3,14,-11
121900327,2,32,-30
121900328,0,18,-18
121900329,4,126,-122
121900330,0,57,-57
121900331,11,22,-11
121900332,57,9,48
121900333,36,0,36
121900334,61,37,24
122000001,1352,4080,-2728
122000002,2697,1252,1445
122000003,1223,2300,-1077
122000004,1698,1082,616
122000005,1692,1474,218
122000006,1062,797,265
122000007,672,1249,-577
122000008,1709,2702,-993
122000009,318,345,-27
122000010,1279,1852,-573
122000011,1953,1568,385
122000012,811,1243,-432
122000013,595,654,-59
122000014,1462,705,757
122000015,852,636,216
122000016,350,516,-166
122000017,740,699,41
122000018,856,813,43
122000019,573,819,-246
122000020,141,176,-35
122000021,189,281,-92
122000022,871,723,148
122000023,523,913,-390
122000024,421,876,-455
122000025,511,1265,-754
122000026,529,1045,-516
122000027,478,1132,-654
122000028,588,256,332
122000029,267,298,-31
122000030,144,114,30
122000031,113,212,-99
122000032,1365,1148,217
122000033,359,1078,-719
122000034,304,353,-49
122000035,155,442,-287
122000036,352,382,-30
122000037,212,174,38
122000038,129,233,-104
122000039,494,320,174
122000040,198,175,23
122000041,306,372,-66
122000042,214,326,-112
122000043,66,75,-9
122000044,79,82,-3
122000045,1030,338,692
122000046,655,462,193
122000047,122,123,-1
122000048,2362,2967,-605
122000049,3734,2432,1302
122000050,923,523,400
122000051,172,258,-86
122000052,288,381,-93
122000053,112,708,-596
122000054,1670,1323,347
122000055,1458,2613,-1155
122000056,2860,2339,521
122000057,2064,2903,-839
122000058,1344,1407,-63
122000059,1315,1871,-556
122000060,307,656,-349
122000061,276,476,-200
122000062,597,234,363
122000063,623,531,92
122000064,2332,2567,-235
122000065,2268,1748,520
122000066,344,277,67
122000067,1072,821,251
122000068,999,711,288
122000069,661,646,15
122000070,531,868,-337
122000071,1232,678,554
122000072,317,298,19
122000073,280,651,-371
122000074,1895,998,897
122000075,635,858,-223
122000076,2233,934,1299
122000077,644,855,-211
122000078,1068,2395,-1327
122000079,543,979,-436
122000080,479,307,172
122000081,111,136,-25
122000082,339,729,-390
122000083,1271,981,290
122000084,1006,532,474
122000085,174,568,-394
122000086,1854,3313,-1459
122000087,201,178,23
122000088,199,267,-68
122000089,2989,1501,1488
122000090,114,343,-229
122000091,84,74,10
122000092,54,26,28
122000093,1023,1596,-573
122000094,3130,1864,1266
122000095,982,2279,-1297
122000096,965,1079,-114
122000098,1722,1890,-168
122000099,905,564,341
122000100,586,459,127
122000101,236,401,-165
122000102,1336,692,644
122000103,1238,954,284
122000104,449,149,300
122000105,461,205,256
122000106,321,422,-101
122000107,742,302,440
122000108,297,532,-235
122000109,316,187,129
122000110,310,395,-85
122000111,1825,861,964
122000112,800,936,-136
122000113,526,439,87
122000114,1434,967,467
122000115,1070,865,205
122000116,368,436,-68
122000117,1088,407,681
122000118,448,650,-202
122000119,2412,1880,532
122000120,1554,3495,-1941
122000121,1634,2227,-593
122000122,573,1154,-581
122000123,1510,1256,254
122000124,765,469,296
122000125,483,604,-121
122000126,461,724,-263
122000127,735,1052,-317
122000128,435,504,-69
122000129,446,1161,-715
122000130,2691,1285,1406
122000131,1126,1254,-128
122000132,421,430,-9
122000133,698,819,-121
122000134,774,705,69
122000135,538,528,10
122000136,648,600,48
122000137,1322,702,620
122000139,686,2480,-1794
122000140,460,434,26
122000141,2391,732,1659
122000142,198,643,-445
122000143,365,409,-44
122000144,1125,1040,85
122000145,604,601,3
122000146,408,1059,-651
122000147,417,440,-23
122000148,934,1273,-339
122000149,1560,1440,120
122000150,987,800,187
122000151,158,309,-151
122000152,197,311,-114
122000153,277,266,11
122000154,182,209,-27
122000155,1014,2047,-1033
122000156,1324,1600,-276
122000157,725,1416,-691
122000158,222,589,-367
122000159,596,1465,-869
122000160,3009,2431,578
122000161,861,867,-6
122000162,1307,1515,-208
122000163,140,59,81
122000164,35,63,-28
122000165,526,541,-15
122000166,624,710,-86
122000167,166,118,48
122000168,144,433,-289
122000169,285,163,122
122000170,270,114,156
122000171,31,59,-28
122000172,1253,794,459
122000173,859,1429,-570
122000174,1216,617,599
122000175,604,199,405
122000176,238,546,-308
122000177,965,973,-8
122000178,1682,1632,50
122000179,1068,1522,-454
122000180,908,791,117
122000181,1024,1783,-759
122000182,1008,1178,-170
122000183,1626,786,840
122000184,1472,1687,-215
122000185,787,1239,-452
122000186,282,593,-311
122000187,1350,716,634
122000188,374,184,190
122000189,233,248,-15
122000190,567,904,-337
122000191,433,440,-7
122000192,783,252,531
122000193,262,437,-175
122000194,373,156,217
122000195,127,316,-189
122000196,923,510,413
122000197,351,459,-108
122000198,353,597,-244
122000199,276,211,65
122000200,651,446,205
122000201,798,1104,-306
122000202,795,925,-130
122000203,1900,1037,863
122000204,1214,1356,-142
122000205,897,916,-19
122000206,1913,764,1149
122000207,1775,1018,757
122000208,1743,974,769
122000209,1303,295,1008
122000210,1849,1154,695
122000211,1090,874,216
122000212,650,475,175
122000213,719,1064,-345
122000214,1574,1374,200
122000215,1387,1290,97
122000217,1225,913,312
122000218,528,75,453
122000219,823,661,162
122000220,268,476,-208
122000221,64,252,-188
122000222,446,135,311
122000223,1049,392,657
122000225,579,269,310
122000226,1461,1140,321
122000227,185,1638,-1453
122000228,331,265,66
122000229,34,382,-348
122000230,79,368,-289
122000231,284,636,-352
122000232,415,588,-173
122000233,0,81,-81
122000234,336,86,250
122000235,799,91,708
122000236,1023,75,948
122000237,119,80,39
122000238,268,243,25
122000239,564,268,296
122000240,978,454,524
122000241,1522,388,1134
122000242,535,92,443
122000243,278,53,225
122000244,97,279,-182
122000245,99,194,-95
122000246,336,138,198
122000247,465,451,14
122000248,861,1075,-214
122000249,1119,749,370
122000250,1794,953,841
122000251,185,336,-151
122000252,390,70,320
122000253,60,169,-109
122000254,223,68,155
122000255,506,887,-381
122000256,250,514,-264
122000257,115,172,-57
122000258,254,198,56
122000259,26,394,-368
122000260,176,538,-362
122000261,14,179,-165
122000262,0,34,-34
122000263,283,166,117
122000264,1228,250,978
122000265,1817,620,1197
122000266,2916,512,2404
122000267,190,128,62
122000268,112,270,-158
122000269,620,230,390
122000270,377,125,252
122000271,205,649,-444
122000272,327,566,-239
122000273,345,290,55
122000274,157,151,6
122000275,332,202,130
122000276,821,445,376
122000277,1200,1332,-132
122000278,1844,634,1210
122000279,222,322,-100
122000280,649,480,169
122000281,677,433,244
122000282,186,282,-96
122000283,240,91,149
122000284,165,75,90
122000285,241,62,179
122000286,62,109,-47
122000287,1018,893,125
122000288,488,198,290
122000291,1608,506,1102
122000293,154,223,-69
122000294,96,215,-119
122000295,1065,156,909
122000296,40,531,-491
122000297,1695,2683,-988
122000299,425,261,164
122000300,416,455,-39
122000301,5719,2386,3333
122000302,473,1238,-765
122000303,2034,855,1179
122000304,36,146,-110
122000305,1027,462,565
122000306,31,390,-359
122000307,65,92,-27
122000309,36,37,-1
122000310,19,92,-73
122000311,189,166,23
122000312,98,141,-43
122000313,198,89,109
122000314,86,149,-63
122000315,230,40,190
122000316,676,160,516
122000317,1284,228,1056
122000318,184,398,-214
122000319,150,228,-78
122000320,224,699,-475
122000321,91,110,-19
122000322,1311,1575,-264
122000323,838,1804,-966
122000324,783,871,-88
122000325,729,1531,-802
122000326,106,64,42
122000327,433,718,-285
122000328,635,423,212
122000330,1386,647,739
122000333,9,92,-83
122000337,961,853,108
122000338,344,225,119
122000340,224,397,-173
122000342,1142,669,473
122000343,357,735,-378
122000344,79,11,68
122000345,258,75,183
122000346,252,245,7
122000348,585,455,130
122000349,85,457,-372
122000351,132,180,-48
122000352,235,138,97
122000353,111,45,66
122000355,184,201,-17
122000356,710,769,-59
122000357,48,8,40
122000358,0,43,-43
122000359,0,12,-12
122000360,0,12,-12
122000362,2,43,-41
122000364,121,192,-71
122000365,1,35,-34
122000366,13,5,8
122000368,359,486,-127
122000370,14,24,-10
122000371,26,0,26
122000372,4,1,3
122000381,70,215,-145
122000382,74,295,-221
122000384,1447,743,704
122000385,49,0,49
122000386,180,872,-692
122000387,325,504,-179
122000388,892,542,350
122000389,120,536,-416
122000390,221,152,69
122000391,156,114,42
122000392,165,160,5
122000393,311,286,25
122000394,406,180,226
122000395,150,97,53
122000396,253,86,167
122000397,20,24,-4
122000398,9,54,-45
122000399,149,40,109
122000400,60,431,-371
122000401,91,53,38
122000402,233,116,117
122000403,373,483,-110
122000404,153,120,33
122000408,569,821,-252
122000503,7,76,-69
122000524,139,100,39
122000544,50,1727,-1677
122000614,328,364,-36
122000616,196,3,193
122000640,56,51,5
122000641,133,150,-17
122000642,885,575,310
122000643,33,111,-78
122000644,96,35,61
122000645,73,114,-41
122000651,698,747,-49
122000664,105,21,84
122000665,856,423,433
122000666,615,778,-163
122000673,37,138,-101
122000674,201,41,160
122000675,1480,612,868
122000686,567,713,-146
122000687,1467,205,1262
122000688,216,373,-157
122000689,875,227,648
122000690,2036,282,1754
122000691,603,863,-260
122000692,1025,272,753
122000693,325,982,-657
122000695,289,226,63
122000696,396,121,275
122000698,384,382,2
122000699,100,41,59
122000701,1199,246,953
122000702,368,660,-292
122000703,125,51,74
122000712,0,0,0
122000717,73,46,27
122000718,652,1623,-971
122000719,71,68,3
122000720,530,120,410
122000724,235,178,57
122900001,35,3,32
122900002,673,3904,-3231
122900003,255,24,231
122900004,752,47,705
122900005,98,47,51
122900006,280,275,5
122900007,107,61,46
122900008,215,142,73
122900009,383,309,74
122900010,118,68,50
122900012,150,294,-144
122900014,124,156,-32
122900015,732,704,28
122900016,104,145,-41
122900017,231,527,-296
122900018,103,23,80
122900020,127,246,-119
122900021,47,288,-241
122900022,721,522,199
122900023,272,93,179
122900024,117,72,45
122900025,15,168,-153
122900026,23,159,-136
122900027,36,417,-381
122900028,91,135,-44
122900029,2885,1914,971
122900030,677,392,285
122900031,25,185,-160
122900032,72,259,-187
122900033,185,104,81
122900034,2895,3388,-493
122900035,12,21,-9
122900036,35,46,-11
122900037,250,98,152
122900038,85,1973,-1888
122900039,89,360,-271
122900040,152,347,-195
122900041,252,215,37
122900042,151,210,-59
122900043,217,174,43
122900044,80,176,-96
122900045,82,87,-5
122900046,159,191,-32
122900047,86,155,-69
122900048,34,137,-103
122900049,975,100,875
122900051,67,76,-9
122900052,92,146,-54
122900053,33,18,15
122900055,224,82,142
122900057,173,50,123
122900061,352,122,230
122900062,491,391,100
122900063,137,126,11
122900064,596,257,339
122900065,425,185,240
122900066,605,266,339
122900067,670,412,258
122900069,288,835,-547
122900070,257,33,224
122900071,86,174,-88
122900073,20,178,-158
122900074,609,302,307
122900075,0,33,-33
122900076,6,114,-108
122900077,6,83,-77
122900078,171,40,131
122900080,43,53,-10
122900081,122,119,3
122900082,686,161,525
122900083,122,109,13
122900084,6,122,-116
122900086,9,87,-78
122900087,308,303,5
122900088,23,138,-115
122900089,130,216,-86
122900090,5,251,-246
122900091,215,3,212
122900092,0,64,-64
122900093,0,135,-135
122900094,0,98,-98
122900095,113,14,99
122900096,199,119,80
122900097,24,33,-9
122900098,59,81,-22
122900099,86,13,73
122900100,82,153,-71
122900101,328,174,154
122900102,12,25,-13
122900103,174,5,169
122900104,198,6,192
122900105,12,9,3
122900106,2,31,-29
122900107,1,89,-88
122900108,0,109,-109
122900109,177,82,95
123000001,900,363,537
123000002,2354,4127,-1773
123000003,2797,3435,-638
123000004,2285,2967,-682
123000005,2053,2162,-109
123000006,1639,1668,-29
123000007,3420,2264,1156
123000008,2043,2389,-346
123000009,3333,2079,1254
123000010,2460,2489,-29
123000011,1437,611,826
123000012,553,1457,-904
123000013,2497,729,1768
123000014,590,2177,-1587
123000015,1548,744,804
123000016,2442,2883,-441
123000017,2749,1424,1325
123000018,62,70,-8
123000019,301,112,189
123000020,199,28,171
123000021,120,114,6
123000022,231,1188,-957
123000023,1394,1414,-20
123000024,1365,479,886
123000025,275,81,194
123000026,28,48,-20
123000027,108,426,-318
123000028,772,735,37
123000029,505,995,-490
123000030,205,170,35
123000031,226,180,46
123000032,292,92,200
123000033,245,71,174
123000034,871,577,294
123000035,329,305,24
123000036,232,676,-444
123000037,288,230,58
123000038,40,204,-164
123000039,300,1338,-1038
123000040,560,232,328
123000041,855,968,-113
123000042,645,526,119
123000043,1592,7966,-6374
123000044,2879,1792,1087
123000045,4005,2006,1999
123000046,418,1130,-712
123000047,989,765,224
123000048,59,750,-691
123000049,3893,7305,-3412
123000050,1189,1163,26
123000051,97,175,-78
123000052,644,2482,-1838
123000053,1944,2026,-82
123000054,1354,1033,321
123000055,974,1820,-846
123000056,1122,1110,12
123000057,5204,4460,744
123000058,504,794,-290
123000059,319,360,-41
123000060,753,332,421
123000061,217,584,-367
123000063,718,718,0
123000064,693,190,503
123000065,2548,1513,1035
123000066,460,418,42
123000067,899,555,344
123000068,1900,1763,137
123000069,4430,1860,2570
123000070,200,453,-253
123000071,909,587,322
123000072,806,559,247
123000073,1233,589,644
123000074,832,628,204
123000075,276,867,-591
123000076,686,423,263
123000077,1484,1436,48
123000078,1323,1092,231
123000079,1335,1323,12
123000080,1691,898,793
123000081,99,260,-161
123000082,272,753,-481
123000083,666,218,448
123000084,508,418,90
123000085,282,87,195
123000086,542,110,432
123000087,255,142,113
123000088,1026,486,540
123000089,514,762,-248
123000090,932,570,362
123000091,1094,1027,67
123000092,734,791,-57
123000094,422,144,278
123000095,414,439,-25
123000096,651,245,406
123000097,379,417,-38
123000098,714,388,326
123000099,539,457,82
123000100,383,447,-64
123000101,383,443,-60
123000102,352,500,-148
123000104,331,388,-57
123000105,373,318,55
123000106,446,458,-12
123000107,295,461,-166
123000108,360,1033,-673
123000111,720,276,444
123000112,958,349,609
123000113,456,715,-259
123000114,253,547,-294
123000115,218,233,-15
123000116,44,77,-33
123000117,1188,1104,84
123000118,374,471,-97
123000119,191,475,-284
123000120,252,437,-185
123000121,385,391,-6
123000122,260,154,106
123000123,361,469,-108
123000124,331,301,30
123000125,833,1004,-171
123000126,833,3029,-2196
123000127,497,435,62
123000128,216,217,-1
123000129,586,164,422
123000130,559,69,490
123000131,820,600,220
123000132,294,431,-137
123000133,176,275,-99
123000134,242,109,133
123000135,1996,923,1073
123000136,167,432,-265
123000137,72,163,-91
123000138,82,231,-149
123000139,409,95,314
123000140,92,406,-314
123000141,545,124,421
123000142,750,787,-37
123000143,837,1313,-476
123000144,36,27,9
123000145,67,100,-33
123000146,14,73,-59
123000147,35,55,-20
123000149,349,340,9
123000150,125,210,-85
123000151,173,354,-181
123000152,77,285,-208
123000153,107,542,-435
123000154,982,1478,-496
123000155,1247,919,328
123000156,19,120,-101
123000157,480,606,-126
123000158,427,701,-274
123000159,2323,2221,102
123000160,854,640,214
123000161,1491,799,692
123000162,1250,1225,25
123000163,398,90,308
123000164,1229,264,965
123000165,341,781,-440
123000166,42,99,-57
123000167,108,173,-65
123000168,230,123,107
123000169,660,83,577
123000170,89,69,20
123000171,620,13,607
123000172,124,260,-136
123000173,385,217,168
123000174,809,322,487
123000175,327,619,-292
123000176,1002,175,827
123000177,215,575,-360
123000178,600,127,473
123000179,32,330,-298
123000180,1246,239,1007
123000181,211,737,-526
123000182,210,201,9
123000183,141,400,-259
123000184,97,221,-124
123000185,652,340,312
123000186,116,344,-228
123000187,453,8,445
123000188,284,37,247
123000189,80,152,-72
123000190,24,212,-188
123000192,45,200,-155
123000193,112,526,-414
123000194,289,256,33
123000195,323,72,251
123000196,287,197,90
123000197,130,106,24
123000198,48,513,-465
123000199,21,463,-442
123000200,396,25,371
123000201,987,58,929
123000202,51,567,-516
123000203,752,72,680
123000204,106,630,-524
123000205,387,956,-569
123000206,1811,274,1537
123000207,71,556,-485
123000208,514,162,352
123000209,1770,482,1288
123000210,398,1276,-878
123000211,396,1225,-829
123000212,2420,418,2002
123000213,444,114,330
123000215,30,178,-148
123000216,102,595,-493
123000217,180,26,154
123000218,48,415,-367
123000219,469,80,389
123000220,325,119,206
123000221,158,41,117
123000222,261,131,130
123000223,198,115,83
123000224,337,255,82
123000225,226,39,187
123000226,65,225,-160
123000227,52,187,-135
123000228,224,36,188
123000229,659,807,-148
123000232,84,382,-298
123000233,560,165,395
123000234,132,407,-275
123000235,915,173,742
123000236,205,430,-225
123000237,249,60,189
123000238,37,248,-211
123000239,302,743,-441
123000240,46,406,-360
123000241,223,34,189
123000242,97,132,-35
123000243,648,654,-6
123000244,642,513,129
123000245,31,104,-73
123000249,228,382,-154
123000252,712,164,548
123000253,1076,419,657
123000254,576,548,28
123000255,853,630,223
123000256,30,175,-145
123000257,1802,1084,718
123000258,886,530,356
123000259,350,312,38
123000260,484,241,243
123000261,175,81,94
123000262,97,141,-44
123000263,421,69,352
123000264,172,58,114
123000265,38,106,-68
123000266,391,417,-26
123000267,589,276,313
123000268,64,46,18
123000269,56,51,5
123000270,26,59,-33
123000271,64,39,25
123000272,596,282,314
123000273,217,511,-294
123000274,982,433,549
123000275,194,500,-306
123000278,1371,1666,-295
123000279,94,90,4
123000280,287,235,52
123000281,299,63,236
123000282,124,194,-70
123000283,115,54,61
123000284,62,48,14
123000286,123,273,-150
123000287,319,221,98
123000288,871,639,232
123000289,378,742,-364
123000291,165,601,-436
123000294,190,231,-41
123000295,804,742,62
123000296,673,369,304
123000297,690,396,294
123000298,604,205,399
123000299,235,231,4
123000300,883,700,183
123000301,136,251,-115
123000302,87,116,-29
123000303,73,182,-109
123000305,641,730,-89
123000306,102,83,19
123000309,50,33,17
123000310,45,30,15
123000311,36,127,-91
123000312,563,466,97
123000313,533,425,108
123000315,107,165,-58
123000316,38,25,13
123000317,209,55,154
123000318,43,146,-103
123000329,12,25,-13
123000337,590,390,200
123000338,187,78,109
123000339,215,47,168
123000340,99,199,-100
123000342,16,65,-49
123000343,42,6,36
123000344,825,294,531
123000345,272,405,-133
123000346,318,42,276
123000352,738,565,173
123000353,40,88,-48
123000354,775,3,772
123000355,1,548,-547
123000356,296,5,291
123000357,3,59,-56
123000359,11,70,-59
123000360,170,116,54
123000361,123,152,-29
123000362,294,47,247
123000363,72,95,-23
123000364,378,396,-18
123000365,29,255,-226
123000366,272,1363,-1091
123000367,198,515,-317
123000370,21,110,-89
123000371,303,18,285
123000372,213,29,184
123000373,5,177,-172
123000374,9,87,-78
123000375,276,91,185
123000376,748,555,193
123000377,215,3,212
123000378,5,141,-136
123000379,3,120,-117
123000380,27,315,-288
123000381,64,75,-11
123000382,542,124,418
123000383,88,881,-793
123000384,311,89,222
123000385,96,339,-243
123000436,9,852,-843
123000507,91,164,-73
123000508,155,921,-766
123000517,159,31,128
123000518,13,203,-190
123000519,97,44,53
123000520,32,145,-113
123000521,245,72,173
123000522,139,203,-64
123000541,6,1,5
123000542,0,12,-12
123000565,775,33,742
123000566,248,350,-102
123000567,56,156,-100
123000573,55,448,-393
123000574,664,62,602
123000575,1153,595,558
123000576,703,895,-192
123000577,49,454,-405
123000578,313,50,263
123000579,1237,4439,-3202
123000580,119,31,88
123000582,289,15,274
123000583,12,189,-177
123000584,101,183,-82
123000585,0,47,-47
123000586,45,0,45
123000596,69,54,15
123000597,51,116,-65
123000602,39,21,18
123000603,703,441,262
123000604,519,361,158
123000605,37,1,36
123000606,0,25,-25
123000609,12,213,-201
123000610,125,118,7
123000613,79,189,-110
123000614,186,43,143
123000615,66,117,-51
123000616,621,59,562
123000617,116,171,-55
123000618,71,387,-316
123000619,385,41,344
123000620,30,289,-259
123000622,371,12,359
123000624,170,90,80
123000630,1269,368,901
123000631,174,712,-538
123000632,525,530,-5
123000633,0,11,-11
123000634,44,113,-69
123000635,61,96,-35
123000636,24,327,-303
123000637,124,20,104
123000638,437,31,406
123000639,555,3443,-2888
123000640,22,305,-283
123000648,388,94,294
123000649,48,229,-181
123000650,136,57,79
123000651,13,52,-39
123000652,595,41,554
123000653,92,150,-58
123000654,124,94,30
123000655,39,209,-170
123000656,99,24,75
123000657,9,80,-71
123000658,250,8,242
123000659,12,1153,-1141
123000660,503,10,493
123000661,631,77,554
123900001,706,19,687
123900002,21,971,-950
123900003,147,210,-63
123900005,129,133,-4
123900006,210,20,190
124000001,1314,99,1215
124000002,3,301,-298
124000003,751,105,646
124000004,53,323,-270
124000005,742,297,445
124000006,153,461,-308
124000007,315,127,188
124000008,13,316,-303
124000009,709,173,536
124000010,183,348,-165
124000011,792,185,607
124000012,176,303,-127
124000017,161,100,61
124000018,75,51,24
124000019,127,87,40
124000020,48,137,-89
124000021,99,51,48
124000022,62,144,-82
124000023,468,128,340
124000024,704,294,410
124000025,496,331,165
124000026,544,267,277
124000027,915,637,278
124000028,1466,543,923
124000031,1487,2849,-1362
124000032,1270,838,432
124000033,967,491,476
124000034,370,768,-398
124000035,339,184,155
124000036,143,441,-298
124000037,261,984,-723
124000038,28,77,-49
124000039,681,485,196
124000040,348,818,-470
124000041,445,102,343
124000042,146,423,-277
124000043,90,102,-12
124000044,73,129,-56
124000045,816,404,412
124000046,225,481,-256
124000047,1499,611,888
124000048,785,790,-5
124000049,1596,469,1127
124000050,714,918,-204
124000051,915,403,512
124000052,492,450,42
124000053,416,1338,-922
124000054,791,258,533
124000055,1069,2315,-1246
124000056,1459,824,635
124000057,899,380,519
124000058,452,742,-290
124000059,548,899,-351
124000060,608,429,179
124000061,1097,4866,-3769
124000062,3200,1139,2061
124000063,801,1028,-227
124000064,1279,941,338
124000065,60,251,-191
124000066,139,49,90
124000067,141,87,54
124000068,63,142,-79
124000069,460,115,345
124000070,186,269,-83
124000071,130,70,60
124000072,133,143,-10
124000073,423,98,325
124000074,232,372,-140
124000075,269,39,230
124000076,22,102,-80
124000077,997,473,524
124000078,1632,1234,398
124000079,286,785,-499
124000080,427,103,324
124000081,159,317,-158
124000082,70,157,-87
124000083,85,84,1
124000084,60,430,-370
124000085,55,45,10
124000086,32,76,-44
124000087,131,92,39
124000088,112,244,-132
124000089,682,213,469
124000090,144,233,-89
124000091,579,92,487
124000092,144,391,-247
124000093,111,134,-23
124000094,122,371,-249
124000095,105,121,-16
124000096,114,115,-1
124000097,114,192,-78
124000098,109,64,45
124000099,185,78,107
124000100,39,103,-64
124000101,106,139,-33
124000102,78,32,46
124000103,114,91,23
124000104,75,34,41
124000105,97,82,15
124000106,108,56,52
124000107,13,164,-151
124000108,42,24,18
124000109,160,107,53
124000110,153,78,75
124000111,160,129,31
124000112,546,331,215
124000113,82,80,2
124000114,274,238,36
124000115,274,426,-152
124000116,98,126,-28
124000117,54,47,7
124000118,27,90,-63
124000119,532,368,164
124000120,371,311,60
124000121,1475,719,756
124000122,418,1053,-635
124000123,742,355,387
124000124,317,748,-431
124000125,286,303,-17
124000126,231,419,-188
124000127,562,258,304
124000128,428,470,-42
124000129,1618,1111,507
124000130,533,377,156
124000131,719,418,301
124000132,617,485,132
124000133,733,516,217
124000134,630,405,225
124000135,1163,1180,-17
124000136,647,666,-19
124000137,843,616,227
124000138,772,822,-50
124000139,891,80,811
124000140,72,370,-298
124000141,782,41,741
124000142,45,393,-348
124000143,163,13,150
124000144,9,145,-136
124000145,215,66,149
124000146,40,111,-71
124000148,14,104,-90
124000149,962,434,528
124000150,279,529,-250
124000151,564,201,363
124000152,418,738,-320
124000153,768,546,222
124000154,419,493,-74
124000155,1029,747,282
124000156,966,665,301
124000169,165,246,-81
124000170,298,296,2
124000171,230,157,73
124000172,277,304,-27
124000173,365,153,212
124000174,342,324,18
124000175,14,78,-64
124000176,52,12,40
124000177,7,39,-32
124000178,83,44,39
124000185,30,9,21
124000186,2,42,-40
124000187,9,43,-34
124000188,84,11,73
124000190,85,64,21
124000191,110,203,-93
124000192,1109,300,809
124000193,200,575,-375
124000194,300,221,79
124000195,321,387,-66
124000196,617,598,19
124000197,43,28,15
124000198,32,45,-13
124000201,245,434,-189
124000202,579,243,336
124000203,235,340,-105
124000204,794,124,670
124000205,66,265,-199
124000206,701,243,458
124000207,0,35,-35
124000209,126,172,-46
124000210,514,88,426
124000211,584,4,580
124000212,0,207,-207
124000213,322,151,171
124000214,356,284,72
124000215,641,46,595
124000216,2,285,-283
124000329,119,891,-772
124000338,55,388,-333
124000339,888,82,806
124000341,1444,61,1383
124000344,38,3,35
124000357,1398,2981,-1583
124000358,1291,2085,-794
124000359,1100,554,546
124000360,866,463,403
124000361,1336,665,671
124000362,772,897,-125
124000363,276,256,20
124000364,491,495,-4
124000365,505,658,-153
124000366,1277,1115,162
124000367,113,296,-183
124000368,378,318,60
124000369,119,99,20
124000370,29,269,-240
124000402,31,14,17
124000403,134,13,121
124000404,11,47,-36
124000405,716,430,286
124000406,490,483,7
124000407,3,37,-34
124000411,6,179,-173
124000412,420,9,411
124000413,140,17,123
124000414,99,86,13
124000415,38,54,-16
124000416,122,100,22
124000417,151,76,75
124000418,140,72,68
124000419,84,65,19
124000420,102,37,65
124000421,59,65,-6
124000422,23,14,9
124000423,94,25,69
124000424,10,82,-72
124000425,98,21,77
124000426,6,130,-124
124000427,116,6,110
124000428,16,55,-39
124000429,71,34,37
124000430,538,358,180
124000431,273,271,2
124000432,215,579,-364
124000439,51,1,50
124000443,2,29,-27
124000445,221,1251,-1030
124000446,788,149,639
124000447,16,132,-116
124000448,82,7,75
124000449,203,12,191
124000450,30,94,-64
124000451,6,51,-45
124000452,350,91,259
124000453,2063,3230,-1167
124000454,1572,3345,-1773
124000455,4,675,-671
124000456,857,7,850
124000457,6,334,-328
124000458,3,188,-185
124000459,308,3,305
124000460,8,99,-91
124900001,515,294,221
124900002,115,160,-45
124900003,611,280,331
124900004,675,332,343
124900005,148,73,75
124900006,662,234,428
124900008,1067,501,566
124900009,136,230,-94
124900010,107,114,-7
124900011,424,205,219
124900012,328,102,226
124900013,541,176,365
124900014,334,82,252
124900015,111,252,-141
124900016,106,60,46
124900017,480,1813,-1333
124900018,275,50,225
124900020,66,46,20
124900021,220,23,197
124900022,277,9,268
124900024,234,2,232
124900026,75,13,62
124900027,80,292,-212
124900028,183,56,127
124900030,7,58,-51
124900031,18,119,-101
124900033,113,129,-16
124900035,199,239,-40
124900036,5,47,-42
124900037,160,136,24
124900038,151,182,-31
124900039,1,53,-52
124900040,49,48,1
124900041,254,552,-298
124900042,72,21,51
124900043,211,346,-135
124900044,71,2,69
124900045,505,727,-222
124900047,126,115,11
124900050,303,257,46
124900052,100,256,-156
124900053,187,282,-95
124900054,1452,471,981
124900055,0,133,-133
124900057,17,348,-331
124900060,43,149,-106
124900061,179,17,162
124900062,165,20,145
124900066,1,16,-15
124900067,27,234,-207
124900068,167,336,-169
124900070,50,20,30
124900072,226,97,129
124900075,290,477,-187
124900076,79,1167,-1088
124900077,68,187,-119
124900078,71,5,66
124900080,312,391,-79
124900081,873,254,619
124900082,345,517,-172
124900083,462,535,-73
124900085,631,270,361
124900086,23,914,-891
124900087,414,40,374
124900088,268,60,208
124900089,968,108,860
124900090,250,158,92
124900091,214,152,62
124900092,134,122,12
124900093,273,110,163
124900094,347,150,197
124900095,54,311,-257
124900096,275,153,122
124900097,301,40,261
124900098,65,169,-104
124900099,301,244,57
124900100,265,34,231
124900101,96,291,-195
124900102,167,14,153
124900103,141,119,22
124900104,60,97,-37
124900105,126,51,75
124900106,233,32,201
124900107,80,11,69
124900108,290,125,165
124900111,6,271,-265
124900112,49,235,-186
124900113,50,272,-222
124900114,85,120,-35
124900115,130,37,93
124900116,174,152,22
124900117,211,101,110
124900118,108,344,-236
124900119,252,107,145
124900120,54,144,-90
124900121,152,207,-55
124900122,96,160,-64
124900123,292,237,55
124900124,227,425,-198
124900125,610,2,608
124900126,11,361,-350
204000001,133,5,128
204000002,7,6,1
204000003,16,3,13
204000004,9,0,9
204000005,626,532,94
204000006,1034,1073,-39
204000011,21,31,-10
204000012,47,93,-46
204000019,560,320,240
204000020,618,409,209
204000021,989,598,391
204000022,513,313,200
204000023,428,405,23
204000031,43,17,26
204000032,306,28,278
204000034,58,93,-35
204000035,1,5,-4
204000036,5,16,-11
204000037,4,9,-5
204000038,0,13,-13
204000039,8,11,-3
204000040,5,6,-1
204000041,8,11,-3
204000042,15,12,3
204000043,42,4,38
204000044,22,4,18
204000045,44,1,43
204000046,8,1,7
204000057,6,4,2
204000062,49,41,8
204000068,58,252,-194
204000069,106,272,-166
204000070,63,74,-11
204000080,34,74,-40
204000085,1838,938,900
204000086,1939,1182,757
204000087,34,9,25
204000088,10,76,-66
204000090,233,164,69
204000093,369,95,274
204000096,769,944,-175
204000097,416,46,370
204000099,861,1326,-465
204000100,1259,1656,-397
204000105,1802,806,996
204000110,361,610,-249
204000111,360,403,-43
204000112,525,345,180
204000113,312,378,-66
204000114,536,572,-36
204000115,555,265,290
204000116,491,411,80
204000119,1725,2072,-347
204000132,772,296,476
204000133,904,172,732
204000134,192,81,111
204000135,574,64,510
204000136,684,192,492
204000138,362,458,-96
204000140,209,133,76
204000141,178,94,84
204000144,17,15,2
204000145,444,34,410
204000146,17,212,-195
204000147,64,135,-71
204000148,247,19,228
204000154,3,2,1
204000155,1,6,-5
204000177,59,38,21
204000179,2,0,2
204000180,0,2,-2
204000222,0,3,-3
204000235,57,5,52
204000236,33,195,-162
204000238,24,33,-9
204000240,332,49,283
204000263,650,680,-30
204000268,914,636,278
204000308,139,43,96
204000317,41,40,1
204000322,49,23,26
204000323,13,12,1
204000328,209,92,117
204000329,147,160,-13
204000330,182,82,100
204000331,175,90,85
204000352,99,2,97
205000001,709,1286,-577
205000013,2,72,-70
205000014,10,81,-71
205000015,22,153,-131
205000016,14,112,-98
205000017,16,67,-51
205000022,330,638,-308
205000025,1252,835,417
205000029,197,11,186
205000045,120,474,-354
205000046,121,510,-389
205000047,36,330,-294
205000048,332,810,-478
205000049,161,589,-428
205000050,475,253,222
205000059,0,155,-155
205000060,0,76,-76
205000061,1,188,-187
205000062,1,154,-153
205000063,27,139,-112
205000064,28,74,-46
205000065,49,482,-433
205000066,127,579,-452
205000067,37,725,-688
205000069,185,9,176
205000082,146,175,-29
205000110,63,184,-121
205000111,225,182,43
205000112,152,195,-43
205000113,167,305,-138
205000121,176,40,136
205000123,38,155,-117
205000126,406,53,353
205000127,825,135,690
205000128,422,42,380
205000129,797,75,722
205000130,119,17,102
205000131,71,9,62
205000132,88,0,88
205000133,76,0,76
205000134,227,1,226
205000137,58,96,-38
205000138,112,246,-134
205000139,34,116,-82
205000144,76,56,20
205000145,239,165,74
205000151,129,24,105
205000152,135,18,117
205000153,260,23,237
205000154,82,42,40
205000155,123,4,119
205000207,6,121,-115
205000233,30,0,30
205000234,0,1,-1
205000243,0,0,0
205000244,0,5,-5
205000245,5,97,-92
205000249,0,7,-7
205000250,9,2,7
205000264,9,51,-42
206000027,2,2,0
206000028,2,1,1
206000043,5,27,-22
206000053,1,13,-12
206000054,1,12,-11
206000055,2,10,-8
206000075,1,18,-17
206000076,10,15,-5
206000077,11,8,3
206000078,10,6,4
206000079,22,8,14
206000082,263,66,197
206000100,15,194,-179
206000103,15,11,4
206000104,15,18,-3
206000105,7,6,1
206000106,16,14,2
206000125,44,0,44
206000157,42,283,-241
206000170,2,87,-85
206000171,4,127,-123
206000172,5,180,-175
206000173,2,102,-100
206000174,7,28,-21
206000175,4,45,-41
206000176,11,83,-72
206000177,0,70,-70
206000178,3,122,-119
206000179,2,23,-21
206000180,5,42,-37
206000181,3,56,-53
206000182,5,53,-48
206000183,17,200,-183
206000184,16,145,-129
206000185,10,68,-58
206000186,91,437,-346
206000223,6,119,-113
206000226,9,7,2
206000227,21,3,18
206000237,24,143,-119
206000238,13,278,-265
206000239,194,960,-766
206000240,4,43,-39
206000241,1,32,-31
206000242,12,96,-84
206000243,9,86,-77
206000244,71,215,-144
206000245,935,85,850
206000246,291,12,279
206000247,266,10,256
206000248,374,18,356
206000252,39,45,-6
206000258,24,25,-1
206000315,23,12,11
206000317,560,96,464
206000318,592,71,521
206000319,1543,113,1430
206000320,243,47,196
206000321,250,11,239
206000322,445,34,411
206000323,159,6,153
206000324,140,10,130
206000325,144,26,118
206000326,154,11,143
206000327,128,15,113
206000328,215,2,213
206000329,310,3,307
206000330,45,4,41
206000331,190,2,188
206000332,41,2,39
206000333,657,2,655
206000334,279,15,264
206000335,0,19,-19
206000361,1,83,-82
206000392,4,12,-8
206000405,141,0,141
206000441,23,29,-6
206000498,51,3,48
206000515,51,45,6
206000530,300,77,223
206000531,214,205,9
206000532,1418,299,1119
206000535,125,1119,-994
206000536,27,97,-70
206000537,14,109,-95
206000613,1269,212,1057
206000784,387,38,349
207000001,164,531,-367
207000002,89,226,-137
207000003,161,128,33
207000007,1110,222,888
207000008,132,10,122
207000009,69,83,-14
207000010,331,235,96
207000012,399,193,206
207000015,167,637,-470
207000019,190,58,132
207000021,411,159,252
207000022,121,125,-4
207000023,174,37,137
207000024,4,12,-8
207000025,19,51,-32
207000026,75,40,35
207000027,22,35,-13
207000028,44,98,-54
207000029,130,269,-139
207000033,176,374,-198
207000034,196,113,83
207000039,457,66,391
207000040,420,66,354
207000041,74,18,56
207000042,188,57,131
207000043,156,133,23
207000051,88,130,-42
207000052,28,79,-51
207000053,358,399,-41
207000054,31,62,-31
207000055,211,118,93
207000056,305,220,85
207000057,165,240,-75
207000058,164,207,-43
207000059,147,305,-158
207000060,79,136,-57
207000061,188,626,-438
207000062,372,34,338
207000063,416,90,326
207000064,292,115,177
207000065,332,147,185
207000066,213,133,80
207000067,30,85,-55
207000068,114,63,51
207000069,577,198,379
207000082,2,147,-145
207000083,66,125,-59
207000084,296,213,83
207000085,244,23,221
207000086,257,8,249
207000106,35,23,12
207000107,71,18,53
207000108,78,10,68
207000109,71,20,51
207000110,52,77,-25
207000111,66,77,-11
207000112,105,655,-550
207000114,27,23,4
207000115,28,38,-10
207000116,20,326,-306
207000117,7,68,-61
207000118,6,38,-32
207000119,21,53,-32
207000123,140,24,116
207000124,66,21,45
207000125,65,42,23
207000126,40,50,-10
207000134,84,112,-28
207000135,39,142,-103
207000148,69,317,-248
207000149,66,24,42
207000152,82,298,-216
207000153,581,1073,-492
207000154,337,96,241
207000159,98,100,-2
207000160,136,202,-66
207000238,1,189,-188
207000242,5,112,-107
207000248,33,22,11
207000249,129,26,103
207000250,411,55,356
207000251,95,68,27
207000252,80,51,29
207000278,122,61,61
207000279,33,62,-29
207000280,739,90,649
207000281,111,446,-335
207000282,109,108,1
207000283,44,184,-140
207000284,46,300,-254
207000285,64,79,-15
207000291,14,67,-53
207000304,93,68,25
207000306,60,302,-242
207000310,86,58,28
207000353,295,10,285
207000356,16,21,-5
207000357,8,13,-5
207000358,1,14,-13
207000415,5,102,-97
207000416,298,64,234
207000417,94,5,89
207000418,98,92,6
207000438,0,0,0
207000439,551,662,-111
207000446,151,7,144
207000460,45,5,40
207000466,130,123,7
207000467,319,70,249
207000468,95,182,-87
207000476,3,46,-43
207000477,535,39,496
207000478,1,25,-24
207000523,0,16,-16
207000524,108,0,108
207000527,106,132,-26
207000530,517,7,510
207000531,401,9,392
207000532,50,22,28
207000534,298,51,247
207000535,44,311,-267
207000537,21,64,-43
207000540,6,120,-114
207000541,2,214,-212
207000548,11,179,-168
207000549,325,18,307
207000561,194,180,14
207000562,35,117,-82
207000567,147,145,2
207000568,205,39,166
207000569,494,331,163
207000584,185,107,78
207000585,47,295,-248
207000587,191,19,172
207000616,0,54,-54
207000617,118,0,118
207000624,67,56,11
207000631,10,101,-91
208000001,475,867,-392
208000002,741,386,355
208000003,962,307,655
208000004,885,569,316
208000005,3,5,-2
208000019,460,763,-303
208000020,148,354,-206
208000021,164,193,-29
208000022,763,319,444
208000028,569,934,-365
208000033,537,369,168
208000034,714,802,-88
208000037,192,7,185
208000040,118,117,1
208000041,529,447,82
208000042,655,478,177
208000047,102,177,-75
208000064,1848,1125,723
208000066,1151,1938,-787
208000070,265,318,-53
208000071,382,574,-192
208000072,352,933,-581
208000080,266,291,-25
208000081,380,95,285
208000082,291,174,117
208000083,149,250,-101
208000084,7,11,-4
208000085,542,401,141
208000086,357,732,-375
208000087,327,594,-267
208000089,954,253,701
208000090,953,386,567
208000093,202,148,54
208000094,671,602,69
208000095,454,182,272
208000104,813,689,124
208000105,597,795,-198
208000114,96,248,-152
208000115,339,212,127
208000116,438,752,-314
208000117,151,147,4
208000118,94,131,-37
208000155,530,679,-149
208000158,917,2602,-1685
208000186,2727,3287,-560
208000204,542,1058,-516
208000205,1252,768,484
208000282,3767,2565,1202
209000004,333,158,175
209000005,47,38,9
209000006,379,156,223
209000007,194,239,-45
209000010,263,99,164
209000011,135,190,-55
209000012,88,105,-17
209000013,189,146,43
209000014,343,587,-244
209000025,301,42,259
209000026,737,95,642
209000027,366,510,-144
209000028,335,370,-35
209000029,396,358,38
209000030,319,708,-389
209000031,1641,1069,572
209000034,146,199,-53
209000035,106,133,-27
209000036,247,84,163
209000037,274,184,90
209000038,117,145,-28
209000039,59,95,-36
209000040,214,232,-18
209000041,169,340,-171
209000042,160,276,-116
209000043,409,620,-211
209000044,308,859,-551
209000045,1007,290,717
209000046,424,327,97
209000047,302,157,145
209000048,391,234,157
209000049,84,46,38
209000050,167,73,94
209000051,259,150,109
209000052,134,136,-2
209000062,38,50,-12
209000063,60,51,9
209000064,41,46,-5
209000065,87,20,67
209000066,91,19,72
209000067,71,43,28
209000080,14,131,-117
209000082,54,31,23
209000091,19,75,-56
209000093,39,36,3
209000094,106,131,-25
209000110,27,97,-70
209000111,442,1247,-805
209000112,921,447,474
209000113,1400,436,964
209000114,681,334,347
209000115,82,75,7
209000116,305,228,77
209000118,20,28,-8
209000119,17,9,8
209000121,87,296,-209
209000135,48,173,-125
209000142,602,1467,-865
209000143,40,32,8
209000144,29,88,-59
209000229,209,91,118
209000240,26,167,-141
209000259,55,68,-13
209000260,49,552,-503
209000261,17,330,-313
209000262,4,230,-226
209000263,0,168,-168
209000264,1,259,-258
209000265,324,1,323
209000266,91,0,91
209000267,763,6,757
209000268,418,60,358
210000037,47,24,23
210000047,108,17,91
210000048,83,20,63
210000049,41,2,39
210000052,48,30,18
210000053,12,22,-10
210000054,42,44,-2
210000070,116,8,108
210000071,109,1,108
210000072,16,0,16
210000073,0,11,-11
210000074,0,66,-66
210000075,4,52,-48
210000076,1,78,-77
210000077,7,29,-22
210000078,13,28,-15
210000079,34,10,24
210000080,56,61,-5
210000081,105,13,92
210000082,65,3,62
210000083,52,0,52
210000084,20,0,20
210000085,0,30,-30
210000086,0,44,-44
210000099,24,192,-168
210000100,37,126,-89
210000101,58,133,-75
210000105,20,120,-100
210000159,1,110,-109
210000163,90,165,-75
210000164,250,168,82
210000168,147,65,82
210000187,0,9,-9
210000188,0,9,-9
210000214,17,0,17
210000219,32,30,2
210000220,109,29,80
210000232,3,14,-11
210000233,19,62,-43
210000234,25,95,-70
210000235,44,32,12
210000245,0,36,-36
210000246,22,2,20
210000258,9,43,-34
210000259,264,48,216
210000282,57,175,-118
210000285,4,98,-94
210000286,10,69,-59
210000290,19,10,9
210000295,36,76,-40
210000296,33,21,12
210000320,168,35,133
210000321,121,36,85
210000338,43,45,-2
210000339,193,895,-702
210000340,68,303,-235
210000341,144,209,-65
210000342,168,149,19
210000343,149,138,11
210000344,105,96,9
210000345,83,125,-42
210000346,65,90,-25
210000347,31,50,-19
210000348,93,18,75
210000349,47,11,36
210000350,115,47,68
210000351,144,69,75
210000352,62,38,24
210000353,53,68,-15
210000354,51,65,-14
210000355,34,63,-29
210000356,24,41,-17
210000357,42,37,5
210000358,174,127,47
210000359,52,63,-11
210000360,105,121,-16
210000361,138,138,0
210000362,275,126,149
210000363,525,173,352
210000364,88,113,-25
210000365,117,56,61
210000366,139,59,80
210000367,62,29,33
210000368,155,23,132
210000369,15,14,1
210000370,42,32,10
210000372,37,16,21
210000373,30,14,16
210000374,51,23,28
210000375,19,39,-20
210000376,58,78,-20
210000404,34,74,-40
210000439,44,35,9
210000472,82,2,80
210000482,40,100,-60
210000564,210,233,-23
210000567,1,27,-26
210000568,223,2,221
211000092,33,28,5
211000094,23,6,17
211000169,216,17,199
211000172,5,138,-133
211000209,1,15,-14
211000226,3,26,-23
211000270,45,23,22
211000275,9,13,-4
211000276,62,8,54
211000279,17,14,3
211000281,45,29,16
211000302,25,62,-37
211507980,0,42,-42
211977296,31,7,24
212000003,135,41,94
212000004,29,22,7
212000005,14,33,-19
212000006,26,25,1
212000008,131,86,45
212000009,21,66,-45
212000012,90,59,31
212000013,30,35,-5
212000014,188,109,79
212000015,255,158,97
212000016,412,361,51
212000027,441,292,149
212000028,308,306,2
212000029,192,201,-9
212000030,41,20,21
212000031,48,33,15
212000048,18,139,-121
212000049,17,78,-61
212000050,15,6,9
212000051,173,117,56
212000052,155,161,-6
212000053,314,283,31
212000054,241,83,158
212000055,230,109,121
212000056,17,37,-20
212000057,9,16,-7
212000058,174,25,149
212000070,109,108,1
212000077,132,324,-192
212000099,255,208,47
212000108,223,121,102
212000111,250,96,154
212000120,72,44,28
212000138,157,17,140
212000156,7,53,-46
212000158,7,15,-8
212000159,437,26,411
212000160,614,183,431
212000161,66,21,45
212000310,65,8,57
212000311,18,75,-57
212000374,32,6,26
213000001,37,208,-171
213000005,332,125,207
213000006,764,255,509
213000007,92,9,83
213000009,587,374,213
213000010,187,266,-79
213000011,150,70,80
213000012,82,171,-89
213000014,50,15,35
213000015,176,5,171
213000016,349,2,347
213000017,63,0,63
213000018,3,98,-95
213000019,1,91,-90
213000020,84,223,-139
213000021,6,77,-71
213000023,256,181,75
213000033,240,1296,-1056
213000034,576,121,455
213000035,119,180,-61
213000045,133,205,-72
213000046,146,106,40
213000047,447,1076,-629
213000056,70,23,47
213000069,13,0,13
213000073,1,41,-40
213000074,49,301,-252
213000075,426,6,420
213000076,23,1,22
213000085,2,28,-26
213000086,25,118,-93
213000091,215,18,197
213000092,62,9,53
213000099,181,780,-599
213000100,1057,224,833
213000101,426,75,351
213000102,446,215,231
213000103,789,617,172
213000104,88,248,-160
213000105,5,148,-143
213000106,27,87,-60
213000107,144,342,-198
213000108,28,255,-227
213000109,11,165,-154
213000110,17,51,-34
213000111,2,33,-31
213000112,111,95,16
213000115,61,11,50
213000116,29,259,-230
213000117,6,537,-531
213000118,315,185,130
213000119,40,400,-360
213000120,83,315,-232
213000122,123,302,-179
213000123,281,672,-391
213000124,105,694,-589
213000125,91,20,71
213000126,46,65,-19
213000127,78,150,-72
213000128,197,729,-532
213000129,193,626,-433
213000130,581,363,218
213000132,408,108,300
213000133,597,94,503
213000134,872,24,848
213000136,446,21,425
213000137,568,62,506
213000139,264,23,241
213000147,46,11,35
213000148,14,14,0
213000149,33,7,26
213000150,0,122,-122
213000151,1,79,-78
213000152,0,83,-83
213000153,3,133,-130
213000154,31,161,-130
213000155,31,121,-90
213000156,108,322,-214
213000157,421,280,141
213000158,196,545,-349
213000159,281,339,-58
213000163,905,94,811
213000165,699,232,467
213000171,39,74,-35
213000172,47,132,-85
213000173,6,48,-42
213000174,1,12,-11
213000175,43,18,25
213000176,6,89,-83
213000177,1,11,-10
213000178,24,4,20
213000179,132,19,113
213000180,169,51,118
213000182,73,3,70
213000184,89,275,-186
213000188,311,94,217
213000189,371,44,327
213000190,712,495,217
213000191,353,253,100
213000192,228,274,-46
213000193,576,126,450
213000194,0,101,-101
213000195,12,286,-274
213000196,200,904,-704
213000197,401,367,34
213000198,25,1,24
213000200,119,527,-408
213000201,62,40,22
213000202,13,438,-425
213000203,2334,420,1914
213000204,690,55,635
213000205,200,65,135
213000206,376,22,354
213000207,88,8,80
213000208,67,0,67
213000209,98,1,97
213000210,239,1,238
213000211,7,14,-7
213000212,12,33,-21
213000213,15,44,-29
213000218,1079,1319,-240
213000219,387,10,377
213000220,402,10,392
213000223,127,233,-106
213000224,41,63,-22
213000225,64,10,54
213000226,72,9,63
213000227,822,187,635
213000228,375,81,294
213000229,156,37,119
213000230,557,46,511
213000232,51,821,-770
213000233,8,64,-56
213000234,1,56,-55
213000293,18,64,-46
213000294,113,36,77
213000295,9,136,-127
213000296,34,19,15
213000297,9,55,-46
213000298,13,57,-44
213000299,35,28,7
213000300,8,9,-1
213000303,8,29,-21
213000304,6,14,-8
213000305,2,25,-23
213000306,36,15,21
213000307,91,38,53
213000308,60,114,-54
213000309,125,48,77
213000310,295,112,183
213000311,242,470,-228
213000315,80,75,5
213000316,143,28,115
213000322,22,23,-1
213000323,14,28,-14
213000340,134,312,-178
213000341,583,116,467
213000346,134,142,-8
213000347,405,261,144
213000348,11,117,-106
213000349,17,14,3
213000350,254,540,-286
213000366,80,185,-105
213000367,200,24,176
213000379,83,48,35
213000386,7,242,-235
213000406,72,281,-209
213000417,972,350,622
213000425,104,14,90
213000426,110,32,78
213000427,25,95,-70
213000428,48,94,-46
213000429,6,3,3
213000430,116,370,-254
213000431,27,2,25
213000432,4,38,-34
213000433,3,86,-83
213000434,61,42,19
213000435,80,67,13
213000439,42,10,32
213000441,5,2,3
213000443,282,233,49
213000445,0,70,-70
213000446,0,28,-28
213000447,2,31,-29
213000448,5,106,-101
213000449,402,2,400
213000450,13,20,-7
213000451,196,58,138
213000452,12,13,-1
213000453,35,203,-168
213000455,222,3,219
213000456,1,284,-283
213000481,10,9,1
213000482,60,2,58
213000489,247,63,184
213000491,0,156,-156
213000492,97,1,96
213000493,1,64,-63
213000494,152,77,75
213000496,252,112,140
213000497,28,145,-117
213000498,58,89,-31
213000499,97,164,-67
213000500,254,49,205
213000501,116,16,100
213000502,127,56,71
213000503,1,35,-34
213000504,6,42,-36
213000505,4,67,-63
213000506,0,4,-4
213000507,1,85,-84
213900244,51,0,51
213900245,0,14,-14
218000003,8,17,-9
218000004,25,34,-9
218000005,44,35,9
218000006,40,31,9
218000007,9,4,5
218000012,127,134,-7
218000013,88,139,-51
218000014,332,443,-111
218000019,599,407,192
218000020,231,353,-122
218000040,6,11,-5
218000046,52,99,-47
218000047,6,124,-118
218000048,34,101,-67
218000049,72,104,-32
218000050,278,225,53
218000051,54,230,-176
218000052,2,93,-91
218000053,4,21,-17
218000054,4,61,-57
218000055,2,21,-19
218000056,18,27,-9
218000057,1,18,-17
218000064,1,10,-9
218000065,98,19,79
218000066,8,32,-24
218000067,47,43,4
218000068,114,30,84
218000069,230,138,92
218000070,137,129,8
218000071,183,133,50
218000072,156,130,26
218000078,874,417,457
218000079,132,60,72
218000080,124,43,81
218000081,384,110,274
218000082,40,63,-23
218000083,66,34,32
218000084,115,75,40
218000085,143,158,-15
218000086,80,75,5
218000087,164,82,82
218000090,17,123,-106
218000091,946,409,537
218000092,66,116,-50
218000093,71,44,27
218000094,424,462,-38
218000099,205,566,-361
218000100,239,203,36
218000101,262,90,172
218000102,450,150,300
218000103,103,59,44
218000104,90,31,59
218000105,21,11,10
218000106,7,7,0
218000107,55,48,7
218000108,0,25,-25
218000112,52,19,33
218000117,28,50,-22
218000134,417,321,96
218000135,45,63,-18
218000136,131,84,47
218000137,126,84,42
218000138,26,76,-50
218000139,158,210,-52
218000140,386,232,154
218000141,69,61,8
218000142,171,133,38
218000143,73,189,-116
218000144,35,87,-52
218000145,367,233,134
218000146,99,144,-45
218000151,16,9,7
218000152,123,32,91
218000170,7,33,-26
218000171,44,10,34
218000172,13,3,10
218000173,17,14,3
218000174,12,3,9
218000176,186,13,173
218000177,318,120,198
218000178,69,103,-34
218000179,190,36,154
218000180,73,16,57
218000181,156,22,134
218000187,10,22,-12
218000188,40,29,11
218000189,32,43,-11
218000190,0,4,-4
218000191,183,40,143
218000192,192,121,71
218000193,340,215,125
218000194,74,151,-77
218000195,116,44,72
218000196,323,177,146
218000197,320,171,149
218000198,20,82,-62
218000199,31,20,11
218000200,57,33,24
218000201,11,7,4
218000202,71,286,-215
218000207,8,24,-16
218000208,20,14,6
218000211,48,16,32
218000213,63,126,-63
218000214,8,28,-20
218000215,42,38,4
218000217,6,90,-84
218000218,170,67,103
218000219,20,27,-7
218000220,65,279,-214
218000221,476,155,321
218000222,6,37,-31
218000223,14,277,-263
218000224,4,109,-105
218000225,118,13,105
218000226,94,30,64
218000232,42,31,11
218000239,110,7,103
218000240,8,6,2
218000241,20,1,19
218000242,14,2,12
218000243,19,4,15
218000244,43,4,39
218000245,26,4,22
218000246,1,1,0
218000247,7,0,7
218000248,0,22,-22
218000249,1,5,-4
218000250,1,6,-5
218000251,4,16,-12
218000252,4,93,-89
218000253,4,79,-75
218000254,0,24,-24
218000255,3,22,-19
218000256,16,73,-57
218000267,288,731,-443
218000268,11,39,-28
218000269,3,12,-9
218000270,80,27,53
218000271,25,35,-10
218000273,21,13,8
218000274,36,8,28
218000275,48,39,9
218000276,13,24,-11
218000278,21,43,-22
218000279,95,33,62
218000280,5,37,-32
218000281,21,8,13
218000282,495,435,60
218000284,94,9,85
218000301,71,78,-7
218000302,50,34,16
218000303,10,39,-29
218000316,775,705,70
218000317,1197,602,595
218000318,743,522,221
218000319,1015,551,464
218000320,882,446,436
218000338,40,34,6
218000345,67,44,23
218000346,40,145,-105
218000459,34,243,-209
218000490,25,34,-9
218000501,110,22,88
218000502,40,48,-8
218000503,124,15,109
218000504,245,24,221
218000505,32,140,-108
218000506,32,239,-207
218000508,1,7,-6
218000510,204,7,197
218000520,84,81,3
218000521,22,27,-5
218000522,0,90,-90
218000523,121,1,120
218000524,9,234,-225
218000525,87,17,70
218000526,16,118,-102
218000529,43,111,-68
218000531,12,15,-3
218000532,18,12,6
218000534,173,15,158
218000537,24,35,-11
218000538,73,160,-87
218000540,105,59,46
218000543,130,46,84
218000544,26,67,-41
218000545,48,56,-8
218000546,39,42,-3
218000547,77,102,-25
218000548,130,74,56
218000549,314,428,-114
218000550,141,192,-51
218000551,56,919,-863
218000552,257,63,194
218000553,55,117,-62
218000554,40,31,9
218000555,24,92,-68
218000556,246,135,111
218000557,220,127,93
218000558,22,0,22
218000559,0,17,-17
218000560,0,34,-34
218000561,17,0,17
218000562,33,143,-110
218000563,149,14,135
218000564,1,62,-61
218000565,96,21,75
218000566,122,32,90
218000567,3,64,-61
218000568,45,6,39
218000569,8,149,-141
218000570,108,9,99
218000571,0,81,-81
218000572,191,5,186
218000573,12,198,-186
218000574,52,27,25
218000575,110,0,110
218000576,3,77,-74
218000577,93,0,93
218000578,0,69,-69
218000579,17,10,7
218000581,3,25,-22
218000582,30,1,29
218000583,6,0,6
218000584,0,8,-8
218000585,65,5,60
218000586,6,37,-31
218000587,2,0,2
218000588,1,1,0
218000589,1,0,1
218000590,1,0,1
218000591,8,9,-1
218000592,14,3,11
218000601,3,2,1
218000602,4,2,2
218000603,0,5,-5
218000604,6,0,6
218000605,0,32,-32
218000606,57,0,57
218000607,8,31,-23
218000608,59,15,44
218000609,1,29,-28
218000610,54,5,49
218000611,24,0,24
218000612,0,19,-19
218000613,40,1,39
218000614,2,14,-12
218000615,110,4,106
218000616,5,84,-79
218000617,14,0,14
218000618,0,21,-21
218000619,7,11,-4
218000620,1,17,-16
218000621,4,1,3
218000622,0,36,-36
218000623,42,0,42
218000624,0,48,-48
218000625,6,0,6
218000626,0,7,-7
218000628,157,31,126
218000631,60,24,36
218000632,2,90,-88
218000633,113,1,112
218000634,1,14,-13
218000635,14,7,7
218000636,643,563,80
218000637,870,365,505
218000638,176,35,141
218000639,11,98,-87
218000640,242,19,223
218000641,92,138,-46
218000652,24,62,-38
218000653,115,25,90
218000663,8,209,-201
218000675,58,75,-17
218000680,192,207,-15
218000681,444,163,281
218000691,159,126,33
218000693,301,112,189
218000718,140,949,-809
218000719,440,561,-121
218000720,10,220,-210
218000721,144,26,118
218001147,7,145,-138
218001214,4,30,-26
218001258,279,13,266
218001329,168,94,74
218001330,113,89,24
218001351,19,14,5
218001352,17,17,0
218001353,6,7,-1
218001354,7,13,-6
218001355,26,120,-94
218001356,406,54,352
218001357,40,115,-75
218001358,336,20,316
218001361,543,6,537
218001362,0,162,-162
219000001,34,41,-7
219000002,54,42,12
219000003,62,30,32
219000004,57,50,7
219000017,84,25,59
219000020,162,28,134
219000022,111,2,109
219000023,81,2,79
219000029,5,54,-49
219000034,37,16,21
219000039,51,58,-7
219000040,41,38,3
219000041,120,34,86
219000051,0,31,-31
219000052,0,16,-16
219000053,0,77,-77
219000055,232,1,231
219000056,14,0,14
219000057,48,0,48
219000062,25,83,-58
219000063,67,6,61
219000064,0,66,-66
219000110,317,131,186
219000111,131,54,77
219000112,163,65,98
219000113,172,23,149
219000114,217,61,156
219000116,92,51,41
219000117,124,50,74
219000118,118,71,47
219000123,202,63,139
219000124,104,39,65
219000125,17,20,-3
219000126,87,132,-45
219000127,0,7,-7
219000128,12,89,-77
219000129,21,117,-96
219000130,318,424,-106
219000131,588,867,-279
219000133,36,64,-28
219000134,29,35,-6
219000135,20,61,-41
219000136,82,194,-112
219000138,57,20,37
219000139,19,39,-20
219000140,69,1,68
219000141,48,57,-9
219000142,11,56,-45
219000143,11,56,-45
219000145,23,32,-9
219000146,2,11,-9
219000147,1,17,-16
219000148,1,12,-11
219000149,6,41,-35
219000150,2,35,-33
219000151,1,22,-21
219000157,236,131,105
219000158,149,175,-26
219000161,117,8,109
219000163,893,455,438
219000166,134,143,-9
219000167,128,148,-20
219000168,259,143,116
219000174,422,90,332
219000175,102,0,102
219000176,107,9,98
219000177,47,2,45
219000178,39,1,38
219000179,11,7,4
219000180,32,36,-4
219000182,140,8,132
219000183,70,17,53
219000184,98,6,92
219000185,7,25,-18
219000186,83,32,51
219000187,20,50,-30
219000189,45,146,-101
219000190,70,172,-102
219000191,560,1110,-550
219000192,164,128,36
219000193,156,134,22
219000195,2,44,-42
219000196,6,78,-72
219000198,22,59,-37
219000199,51,151,-100
219000200,50,136,-86
219000201,59,131,-72
219000203,24,102,-78
219000204,90,247,-157
219000205,50,150,-100
219000207,181,231,-50
219000209,29,71,-42
219000210,27,67,-40
219000213,17,95,-78
219000239,121,171,-50
219000240,167,241,-74
219000241,102,119,-17
219000242,35,86,-51
219000243,92,168,-76
219000244,17,47,-30
219000245,15,67,-52
219000246,24,37,-13
219000247,263,44,219
219000248,480,360,120
219000249,115,98,17
219000250,151,79,72
219000251,445,180,265
219000252,189,111,78
219000253,453,103,350
219000255,123,85,38
219000256,273,80,193
219000257,100,0,100
219000262,72,108,-36
219000263,51,97,-46
219000267,2,61,-59
219000268,0,0,0
219000269,6,5,1
219000270,16,0,16
219000271,162,3,159
219000278,0,10,-10
219000279,1,3,-2
219000283,0,8,-8
219000295,10,81,-71
219000296,74,237,-163
219000297,7,89,-82
219000298,13,71,-58
219000299,392,41,351
219000300,13,144,-131
219000301,236,236,0
219000302,42,209,-167
219000307,42,49,-7
219000308,56,42,14
219000311,149,55,94
219000312,607,131,476
219000313,346,64,282
219000314,48,242,-194
219000315,316,18,298
219000316,551,49,502
219000317,81,14,67
219000320,5,49,-44
219000321,0,13,-13
219000323,2,45,-43
219000325,2,9,-7
219000326,40,40,0
219000327,63,27,36
219000328,28,32,-4
219000329,211,135,76
219000330,27,44,-17
219000331,69,41,28
219000332,160,73,87
219000333,30,3,27
219000335,63,1,62
219000337,20,0,20
219000338,33,0,33
219000344,13,54,-41
219000345,33,64,-31
219000346,42,76,-34
219000348,102,66,36
219000349,48,93,-45
219000350,85,190,-105
219000351,1,1,0
219000352,242,56,186
219000353,108,40,68
219000354,198,84,114
219000355,148,68,80
219000356,648,1391,-743
219000363,177,78,99
219000364,104,47,57
219000365,96,22,74
219000366,206,359,-153
219000368,234,474,-240
219000370,648,519,129
219000371,15,22,-7
219000382,11,36,-25
219000383,426,870,-444
219000385,353,372,-19
219000386,598,1248,-650
219000387,1,14,-13
219000390,5,1,4
219000391,4,1,3
219000397,36,50,-14
219000398,65,45,20
219000401,13,69,-56
219000402,24,49,-25
219000403,103,233,-130
219000404,16,113,-97
219000407,6,34,-28
219000409,55,41,14
219000410,97,49,48
219000411,63,23,40
219000446,108,222,-114
219000447,2,17,-15
219000448,9,5,4
219000452,110,67,43
219000453,68,175,-107
219000454,156,222,-66
219000556,249,80,169
219000558,110,79,31
219000590,29,86,-57
219000591,92,69,23
219000592,78,262,-184
219000595,1,15,-14
219000635,216,23,193
219000636,37,46,-9
219000657,14,18,-4
219000658,21,78,-57
219000673,0,28,-28
219000676,6,1,5
219000679,28,3,25
219000684,99,0,99
219000685,1,19,-18
219000686,0,3,-3
219000688,0,52,-52
219000689,14,122,-108
219000690,139,9,130
219000691,42,148,-106
219000692,148,16,132
219000693,0,10,-10
219000694,6,0,6
219000695,25,3,22
219000698,5,1,4
219000699,1,68,-67
219000727,1,100,-99
219000728,106,4,102
219000770,58,0,58
219000771,1,30,-29
219000788,328,217,111
219001150,0,22,-22
219001151,1,0,1
219001166,42,27,15
219001167,3,46,-43
219001178,58,0,58
220000001,29,60,-31
220000002,4,73,-69
220000003,267,204,63
220000004,291,286,5
220000005,756,980,-224
220000006,218,550,-332
220000007,400,321,79
220000008,298,456,-158
220000009,238,245,-7
220000010,126,69,57
220000011,340,2218,-1878
220000012,61,156,-95
220000014,110,42,68
220000015,56,255,-199
220000017,53,140,-87
220000018,2508,854,1654
220000019,87,293,-206
220000020,340,179,161
220000021,595,167,428
220000022,822,366,456
220000023,387,159,228
220000024,1311,416,895
220000025,546,979,-433
220000026,352,339,13
220000027,33,81,-48
220000028,34,42,-8
220000029,44,75,-31
220000030,45,37,8
220000031,471,289,182
220000064,14,581,-567
221000046,2,0,2
221000047,1,6,-5
221000048,0,1,-1
221000049,0,5,-5
221000050,15,0,15
221000055,41,31,10
221000057,90,10,80
221000068,259,115,144
221000069,255,65,190
221000070,157,25,132
221000071,71,7,64
221000072,188,9,179
221000073,140,32,108
221000074,0,18,-18
221000075,13,23,-10
221000076,12,23,-11
221000077,17,82,-65
221000081,22,2,20
221000082,62,3,59
221000083,44,2,42
221000084,8,0,8
221000085,4,32,-28
221000086,9,74,-65
221000087,3,74,-71
221000088,10,75,-65
221000089,29,134,-105
221000090,85,294,-209
221000098,86,17,69
221000099,186,10,176
221000100,110,4,106
221000101,242,17,225
221000102,100,9,91
221000109,5,38,-33
221000110,6,51,-45
221000111,25,156,-131
221000112,12,97,-85
221000113,5,92,-87
221000114,3,81,-78
221000120,33,13,20
221000121,4,38,-34
221000122,29,17,12
221000123,6,12,-6
221000124,15,105,-90
221000155,56,15,41
221000156,38,25,13
221000175,0,4,-4
221000176,1,0,1
221000182,36,6,30
221000241,523,225,298
221000242,95,322,-227
221000243,455,131,324
221000244,184,327,-143
221000245,101,95,6
221000246,36,192,-156
221000247,125,110,15
221000248,129,117,12
221000267,50,437,-387
221000325,44,44,0
221000331,13,45,-32
221000338,17,15,2
221000378,199,20,179
221000381,66,34,32
222000282,8,0,8
222000296,2,17,-15
222000568,276,16,260
222000569,194,27,167
222000570,106,26,80
222000571,215,8,207
222000577,9,97,-88
222000578,31,100,-69
222000579,32,95,-63
222000580,64,509,-445
222000599,0,86,-86
222000600,2,206,-204
222000601,3,582,-579
222000603,10,37,-27
222000604,5,37,-32
222000605,32,14,18
222000606,4,7,-3
222000607,1,3,-2
222000608,13,25,-12
222000609,44,114,-70
222000616,354,23,331
222000617,18,17,1
222000618,11,2,9
222000620,30,6,24
222000621,19,6,13
222000623,459,2,457
222000624,299,6,293
222000625,438,40,398
222000636,47,1,46
222000686,6,11,-5
222000687,35,18,17
222001066,192,1,191
222001067,10,0,10
222001068,62,13,49
222001069,29,22,7
222001082,10,21,-11
222001083,20,31,-11
222001084,0,34,-34
222001085,0,95,-95
222001111,38,91,-53
222001112,98,9,89
222001313,26,6,20
222001314,14,87,-73
222001464,180,36,144
222001465,30,61,-31
222001484,106,44,62
222001485,35,38,-3
222001494,433,96,337
222001495,89,121,-32
222001496,271,92,179
222001497,90,227,-137
222001502,14,57,-43
222001503,97,40,57
222001504,29,205,-176
222001505,375,7,368
222001506,30,241,-211
222001507,251,21,230
222001510,502,20,482
222001511,43,196,-153
222001514,520,127,393
222001515,154,329,-175
222001518,331,58,273
222001519,54,126,-72
222001527,219,68,151
222001528,39,133,-94
222001529,257,49,208
222001530,39,110,-71
222001533,106,166,-60
222001534,283,76,207
222001535,249,166,83
222001536,78,105,-27
222001537,257,46,211
222001538,74,227,-153
222001563,784,75,709
222001564,56,281,-225
222001568,194,101,93
222001576,0,2,-2
222001579,2,16,-14
222001583,15,69,-54
222001584,101,13,88
222001596,419,752,-333
222001597,1276,296,980
222001626,1,99,-98
222001650,89,91,-2
222001651,51,191,-140
222001914,150,62,88
222001915,29,161,-132
222001968,425,209,216
222001969,356,436,-80
222001970,139,152,-13
222001971,18,4,14
222001972,1,4,-3
225000001,381,157,224
225000002,538,117,421
225000003,559,63,496
225000004,342,152,190
225000005,52,31,21
225000006,0,113,-113
225000007,799,890,-91
225000010,228,16,212
225000011,182,999,-817
225000012,182,521,-339
225000013,70,101,-31
225000014,590,56,534
225000015,60,100,-40
225000021,576,100,476
225000027,215,291,-76
225000032,545,121,424
225000042,72,404,-332
225000049,36,28,8
225000050,83,15,68
225000053,2,209,-207
225000058,596,118,478
225000067,150,107,43
225000068,91,163,-72
225000069,126,314,-188
225000070,67,225,-158
225000071,63,78,-15
225000075,21,549,-528
225000076,90,107,-17
225000078,60,40,20
225000085,90,140,-50
225000086,253,82,171
225000087,180,9,171
225000088,2,141,-139
225000089,197,694,-497
225000090,32,277,-245
225000091,165,83,82
225000092,40,52,-12
225000093,137,218,-81
225000094,7,138,-131
225000095,253,196,57
225000096,281,224,57
225000098,627,296,331
225000099,310,163,147
225000100,304,107,197
225000104,84,267,-183
225000110,7,259,-252
225000111,180,562,-382
225000112,244,717,-473
225000113,147,423,-276
225000114,54,190,-136
225000115,905,444,461
225000116,783,170,613
225000117,704,207,497
225000118,959,168,791
225000119,211,63,148
225000120,548,23,525
225000121,201,18,183
225000123,432,16,416
225000125,381,126,255
225000126,490,136,354
225000127,478,1158,-680
225000128,447,712,-265
225000132,233,24,209
225000133,166,25,141
225000134,589,132,457
225000135,68,13,55
225000136,279,7,272
225000137,244,28,216
225000138,326,70,256
225000143,34,128,-94
225000144,3,219,-216
225000145,39,31,8
225000146,57,63,-6
225000147,26,178,-152
225000148,3,112,-109
225000149,39,245,-206
225000151,18,111,-93
225000155,368,277,91
225000156,136,551,-415
225000157,222,269,-47
225000158,61,194,-133
225000171,0,124,-124
225000180,15,0,15
225000181,0,39,-39
225000182,64,6,58
225000185,7,352,-345
225000187,35,288,-253
225000191,49,1,48
225000194,0,6,-6
225000208,0,42,-42
225000209,100,15,85
225000210,7,120,-113
225000217,0,14,-14
225000218,25,0,25
225000223,1,78,-77
225000224,54,0,54
225000225,0,23,-23
225000226,33,0,33
225000227,24,51,-27
225000228,6,10,-4
225000229,0,53,-53
225000230,10,0,10
225000231,0,36,-36
225000232,130,0,130
225000241,88,2,86
225000242,4,59,-55
225000249,12,0,12
225000250,61,350,-289
225000251,257,25,232
226000042,201,283,-82
226000043,63,157,-94
226000044,97,331,-234
226000045,53,237,-184
226000046,423,61,362
226000047,349,102,247
226000048,381,90,291
226000049,271,172,99
226000070,0,21,-21
226000071,0,48,-48
226000072,0,13,-13
226000073,0,4,-4
226000074,0,6,-6
226000084,5,41,-36
226000085,2,6,-4
226000086,7,12,-5
226000087,2,6,-4
226000088,17,23,-6
226000090,244,145,99
226000091,20,40,-20
226000092,2,9,-7
226000093,9,7,2
226000094,5,8,-3
226000095,16,1,15
226000105,6,0,6
226000106,17,0,17
226000107,8,0,8
226000108,16,0,16
226000109,66,0,66
226000124,92,57,35
226000134,640,361,279
226000135,1235,469,766
226000136,462,355,107
226000137,7,199,-192
226000138,15,141,-126
226000139,1,25,-24
226000156,194,2,192
226000157,178,18,160
226000163,85,113,-28
226000202,6,193,-187
226000231,536,19,517
226000232,29,1,28
227000037,406,25,381
227000038,208,33,175
227000049,0,28,-28
227000050,1,41,-40
227000055,79,2,77
227000056,27,0,27
227000084,1,60,-59
227000085,0,27,-27
227000088,36,1,35
227000089,83,2,81
227000090,40,2,38
227000091,19,0,19
227000093,121,0,121
227000094,11,0,11
227000130,26,87,-61
227000131,23,141,-118
227000132,9,153,-144
227000133,12,119,-107
227000134,15,186,-171
227000152,0,4,-4
227000153,0,35,-35
227000155,4,11,-7
227000156,0,13,-13
227000165,3,64,-61
227000196,21,107,-86
227000199,348,14,334
227000230,7,200,-193
227000232,250,28,222
227000241,473,50,423
227000242,70,292,-222
227000243,438,79,359
227000244,306,91,215
227000245,17,189,-172
227000246,69,269,-200
227000247,351,53,298
227000248,177,38,139
227000249,27,133,-106
227000251,85,181,-96
227000252,12,162,-150
227000253,184,34,150
227000262,461,44,417
227000266,952,37,915
227000267,15,611,-596
227000486,346,184,162
227000655,273,5,268
227000661,87,20,67
227000680,99,32,67
229000265,8,32,-24
229000296,2,7,-5
229000297,3,22,-19
229000298,8,56,-48
229000320,3,6,-3
229000321,9,2,7
229000412,13,39,-26
229000414,12,38,-26
229000415,23,2,21
229000416,1,10,-9
229000417,1,6,-5
229000419,55,197,-142
229000440,242,62,180
229000442,13,3,10
229000443,10,5,5
229000444,2,18,-16
229000445,52,9,43
229000446,57,15,42
229000847,58,0,58
229000848,18,0,18
229000849,112,1,111
229000851,44,1,43
229000854,0,5,-5
229000856,0,30,-30
229000857,0,18,-18
229000858,0,24,-24
229000919,14,64,-50
229000930,5,223,-218
229000937,93,8,85
229000966,50,17,33
229000981,22,24,-2
229000985,8,15,-7
229000986,0,1,-1
229000987,7,1,6
229000988,6,1,5
229000989,9,3,6
229000990,1,3,-2
229000991,0,1,-1
229000992,7,4,3
229000993,78,8,70
229000998,13,33,-20
229000999,46,7,39
229001034,0,5,-5
229001035,3,0,3
229001037,31,4,27
229001042,8,6,2
229001047,4,22,-18
229001050,22,35,-13
229001200,16,4,12
229001338,0,13,-13
229001394,271,1,270
229001422,125,19,106
229001423,16,108,-92
229001431,50,52,-2
229001432,49,56,-7
229001444,131,36,95
229001445,21,116,-95
229001503,264,72,192
229001504,114,101,13
229001505,113,42,71
229001506,81,97,-16
229001509,30,23,7
229001545,91,5,86
229001546,10,87,-77
229001553,96,8,88
229001554,33,47,-14
229001559,2,2,0
229001560,5,12,-7
229001630,29,3,26
229001631,12,26,-14
229001635,1,11,-10
229001636,8,0,8
229001658,0,87,-87
229001659,74,6,68
229001660,38,2,36
229001661,19,21,-2
229001662,18,0,18
229001663,0,20,-20
229002584,81,81,0
229002831,91,87,4
229002841,14,8,6
229002842,8,11,-3
229002843,30,13,17
229002844,28,33,-5
229002845,10,68,-58
229002846,32,8,24
229002847,0,3,-3
229002848,4,7,-3
229002849,1,62,-61
229002850,7,0,7
229002851,33,110,-77
229002852,136,10,126
229002853,88,9,79
229002854,31,52,-21
229002855,16,20,-4
229002856,27,16,11
229002857,16,177,-161
229002858,6,5,1
229002859,22,161,-139
229002860,202,18,184
229002861,17,8,9
229002862,19,16,3
229002863,12,17,-5
229002864,37,12,25
229002865,17,19,-2
229002866,5,8,-3
229002867,2,15,-13
229002868,9,8,1
229002869,14,80,-66
229002870,43,6,37
235000066,232,34,198
235000067,113,54,59
235000072,24,56,-32
235000073,80,222,-142
235000074,26,26,0
235000080,9,76,-67
235000081,53,76,-23
235000082,294,44,250
235000083,149,35,114
235000084,54,43,11
235000085,145,57,88
235000089,26,14,12
235000092,19,88,-69
235000093,6,3,3
235000097,5,6,-1
235000098,71,7,64
235000099,37,19,18
235000116,45,18,27
235000117,386,12,374
235000133,12,326,-314
235000134,5,174,-169
235000206,5,4,1
235000207,1,2,-1
235000208,3,2,1
235000209,3,1,2
235000210,3,1,2
235000212,3,18,-15
235000213,6,7,-1
235000220,1,10,-9
235000221,39,12,27
235000238,7,111,-104
235000239,1,28,-27
235000242,264,691,-427
235000245,429,143,286
235000246,3,58,-55
235000284,3,117,-114
235000295,66,12,54
235000305,194,4,190
235000306,209,6,203
235000307,21,1,20
235000308,7,1,6
235000309,52,0,52
235000310,9,0,9
235000311,33,14,19
235000322,0,14,-14
235000323,0,35,-35
235000324,1,16,-15
235000325,0,7,-7
235000326,5,112,-107
235000351,6,57,-51
235000352,9,39,-30
235000353,2,27,-25
235000354,23,33,-10
235000355,4,40,-36
235000356,91,0,91
235000357,16,5,11
235000358,75,11,64
235000359,16,5,11
235000360,19,6,13
235000361,40,6,34
235000381,72,85,-13
235000382,143,20,123
235000390,13,0,13
235000391,163,5,158
235000392,206,271,-65
235000393,152,157,-5
235000395,148,34,114
235000396,455,36,419
235000400,64,54,10
235000401,15,65,-50
235000405,91,158,-67
235000406,34,154,-120
235000407,41,60,-19
235000409,140,118,22
235000410,64,164,-100
235000411,2,43,-41
235000485,0,5,-5
235000486,7,0,7
235000549,73,45,28
235000550,95,83,12
235000599,132,25,107
235000600,12,9,3
235000601,8,15,-7
235000602,64,38,26
235000614,0,1,-1
235000648,2,7,-5
235000649,27,1,26
235000685,0,4,-4
235000815,24,128,-104
235000834,0,5,-5
235000855,27,44,-17
235000862,35,76,-41
235000891,0,12,-12
235000892,7,4,3
235000901,46,51,-5
235000907,8,9,-1
235001010,67,25,42
235001029,309,234,75
235001030,351,181,170
235001078,104,81,23
235001079,40,62,-22
235001147,24,25,-1
235001166,11,35,-24
235001167,39,17,22
235001169,23,246,-223
235001188,0,4,-4
235001189,12,0,12
235001197,5,13,-8
235001200,28,34,-6
235001207,357,40,317
235001210,91,77,14
235001215,21,81,-60
235001239,5,44,-39
235001244,0,9,-9
235016267,0,26,-26
277102712,0,0,0
277103813,0,0,0
277104249,0,3,-3
277104250,0,6,-6
277104251,0,8,-8
277104252,0,1,-1
990011530,0,148,-148
990014944,0,247,-247
990015176,62,1,61
990016032,0,191,-191
990032570,1,18,-17
990070001,39,3,36
990070103,0,1,-1
990070601,4,22,-18
990070751,850,29,821
990070766,0,204,-204
990071180,287,92,195
990071343,39,2,37
990071387,0,14,-14
990071823,16,1,15
990072600,7,853,-846
990072964,0,200,-200
990073285,0,0,0
990074393,0,457,-457
990074870,1256,9,1247
990075106,1166,3,1163
990075746,480,7,473
990076437,1154,8,1146
990076458,0,334,-334
997000007,455,14,441
997000041,0,136,-136
997000058,38,0,38
997000062,12,0,12
997000069,0,0,0
997000070,0,27,-27
997000100,40,0,40
997000141,3,882,-879
997000198,83,549,-466
998000475,2,40,-38
998000736,0,106,-106
998000965,0,4,-4
998001031,0,59,-59
998001700,0,3,-3
998001899,0,0,0
998001900,6,3,3
998003073,658,0,658
998101900,0,0,0
998102850,0,148,-148
998501927,758,841,-83
998501929,29,0,29
998501930,50,0,50
998501931,92,17,75
998501932,4,0,4
998501933,43,0,43
998501937,12,2,10
998501944,7,0,7
998501950,0,10,-10
998501970,31,1,30
998501971,0,44,-44
998501973,0,15,-15
998501974,1,131,-130
998501975,70,2,68
998501976,101,1,100
998501977,0,19,-19
998501978,3,1,2
998501979,0,16,-16
998501980,13,9,4
998501981,33,0,33
998501982,0,66,-66
998501983,0,1,-1
998502006,0,0,0
998502032,0,3,-3
998502062,10,1,9
998502063,0,0,0
998502173,47,0,47
998502269,0,0,0
998502546,0,134,-134
998502578,4,4,0
998502599,16,223,-207
998502621,0,0,0
998601159,3,58,-55
998601292,0,10,-10
999033574,2,286,-284
999800001,13,0,13
999800002,0,10,-10
999800003,2,0,2
999800004,0,4,-4
999800005,0,3,-3
