ID,insum,outsum,diff
100000001,134,112,22
100000002,447,58,389
100000003,586,281,305
100000004,82,62,20
100000005,169,307,-138
100000006,35,11,24
100000007,103,55,48
100000008,10,117,-107
100000009,11,28,-17
100000010,0,2,-2
100000011,8,2,6
100000012,10,113,-103
100000013,2,28,-26
100000014,23,72,-49
100000015,76,53,23
100000016,109,235,-126
100000017,55,216,-161
100000018,180,78,102
100000019,528,308,220
100000020,85,153,-68
100000021,885,221,664
100000022,133,97,36
100000023,772,92,680
100000025,354,68,286
100000028,227,125,102
100000029,16,27,-11
100000030,35,2,33
100000031,290,301,-11
100000032,355,341,14
100000033,86,291,-205
100000034,152,142,10
100000035,108,72,36
100000036,206,83,123
100000037,79,51,28
100000038,88,67,21
100000039,52,11,41
100000040,17,13,4
100000041,32,39,-7
100000042,38,36,2
100000043,12,34,-22
100000044,19,82,-63
100000045,38,254,-216
100000046,82,201,-119
100000047,43,151,-108
100000048,68,151,-83
100000049,234,480,-246
100000051,45,283,-238
100000053,2,0,2
100000054,3,3,0
100000055,62,60,2
100000056,54,91,-37
100000057,81,72,9
100000058,72,211,-139
100000059,0,7,-7
100000060,17,55,-38
100000061,102,58,44
100000062,91,48,43
100000063,30,37,-7
100000064,48,61,-13
100000065,48,184,-136
100000066,11,140,-129
100000067,42,137,-95
100000068,50,221,-171
100000069,33,256,-223
100000072,41,134,-93
100000073,182,222,-40
100000075,71,42,29
100000076,211,148,63
100000077,54,2,52
100000078,21,2,19
100000079,1,4,-3
100000080,0,2,-2
100000081,6,1,5
100000102,174,157,17
100000103,403,106,297
100000104,478,131,347
100000105,467,73,394
100000106,200,158,42
100000107,28,48,-20
100000108,219,186,33
100000109,541,232,309
100000116,207,149,58
100000117,1,0,1
100000118,131,382,-251
100000119,74,266,-192
100000121,6,128,-122
100000122,146,116,30
100000123,789,669,120
100000124,2561,665,1896
100000125,525,79,446
100000126,88,37,51
100000127,269,33,236
100000128,203,153,50
100000129,67,86,-19
100000130,80,100,-20
100000131,628,458,170
100000132,207,227,-20
100000133,1053,399,654
100000135,34,204,-170
100000139,24,379,-355
100000140,34,52,-18
100000142,50,52,-2
100000143,370,250,120
100000144,813,402,411
100000147,94,313,-219
100000150,2,65,-63
100000151,43,75,-32
100000153,15,24,-9
100000154,1,27,-26
100000155,0,1,-1
100000156,0,0,0
100000157,8,70,-62
100000158,4,76,-72
100000159,64,43,21
100000165,249,92,157
100000169,28,37,-9
100000174,137,61,76
100000179,17,136,-119
100000180,32,90,-58
100000181,7,33,-26
100000188,25,54,-29
100000189,30,47,-17
100000190,66,46,20
100000191,119,56,63
100000192,5,9,-4
100000193,15,24,-9
100000330,272,95,177
100000355,19,88,-69
100000362,945,617,328
100000363,358,533,-175
100000364,99,267,-168
100000365,828,3300,-2472
100000366,964,435,529
100000367,586,1148,-562
100000368,508,365,143
100000369,20,103,-83
100000370,6,69,-63
100000376,9,25,-16
100000379,246,149,97
100000380,426,338,88
100000384,1171,314,857
100000385,774,515,259
100000386,918,348,570
100000387,883,557,326
100000388,1076,506,570
100000389,1083,554,529
100000390,1593,579,1014
100000391,902,418,484
100000392,614,201,413
100000393,203,112,91
100000394,878,426,452
100000395,340,225,115
100000396,561,273,288
100000397,375,215,160
100000398,2852,1996,856
100000413,0,0,0
100000414,93,24,69
100900002,0,0,0
100900003,11,25,-14
100900004,10,243,-233
100900005,6,1,5
100900006,0,0,0
100900007,1,0,1
100900008,0,171,-171
100900009,0,5,-5
100900010,0,0,0
100900011,3,43,-40
100900012,0,65,-65
100900013,52,1,51
100900014,0,0,0
100900015,11,9,2
100900016,0,2,-2
100900017,42,10,32
100900018,0,0,0
100900019,0,0,0
100900020,13,0,13
100900021,183,1,182
100900022,0,0,0
100900023,0,0,0
100900024,10,0,10
100900025,0,0,0
100900026,0,43,-43
100900027,48,240,-192
100900028,4,27,-23
100900029,4,0,4
100900030,0,1,-1
100900031,15,2,13
100900032,23,0,23
100900033,30,16,14
100900034,40,0,40
100900035,12,0,12
100900036,0,0,0
100900037,0,44,-44
100900038,2,0,2
100900039,26,135,-109
100900040,49,201,-152
100900041,8,171,-163
100900042,101,10,91
100900043,0,0,0
100900044,282,27,255
100900045,0,0,0
100900046,48,0,48
100900047,1,0,1
100900048,4,0,4
100900049,1,54,-53
100900050,0,1,-1
100900051,2,5,-3
100900052,25,2,23
100900053,32,1,31
100900054,0,19,-19
100900055,1,21,-20
100900056,1,2,-1
100900057,20,102,-82
100900058,0,5,-5
100900059,2,0,2
100900060,4,2,2
100900061,36,26,10
100900062,0,3,-3
100900063,4,79,-75
100900064,94,0,94
100900065,2,2,0
100900066,2,14,-12
100900067,0,0,0
100900068,0,16,-16
100900069,6,0,6
100900070,47,0,47
100900071,51,31,20
100900072,0,9,-9
100900073,8,92,-84
100900074,0,0,0
100900075,544,34,510
100900076,1,3,-2
100900077,0,0,0
100900078,8,11,-3
100900079,0,0,0
100900080,0,0,0
100900081,2,6,-4
100900082,2,104,-102
100900083,0,11,-11
100900085,0,4,-4
100900086,0,11,-11
100900088,0,86,-86
100900089,0,0,0
100900090,0,57,-57
100900091,0,0,0
100900092,1,10,-9
100900093,8,17,-9
100900094,3,80,-77
100900095,0,0,0
100900096,1,3,-2
100900097,0,0,0
100900098,0,5,-5
100900099,1,61,-60
100900100,0,22,-22
100900101,62,0,62
100900102,0,0,0
100900103,0,1,-1
100900104,1,19,-18
100900105,0,6,-6
100900106,3,0,3
100900107,298,42,256
100900108,0,0,0
100900109,0,1,-1
100900110,0,0,0
100900111,5,13,-8
100900112,0,0,0
100900113,1,0,1
100900114,0,0,0
100900115,0,0,0
100900116,39,31,8
100900117,25,26,-1
100900118,1,8,-7
100900119,0,6,-6
100900120,0,0,0
100900121,10,5,5
100900122,11,14,-3
100900123,2,1,1
100900124,0,0,0
100900125,1,6,-5
100900126,2,5,-3
100900127,0,2,-2
100900128,9,28,-19
100900129,0,3,-3
100900131,0,5,-5
100900133,3,1,2
100900134,0,0,0
100900135,0,4,-4
100900137,86,10,76
100900138,10,14,-4
100900139,0,0,0
100900140,0,122,-122
100900141,0,9,-9
100900142,0,0,0
100900143,198,60,138
100900144,1,1,0
100900145,0,4,-4
100900146,0,0,0
100900147,0,20,-20
100900148,3,196,-193
100900149,3,4,-1
100900150,0,0,0
100900151,15,143,-128
100900152,0,0,0
100900153,0,28,-28
100900154,0,0,0
100900155,0,0,0
100900156,0,0,0
100900157,0,10,-10
100900159,0,0,0
100900160,0,0,0
100900161,0,0,0
100900162,0,16,-16
100900163,6,28,-22
100900164,1,1,0
100900165,0,0,0
100900166,0,0,0
100900167,0,6,-6
100900168,0,12,-12
100900169,25,408,-383
100900170,0,0,0
100900171,0,168,-168
100900172,0,1,-1
100900173,1,119,-118
100900174,0,1,-1
100900176,117,3,114
100900177,157,17,140
100900178,0,6,-6
100900179,2,5,-3
100900180,0,0,0
100900181,0,0,0
100900182,0,0,0
100900184,0,0,0
100900186,100,36,64
100900187,0,42,-42
100900188,6,1,5
100900189,41,4,37
100900191,228,58,170
100900192,16,21,-5
100900195,14,13,1
100900197,0,0,0
100900198,0,47,-47
100900199,0,0,0
100900200,119,69,50
100900201,6,212,-206
100900202,1,0,1
100900203,0,5,-5
100900204,12,2,10
100900205,8,27,-19
100900206,24,2,22
100900207,22,49,-27
100900210,11,136,-125
100900211,27,0,27
100900213,6,2,4
100900214,82,15,67
100900215,0,0,0
100900217,22,11,11
101000001,522,253,269
101000002,813,431,382
101000003,151,125,26
101000004,2600,831,1769
101000005,1052,633,419
101000006,1659,1183,476
101000007,658,407,251
101000009,214,382,-168
101000010,73,239,-166
101000011,371,56,315
101000012,65,36,29
101000013,95,128,-33
101000014,37,35,2
101000015,171,199,-28
101000016,16,52,-36
101000017,96,102,-6
101000018,571,325,246
101000020,718,131,587
101000021,129,24,105
101000023,275,177,98
101000025,22,29,-7
101000026,69,2,67
101000027,368,355,13
101000028,235,39,196
101000029,1,85,-84
101000030,104,15,89
101000031,61,22,39
101000032,660,382,278
101000033,341,215,126
101000034,395,148,247
101000035,186,9,177
101000036,267,91,176
101000037,582,129,453
101000039,451,78,373
101000040,493,309,184
101000041,553,181,372
101000042,57,40,17
101000043,761,423,338
101000045,59,38,21
101000046,388,207,181
101000047,305,157,148
101000048,64,42,22
101000049,112,116,-4
101000050,146,90,56
101000051,278,239,39
101000052,432,94,338
101000053,164,76,88
101000054,222,68,154
101000055,332,116,216
101000056,13,20,-7
101000057,374,113,261
101000058,239,58,181
101000059,330,148,182
101000060,374,37,337
101000061,71,57,14
101000062,225,32,193
101000063,29,9,20
101000064,323,82,241
101000065,40,49,-9
101000066,12,13,-1
101000067,123,51,72
101000068,74,41,33
101000069,117,12,105
101000070,317,188,129
101000071,380,114,266
101000072,192,403,-211
101000073,58,63,-5
101000074,547,354,193
101000075,1406,878,528
101000077,258,216,42
101000078,284,335,-51
101000079,123,1123,-1000
101000080,214,767,-553
101000081,175,234,-59
101000082,561,456,105
101000083,402,249,153
101000084,284,300,-16
101000085,163,114,49
101000086,436,314,122
101000087,410,275,135
101000088,98,96,2
101000089,61,143,-82
101000090,604,310,294
101000091,54,213,-159
101000092,202,116,86
101000093,168,113,55
101000094,175,256,-81
101000095,28,137,-109
101000096,44,94,-50
101000097,53,43,10
101000098,67,72,-5
101000099,219,130,89
101000100,124,117,7
101000101,73,74,-1
101000102,142,47,95
101000103,153,58,95
101000104,31,47,-16
101000105,51,13,38
101000106,44,25,19
101000107,24,51,-27
101000108,166,31,135
101000109,25,7,18
101000110,1,71,-70
101000111,5,24,-19
101000113,5,56,-51
101000114,760,256,504
101000115,3,4,-1
101000116,0,8,-8
101000117,6,14,-8
101000119,15,4,11
101000120,49,1,48
101000121,10,3,7
101000122,10,6,4
101000123,3,6,-3
101000124,215,543,-328
101000125,36,78,-42
101000128,74,77,-3
101000130,116,72,44
101000131,75,103,-28
101000132,108,293,-185
101000135,15,2,13
101000136,32,48,-16
101000137,8,40,-32
101000141,233,133,100
101000147,199,135,64
101000148,369,0,369
101000149,4,0,4
101000150,2,160,-158
101000151,5,6,-1
101000152,98,63,35
101000153,157,79,78
101000154,17,323,-306
101000155,15,23,-8
101000156,8,56,-48
101000157,11,3,8
101000160,0,0,0
101000163,0,0,0
101000164,63,47,16
101000165,76,35,41
101000166,51,72,-21
101000168,87,53,34
101000252,20,14,6
101000254,33,4,29
101000258,23,36,-13
101000261,86,151,-65
101000262,50,184,-134
101000263,14,64,-50
101000265,2,83,-81
101000266,34,39,-5
101000269,27,3,24
101000290,201,135,66
101000293,2,2,0
101000294,105,96,9
101000295,21,50,-29
101000301,134,16,118
101000304,411,422,-11
101000305,417,288,129
101000328,33,63,-30
101900001,0,4,-4
101900002,0,0,0
101900003,18,18,0
101900004,1,4,-3
101900005,706,132,574
101900006,83,19,64
101900007,41,1,40
101900008,10,8,2
101900009,1,12,-11
101900010,78,21,57
101900011,13,18,-5
101900012,4,1,3
101900013,206,8,198
101900017,2,1,1
101900018,188,18,170
101900019,8,4,4
101900020,10,5,5
101900021,0,0,0
101900022,3,151,-148
101900023,1,33,-32
101900026,15,7,8
101900027,4,18,-14
102000001,233,537,-304
102000002,396,177,219
102000003,690,513,177
102000004,1103,289,814
102000005,270,310,-40
102000006,336,174,162
102000007,281,656,-375
102000008,1149,280,869
102000009,851,1054,-203
102000010,1088,455,633
102000011,426,411,15
102000012,592,528,64
102000018,391,202,189
102000019,452,95,357
102000026,26,22,4
102000029,57,49,8
102000030,29,13,16
102000031,1,42,-41
102000032,75,93,-18
102000033,7,47,-40
102000034,45,50,-5
102000035,55,22,33
102000036,1,15,-14
102000037,36,15,21
102000038,36,16,20
102000039,1,8,-7
102000040,57,13,44
102000041,3,10,-7
102000042,2,5,-3
102000043,20,36,-16
102000044,20,50,-30
102000045,81,132,-51
102000046,152,59,93
102000047,115,137,-22
102000048,29,73,-44
102000049,89,53,36
102000050,109,154,-45
102000051,55,56,-1
102000052,162,106,56
102000053,64,161,-97
102000054,63,133,-70
102000055,123,135,-12
102000056,66,71,-5
102000057,116,26,90
102000058,139,281,-142
102000059,216,231,-15
102000060,62,52,10
102000061,193,501,-308
102000062,66,114,-48
102000063,203,276,-73
102000064,116,139,-23
102000065,11,26,-15
102000066,147,139,8
102000067,241,366,-125
102000068,1440,428,1012
102000069,0,250,-250
102000070,552,18,534
102000071,1294,1609,-315
102000072,848,1226,-378
102000073,24,138,-114
102000074,43,159,-116
102000075,4,75,-71
102000076,7,112,-105
102000077,78,267,-189
102000078,106,277,-171
102000079,2,49,-47
102000080,25,42,-17
102000081,22,129,-107
102000082,141,42,99
102000083,35,122,-87
102000084,9,61,-52
102000085,317,236,81
102000086,110,134,-24
102000087,77,373,-296
102000088,44,48,-4
102000089,58,94,-36
102000090,71,168,-97
102000091,236,91,145
102000092,94,101,-7
102000093,106,88,18
102000094,66,15,51
102000095,129,131,-2
102000096,76,32,44
102000097,199,138,61
102000098,58,118,-60
102000099,107,57,50
102000100,36,78,-42
102000101,84,56,28
102000102,44,105,-61
102000103,124,61,63
102000104,212,64,148
102000105,15,193,-178
102000106,89,203,-114
102000107,84,70,14
102000108,93,45,48
102000109,40,95,-55
102000110,81,267,-186
102000111,0,38,-38
102000112,28,15,13
102000113,2,4,-2
102000114,102,42,60
102000115,54,31,23
102000116,12,22,-10
102000117,12,86,-74
102000118,179,139,40
102000119,558,88,470
102000120,8,63,-55
102000121,64,66,-2
102000122,22,67,-45
102000123,170,108,62
102000124,88,90,-2
102000125,113,78,35
102000126,95,68,27
102000127,103,49,54
102000128,50,102,-52
102000129,66,143,-77
102000130,52,90,-38
102000131,51,105,-54
102000132,34,58,-24
102000133,200,559,-359
102000134,68,75,-7
102000135,128,82,46
102000136,143,23,120
102000137,65,77,-12
102000138,33,45,-12
102000139,10,53,-43
102000140,33,30,3
102000141,25,85,-60
102000142,19,71,-52
102000143,14,98,-84
102000144,7,82,-75
102000145,18,57,-39
102000146,37,37,0
102000147,39,33,6
102000148,12,18,-6
102000149,17,69,-52
102000150,7,35,-28
102000151,4,47,-43
102000152,7,24,-17
102000153,43,20,23
102000154,40,80,-40
102000155,28,45,-17
102000156,46,5,41
102000157,13,18,-5
102000158,97,16,81
102000159,251,18,233
102000161,564,86,478
102000162,34,57,-23
102000163,7,31,-24
102000164,66,18,48
102000165,56,24,32
102000166,11,20,-9
102000167,16,54,-38
102000168,12,17,-5
102000169,16,29,-13
102000170,161,18,143
102000171,12,16,-4
102000172,0,10,-10
102000173,68,25,43
102000174,0,21,-21
102000175,4,9,-5
102000176,3,9,-6
102000178,25,113,-88
102000179,14,30,-16
102000180,41,97,-56
102000181,34,130,-96
102000182,80,186,-106
102000183,116,215,-99
102000184,116,178,-62
102000185,126,148,-22
102000186,166,459,-293
102000187,52,471,-419
102000188,33,121,-88
102000189,625,161,464
102000190,54,161,-107
102000191,259,37,222
102000192,141,183,-42
102000193,0,40,-40
102000194,9,16,-7
102000195,37,63,-26
102000196,14,78,-64
102000197,47,101,-54
102000198,8,132,-124
102000199,36,81,-45
102000200,23,178,-155
102000201,50,129,-79
102000202,0,11,-11
102000203,18,52,-34
102000204,68,101,-33
102000205,42,78,-36
102000206,39,101,-62
102000207,29,43,-14
102000208,33,66,-33
102000209,6,14,-8
102000210,19,138,-119
102000211,15,74,-59
102000212,5,2,3
102000213,0,60,-60
102000214,8,3,5
102000215,0,138,-138
102000216,5,22,-17
102000217,1,55,-54
102000218,16,6,10
102000219,37,77,-40
102000225,42,16,26
102000226,24,7,17
102000227,4,0,4
102000228,0,10,-10
102000229,2,2,0
102000230,42,87,-45
102000231,38,54,-16
102000232,3,19,-16
102000233,48,66,-18
102000234,2,65,-63
102000236,45,17,28
102000237,64,27,37
102000238,17,32,-15
102000240,131,134,-3
102000241,36,7,29
102000243,7,4,3
102000245,1,12,-11
102000246,2,1,1
102000247,151,163,-12
102000248,82,110,-28
102000249,16,29,-13
102000250,7,85,-78
102000254,6,57,-51
102000266,6,38,-32
102000271,0,0,0
102000286,25,18,7
102000297,193,82,111
102000301,0,0,0
102000307,0,4,-4
102000316,7,16,-9
102900001,101,60,41
102900002,35,0,35
102900003,6,61,-55
102900005,16,34,-18
102900006,41,28,13
102900007,22,1,21
102900008,8,6,2
102900009,0,0,0
102900010,24,60,-36
102900011,331,59,272
102900012,30,2,28
102900013,0,0,0
102900015,37,16,21
102900016,0,0,0
102900017,0,0,0
102900018,0,0,0
102900019,12,39,-27
102900020,9,2,7
102900021,0,0,0
102900022,35,7,28
102900023,0,0,0
102900024,0,5,-5
102900025,0,0,0
102900026,41,102,-61
102900027,5,6,-1
102900028,9,42,-33
102900029,7,38,-31
102900030,12,18,-6
102900031,18,20,-2
102900032,3,18,-15
102900033,0,0,0
102900034,6,17,-11
102900035,10,116,-106
102900036,5,55,-50
102900037,4,46,-42
102900038,20,38,-18
102900039,0,32,-32
102900040,4,39,-35
102900041,6,18,-12
102900042,7,43,-36
102900043,5,59,-54
102900044,66,401,-335
102900045,2,119,-117
102900046,11,58,-47
102900047,2,131,-129
102900048,89,174,-85
102900049,19,99,-80
102900050,17,77,-60
102900051,11,30,-19
102900053,31,136,-105
102900054,24,73,-49
102900055,0,0,0
102900056,18,87,-69
102900057,0,0,0
102900058,45,19,26
102900059,0,0,0
102900060,7,61,-54
102900061,2,62,-60
102900062,9,193,-184
102900063,52,52,0
102900064,0,34,-34
102900065,90,25,65
102900066,21,3,18
102900068,2,13,-11
102900070,7,105,-98
102900072,6,2,4
102900073,0,1,-1
102900075,0,0,0
102900076,0,0,0
102900077,0,0,0
102900078,0,0,0
102900079,13,0,13
102900080,5,2,3
102900081,5,31,-26
102900082,0,31,-31
102900083,0,0,0
102900084,0,0,0
102900085,0,0,0
102900086,0,0,0
102900087,2,8,-6
102900088,1,2,-1
102900089,38,30,8
102900090,0,59,-59
102900091,3,0,3
102900092,2,164,-162
102900094,1,3,-2
102900095,8,0,8
102900096,1,4,-3
102900097,2,21,-19
103000001,486,602,-116
103000002,465,393,72
103000003,573,470,103
103000004,156,130,26
103000005,307,273,34
103000006,209,219,-10
103000007,65,137,-72
103000008,106,306,-200
103000009,27,111,-84
103000010,17,36,-19
103000011,285,164,121
103000012,278,209,69
103000013,1394,415,979
103000014,182,141,41
103000015,556,238,318
103000016,68,102,-34
103000017,21,17,4
103000018,140,58,82
103000019,5,17,-12
103000020,319,289,30
103000021,99,136,-37
103000022,214,294,-80
103000023,62,173,-111
103000024,27,33,-6
103000025,21,21,0
103000026,298,17,281
103000027,35,22,13
103000028,94,21,73
103000029,75,33,42
103000030,559,61,498
103000031,297,156,141
103000032,328,252,76
103000033,293,300,-7
103000034,320,107,213
103000035,64,202,-138
103000036,61,59,2
103000037,122,78,44
103000038,122,146,-24
103000039,12,97,-85
103000040,21,205,-184
103000041,325,651,-326
103000042,157,148,9
103000043,41,180,-139
103000044,14,25,-11
103000046,50,37,13
103000047,44,57,-13
103000048,59,10,49
103000049,8,27,-19
103000050,51,110,-59
103000051,28,45,-17
103000052,97,57,40
103000053,5,50,-45
103000054,202,195,7
103000055,174,170,4
103000056,114,345,-231
103000057,79,45,34
103000058,66,172,-106
103000059,51,143,-92
103000060,161,142,19
103000061,44,108,-64
103000062,141,178,-37
103000063,80,87,-7
103000064,21,85,-64
103000065,0,83,-83
103000066,17,5,12
103000069,30,38,-8
103000070,64,251,-187
103000071,78,69,9
103000072,19,248,-229
103000073,18,18,0
103000074,63,2,61
103000075,24,237,-213
103000076,5,7,-2
103000077,7,70,-63
103000078,162,24,138
103000079,283,54,229
103000080,83,13,70
103000081,50,96,-46
103000082,71,15,56
103000083,6,75,-69
103000084,0,0,0
103000085,1,11,-10
103000086,97,28,69
103000087,20,63,-43
103000088,60,49,11
103000089,44,43,1
103000090,240,294,-54
103000091,109,118,-9
103000092,26,18,8
103000093,68,137,-69
103000094,17,20,-3
103000095,1,105,-104
103000096,34,10,24
103000097,7,106,-99
103000098,24,6,18
103000099,11,90,-79
103000100,7,203,-196
103000101,47,17,30
103000102,8,143,-135
103000103,19,31,-12
103000104,1,31,-30
103000105,14,29,-15
103000106,0,25,-25
103000107,68,9,59
103000108,144,224,-80
103000109,79,111,-32
103000110,129,123,6
103000111,145,69,76
103000112,74,37,37
103000113,68,161,-93
103000114,118,27,91
103000115,87,102,-15
103000116,66,104,-38
103000117,32,104,-72
103000118,176,202,-26
103000119,548,137,411
103000120,32,43,-11
103000121,65,70,-5
103000122,16,25,-9
103000125,1,123,-122
103000126,25,0,25
103000127,0,68,-68
103000128,19,2,17
103000129,0,47,-47
103000130,6,0,6
103000131,27,11,16
103000132,21,5,16
103000133,1,26,-25
103000134,58,44,14
103000135,171,17,154
103000136,135,47,88
103000137,83,46,37
103000138,68,41,27
103000139,0,9,-9
103000140,26,3,23
103000141,2,10,-8
103000142,5,4,1
103000143,4,16,-12
103000144,23,12,11
103000145,6,10,-4
103000150,23,22,1
103000152,70,45,25
103000153,31,38,-7
103000156,0,123,-123
103000157,53,1,52
103000159,17,25,-8
103000162,1,2,-1
103000163,0,0,0
103000164,0,0,0
103000165,16,91,-75
103000166,5,6,-1
103000167,19,22,-3
103000168,5,60,-55
103000169,19,24,-5
103000170,83,80,3
103000171,3,24,-21
103000172,24,69,-45
103000173,56,115,-59
103000174,16,78,-62
103000175,51,130,-79
103000176,67,23,44
103000177,98,61,37
103000178,47,53,-6
103000179,19,3,16
103000183,4,8,-4
103000185,5,14,-9
103000186,11,25,-14
103000187,28,127,-99
103000188,0,8,-8
103000189,163,264,-101
103000191,23,47,-24
103000292,804,94,710
103000293,263,62,201
103000295,5,21,-16
103000296,2,0,2
103000297,7,1,6
103000504,60,2,58
103000505,3,1,2
103000506,0,23,-23
103000507,26,0,26
103000508,38,5,33
103000509,38,113,-75
103000514,0,0,0
103900001,1,41,-40
103900002,242,13,229
103900003,165,4,161
103900004,0,0,0
103900005,0,24,-24
103900006,0,0,0
103900007,0,0,0
103900008,1,0,1
103900009,7,36,-29
103900010,24,48,-24
103900011,4,48,-44
103900012,0,0,0
103900013,0,17,-17
103900014,1,1,0
103900015,0,2,-2
103900016,23,56,-33
103900017,1,20,-19
103900018,109,56,53
103900019,5,21,-16
103900020,4,7,-3
103900021,7,1,6
103900022,56,48,8
103900023,8,0,8
103900024,9,114,-105
103900025,3,8,-5
103900026,0,0,0
103900027,21,21,0
103900028,0,23,-23
103900029,64,29,35
103900030,2,4,-2
103900031,0,0,0
103900032,5,5,0
103900033,2,0,2
103900034,0,28,-28
103900035,14,8,6
103900036,1,3,-2
103900037,1,13,-12
103900038,3,19,-16
103900039,0,77,-77
103900040,0,57,-57
103900041,1,1,0
103900042,21,108,-87
103900043,8,9,-1
103900044,14,9,5
103900045,11,9,2
103900047,10,5,5
103900048,7,6,1
103900049,23,186,-163
103900050,1,18,-17
103900051,0,6,-6
103900052,21,142,-121
103900053,10,192,-182
103900054,3,112,-109
103900055,12,46,-34
103900056,0,12,-12
103900057,5,71,-66
103900058,8,124,-116
103900059,0,0,0
103900060,0,15,-15
103900061,4,2,2
103900062,4,4,0
103900063,0,0,0
103900064,4,0,4
103900065,73,40,33
103900066,3,0,3
103900067,3,0,3
103900068,0,0,0
103900069,0,0,0
103900070,8,41,-33
103900071,1,27,-26
103900072,0,52,-52
103900073,4,1,3
103900074,3,8,-5
103900075,6,10,-4
103900076,48,126,-78
103900077,9,1,8
103900078,4,30,-26
103900079,8,38,-30
103900080,0,1,-1
103900081,1,1,0
103900082,0,9,-9
103900083,398,26,372
103900084,0,15,-15
103900085,15,3,12
103900086,11,73,-62
103900088,18,14,4
103900089,3,10,-7
103900090,0,17,-17
103900091,135,38,97
103900092,18,110,-92
103900093,15,79,-64
103900094,0,27,-27
103900095,9,8,1
103900096,4,85,-81
103900097,2,104,-102
103900098,11,11,0
103900099,2,50,-48
103900100,9,45,-36
103900101,2,121,-119
103900102,0,4,-4
103900104,0,2,-2
103900105,4,24,-20
103900106,0,3,-3
103900107,1,28,-27
103900108,8,88,-80
103900109,2,5,-3
103900110,7,5,2
103900111,4,109,-105
103900112,1,5,-4
103900113,17,50,-33
103900114,113,37,76
103900115,23,6,17
103900116,552,154,398
103900117,44,13,31
103900119,0,4,-4
103900120,16,21,-5
103900122,1,50,-49
103900123,175,76,99
103900124,6,101,-95
103900125,5,36,-31
103900126,58,80,-22
103900127,6,137,-131
103900128,3,43,-40
103900131,2,32,-30
103900133,46,1,45
103900134,0,0,0
103900135,0,4,-4
103900137,0,15,-15
103900138,1,32,-31
103900139,100,128,-28
103900140,0,1,-1
103900141,7,11,-4
103900142,1,6,-5
103900143,1,0,1
103900144,0,8,-8
103900145,9,74,-65
103900146,13,53,-40
103900147,26,10,16
103900148,8,42,-34
103900149,17,137,-120
103900150,950,115,835
103900151,1,20,-19
103900152,6,162,-156
103900153,0,0,0
103900154,107,34,73
103900155,0,13,-13
103900156,0,20,-20
103900157,1,28,-27
103900158,3,19,-16
103900159,3,5,-2
103900160,0,0,0
103900161,5,31,-26
103900162,14,76,-62
103900163,0,67,-67
103900167,0,4,-4
103900168,3,16,-13
103900169,0,4,-4
103900170,0,5,-5
103900171,0,4,-4
103900172,0,2,-2
103900173,1,0,1
103900174,2,4,-2
103900175,3,3,0
103900176,0,1,-1
103900177,0,3,-3
103900178,1,4,-3
103900179,0,23,-23
103900180,1,35,-34
103900181,0,5,-5
103900182,0,1,-1
103900184,76,0,76
103900185,18,10,8
103900187,3,1,2
103900188,2,0,2
103900189,3,2,1
103900190,1,8,-7
103900191,1,3,-2
103900192,9,9,0
103900193,3,12,-9
103900194,3,42,-39
103900195,0,0,0
103900196,2,0,2
103900197,1,0,1
103900198,0,5,-5
103900199,1,16,-15
103900200,5,9,-4
103900201,5,44,-39
103900202,0,10,-10
103900203,1,0,1
103900204,0,14,-14
103900207,0,7,-7
103900208,0,0,0
103900209,1,21,-20
103900210,0,5,-5
103900211,6,53,-47
103900212,8,115,-107
103900213,16,88,-72
103900214,4,1,3
103900215,175,56,119
103900216,2,64,-62
103900217,2,0,2
103900218,0,15,-15
103900219,2,12,-10
103900233,3,0,3
103900235,2,2,0
103900236,1,0,1
103900242,0,0,0
103900243,0,1,-1
103900244,1,27,-26
103900245,1,22,-21
103900246,2,0,2
103900247,1,9,-8
103900248,0,0,0
103900249,3,0,3
103900250,0,0,0
103900251,0,6,-6
103900253,0,0,0
103900254,0,0,0
103900255,0,1,-1
103900256,1,3,-2
103900257,4,1,3
103900258,1,0,1
103900259,1,1,0
103900261,0,0,0
103900262,0,1,-1
103900263,1,1,0
103900264,5,0,5
103900265,2,0,2
103900266,0,3,-3
103900267,1,5,-4
103900268,0,11,-11
103900269,14,5,9
103900270,1,11,-10
103900271,2,17,-15
103900272,0,0,0
103900273,0,0,0
103900274,0,0,0
103900275,0,0,0
103900276,0,0,0
103900277,0,0,0
103900278,0,0,0
103900279,0,0,0
103900280,0,0,0
103900281,4,2,2
103900282,0,3,-3
103900283,1,0,1
103900284,0,0,0
103900285,17,4,13
103900286,18,7,11
103900287,1,1,0
103900288,12,1,11
103900289,2,0,2
103900290,64,2,62
103900291,0,0,0
103900292,3,1,2
103900293,1,2,-1
103900294,3,4,-1
104000001,484,644,-160
104000002,394,539,-145
104000003,482,631,-149
104000004,912,566,346
104000005,301,398,-97
104000006,664,630,34
104000007,750,583,167
104000008,124,226,-102
104000009,17,65,-48
104000010,3,59,-56
104000011,135,118,17
104000012,17,155,-138
104000013,14,36,-22
104000014,54,177,-123
104000015,73,15,58
104000016,46,113,-67
104000018,64,39,25
104000019,69,23,46
104000020,19,206,-187
104000021,56,160,-104
104000022,17,41,-24
104000023,94,80,14
104000024,66,56,10
104000026,3,28,-25
104000027,30,99,-69
104000028,58,71,-13
104000029,62,135,-73
104000030,47,115,-68
104000031,62,39,23
104000032,49,86,-37
104000033,61,66,-5
104000034,43,103,-60
104000035,76,60,16
104000036,92,76,16
104000037,48,82,-34
104000038,23,58,-35
104000039,22,121,-99
104000040,69,133,-64
104000041,125,97,28
104000042,20,27,-7
104000043,22,82,-60
104000044,58,172,-114
104000045,122,293,-171
104000046,195,321,-126
104000047,80,261,-181
104000048,221,277,-56
104000049,72,35,37
104000050,29,109,-80
104000051,36,197,-161
104000052,158,270,-112
104000053,140,121,19
104000054,31,58,-27
104000055,687,432,255
104000056,240,62,178
104000057,43,205,-162
104000058,285,301,-16
104000059,45,288,-243
104000060,135,265,-130
104000061,198,269,-71
104000062,38,42,-4
104000064,166,63,103
104000065,12,58,-46
104000069,240,132,108
104000070,7,43,-36
104000071,38,111,-73
104000072,86,80,6
104000075,5,20,-15
104000076,45,1,44
104000082,329,434,-105
104000083,98,21,77
104000084,20,117,-97
104000085,24,18,6
104000086,28,138,-110
104000087,23,72,-49
104000090,73,412,-339
104000092,67,571,-504
104000094,157,554,-397
104000095,394,492,-98
104000096,56,66,-10
104000097,73,112,-39
104000098,113,140,-27
104000100,80,105,-25
104000101,164,326,-162
104000106,95,154,-59
104000107,69,100,-31
104000108,33,96,-63
104000109,23,2,21
104000110,128,137,-9
104000111,602,123,479
104000112,260,94,166
104000116,0,324,-324
104000117,0,188,-188
104000118,27,65,-38
104000119,31,60,-29
104000120,5,167,-162
104000121,35,120,-85
104000122,75,152,-77
104000123,130,261,-131
104000124,261,367,-106
104000125,872,451,421
104000126,47,98,-51
104000127,421,805,-384
104000128,82,45,37
104000129,70,9,61
104000130,3,25,-22
104000131,371,240,131
104000132,317,418,-101
104000133,312,223,89
104000134,204,304,-100
104000135,68,107,-39
104000136,99,214,-115
104000137,305,49,256
104000138,322,89,233
104000139,1366,470,896
104000141,351,428,-77
104000142,122,336,-214
104000143,87,213,-126
104000144,14,22,-8
104000145,27,10,17
104000146,97,146,-49
104000147,40,65,-25
104000148,14,11,3
104000149,60,86,-26
104000150,48,70,-22
104000151,80,168,-88
104000152,62,300,-238
104000153,23,67,-44
104000154,288,198,90
104000155,58,100,-42
104000157,275,528,-253
104000158,24,41,-17
104000159,76,68,8
104000160,449,257,192
104000161,42,20,22
104000162,36,37,-1
104000165,190,152,38
104000167,188,201,-13
104000168,22,0,22
104000169,0,0,0
104000170,136,54,82
104000248,2,149,-147
104000251,8,56,-48
104000272,0,0,0
104000273,0,0,0
104000274,1,0,1
104000275,2,1,1
104000279,408,135,273
104000290,9,77,-68
104000291,431,305,126
104000293,134,136,-2
104000294,0,0,0
104000295,106,218,-112
104000296,69,165,-96
104000297,196,336,-140
104000298,479,222,257
104000299,147,313,-166
104000302,73,66,7
104000303,74,82,-8
104900001,2,16,-14
104900002,1,3,-2
104900003,2,78,-76
104900004,5,83,-78
104900005,15,40,-25
104900006,7,9,-2
104900007,35,67,-32
104900009,6,77,-71
104900010,0,0,0
104900011,0,0,0
104900012,2,1,1
104900013,10,0,10
104900014,529,9,520
104900015,14,0,14
104900016,11,108,-97
104900017,4,33,-29
104900018,0,28,-28
104900019,6,36,-30
104900020,7,37,-30
104900021,0,0,0
104900022,0,24,-24
104900023,0,0,0
104900024,1,23,-22
104900025,4,67,-63
104900026,0,0,0
104900027,8,11,-3
104900028,4,32,-28
104900029,0,0,0
104900030,33,4,29
104900031,21,41,-20
104900032,7,29,-22
104900033,0,0,0
104900034,8,3,5
104900035,5,3,2
104900036,7,7,0
104900037,5,44,-39
104900038,47,15,32
104900039,0,0,0
104900040,13,2,11
104900041,0,0,0
104900042,41,50,-9
104900043,0,0,0
104900044,41,7,34
104900045,0,0,0
104900046,1,14,-13
104900047,11,3,8
104900048,0,3,-3
104900049,0,0,0
104900050,14,6,8
104900051,1,2,-1
104900052,0,0,0
104900053,11,2,9
104900054,6,2,4
104900055,0,0,0
104900056,8,0,8
104900057,8,0,8
104900058,35,15,20
104900059,0,0,0
104900061,55,119,-64
104900063,1,21,-20
104900064,1,20,-19
104900065,1,35,-34
104900066,0,21,-21
104900067,1,71,-70
104900068,2,43,-41
104900070,2,74,-72
104900071,0,176,-176
104900072,2,41,-39
104900073,6,14,-8
104900074,13,54,-41
104900075,0,7,-7
104900076,18,93,-75
104900077,68,4,64
104900078,19,170,-151
104900079,14,12,2
104900080,4,116,-112
104900082,1,17,-16
104900085,0,14,-14
104900089,0,0,0
104900091,48,124,-76
104900093,19,62,-43
104900097,601,143,458
104900098,4,7,-3
104900099,1,35,-34
104900100,126,27,99
104900102,0,54,-54
104900103,64,13,51
104900106,0,32,-32
104900107,3,80,-77
104900108,1,15,-14
104900109,4,25,-21
104900110,0,15,-15
104900111,11,9,2
104900112,33,141,-108
104900113,54,124,-70
104900114,9,106,-97
104900115,38,92,-54
104900116,8,15,-7
104900118,0,4,-4
104900119,0,5,-5
104900120,0,0,0
104900121,0,0,0
104900122,0,0,0
104900123,0,0,0
104900124,0,0,0
104900125,10,0,10
104900126,4,9,-5
104900127,0,2,-2
104900128,0,7,-7
104900129,272,81,191
105000001,539,534,5
105000002,438,450,-12
105000003,598,758,-160
105000004,82,214,-132
105000005,206,293,-87
105000006,238,321,-83
105000007,150,303,-153
105000008,102,487,-385
105000009,239,454,-215
105000010,630,621,9
105000011,331,338,-7
105000012,901,898,3
105000013,158,204,-46
105000014,223,321,-98
105000015,1455,620,835
105000016,553,279,274
105000017,268,215,53
105000018,200,276,-76
105000019,243,157,86
105000020,34,130,-96
105000021,47,38,9
105000022,24,11,13
105000023,52,31,21
105000028,29,25,4
105000029,68,124,-56
105000030,1011,894,117
105000031,1,2,-1
105000033,289,634,-345
105000034,18,69,-51
105000037,102,70,32
105000038,103,125,-22
105000039,805,415,390
105000040,39,101,-62
105000041,146,388,-242
105000042,189,119,70
105000043,393,546,-153
105000044,34,53,-19
105000045,34,230,-196
105000046,62,59,3
105000047,83,367,-284
105000048,76,50,26
105000049,63,214,-151
105000050,7,19,-12
105000051,78,180,-102
105000052,31,190,-159
105000053,33,95,-62
105000054,18,213,-195
105000055,45,97,-52
105000056,103,459,-356
105000057,157,245,-88
105000058,203,346,-143
105000059,44,72,-28
105000060,76,184,-108
105000061,28,74,-46
105000062,102,275,-173
105000063,114,247,-133
105000064,47,90,-43
105000065,75,250,-175
105000066,140,448,-308
105000067,80,115,-35
105000068,198,232,-34
105000069,513,94,419
105000070,146,239,-93
105000071,21,47,-26
105000072,121,76,45
105000073,112,64,48
105000074,154,184,-30
105000075,109,130,-21
105000076,203,241,-38
105000077,419,157,262
105000078,197,161,36
105000079,428,441,-13
105000080,167,131,36
105000081,255,178,77
105000082,58,104,-46
105000083,78,86,-8
105000084,90,234,-144
105000085,128,140,-12
105000086,168,247,-79
105000087,454,466,-12
105000088,170,96,74
105000089,832,548,284
105000090,310,220,90
105000091,414,350,64
105000092,113,260,-147
105000093,70,52,18
105000094,31,27,4
105000095,22,123,-101
105000096,98,77,21
105000097,153,171,-18
105000098,36,65,-29
105000099,77,204,-127
105000100,139,283,-144
105000101,408,413,-5
105000102,288,337,-49
105000103,213,385,-172
105000104,163,185,-22
105000105,85,330,-245
105000106,126,265,-139
105000107,82,156,-74
105000108,102,258,-156
105000109,159,325,-166
105000110,120,140,-20
105000111,57,127,-70
105000112,251,114,137
105000113,32,93,-61
105000114,660,170,490
105000115,72,128,-56
105000116,56,51,5
105000117,125,280,-155
105000118,12,61,-49
105000119,65,233,-168
105000120,37,75,-38
105000121,137,236,-99
105000122,43,65,-22
105000123,145,292,-147
105000124,136,197,-61
105000125,66,296,-230
105000126,202,437,-235
105000127,259,345,-86
105000128,30,287,-257
105000129,70,99,-29
105000130,6,122,-116
105000131,67,42,25
105000132,97,25,72
105000133,64,209,-145
105000134,63,50,13
105000135,45,148,-103
105000136,7,94,-87
105000137,2,9,-7
105000138,60,71,-11
105000139,141,284,-143
105000140,4,19,-15
105000141,17,145,-128
105000142,1,23,-22
105000143,45,139,-94
105000144,43,156,-113
105000145,23,61,-38
105000146,46,145,-99
105000147,46,6,40
105000148,54,31,23
105000149,70,36,34
105000150,321,243,78
105000151,30,60,-30
105000152,21,128,-107
105000153,36,75,-39
105000154,68,197,-129
105000155,33,81,-48
105000156,82,243,-161
105000157,125,460,-335
105000158,197,112,85
105000159,88,323,-235
105000160,235,119,116
105000161,141,484,-343
105000162,46,167,-121
105000163,232,299,-67
105000164,49,41,8
105000165,301,355,-54
105000166,1504,45,1459
105000167,483,222,261
105000168,8,178,-170
105000169,46,84,-38
105000170,5,198,-193
105000171,195,65,130
105000172,0,0,0
105000173,0,0,0
105000174,1,2,-1
105000175,3,30,-27
105000176,22,4,18
105000177,8,18,-10
105000178,16,49,-33
105000179,16,11,5
105000180,15,30,-15
105000181,2,25,-23
105000182,7,10,-3
105000183,672,199,473
105000184,294,122,172
105000185,62,73,-11
105000186,135,232,-97
105000187,45,26,19
105000188,6,21,-15
105000189,14,152,-138
105000190,4,12,-8
105000191,63,105,-42
105000192,8,57,-49
105000193,19,34,-15
105000194,24,18,6
105000195,24,233,-209
105000196,8,28,-20
105000197,14,168,-154
105000198,76,38,38
105000199,18,33,-15
105000200,24,61,-37
105000201,4,9,-5
105000203,3,73,-70
105000204,12,15,-3
105000205,20,44,-24
105000207,106,93,13
105000208,0,0,0
105000209,30,120,-90
105000211,13,6,7
105000212,122,273,-151
105000213,20,31,-11
105000214,17,29,-12
105000215,3,43,-40
105000216,18,109,-91
105000217,22,74,-52
105000218,33,126,-93
105000221,6,71,-65
105000222,0,11,-11
105000223,23,45,-22
105000226,5,29,-24
105000227,4,13,-9
105000228,13,189,-176
105000229,22,45,-23
105000231,0,0,0
105000233,78,113,-35
105000234,200,305,-105
105000235,17,124,-107
105000237,35,9,26
105000243,3,2,1
105000248,10,10,0
105000262,25,284,-259
105000269,10,35,-25
105000270,34,19,15
105000271,0,53,-53
105000282,12,9,3
105000287,106,25,81
105000288,42,84,-42
105000289,100,139,-39
105000290,0,0,0
105000402,801,384,417
105000426,87,78,9
105000438,61,90,-29
105000440,2,7,-5
105000446,1737,746,991
105000447,1051,416,635
105000454,16,147,-131
105000455,79,30,49
105000474,0,0,0
105000477,8,53,-45
105000478,139,234,-95
105000479,20,34,-14
105000480,249,349,-100
105000481,579,337,242
105000482,1046,639,407
105000483,250,201,49
105000484,502,500,2
105000485,410,392,18
105000486,521,481,40
105000488,442,454,-12
105000489,82,141,-59
105000549,1,7,-6
105000550,101,215,-114
105000551,2,8,-6
105000552,1240,386,854
105000555,183,165,18
105000556,12,3,9
105000557,1,58,-57
105900001,0,0,0
105900002,265,33,232
105900003,0,12,-12
105900004,55,8,47
105900005,0,52,-52
105900006,0,0,0
105900007,0,0,0
105900008,8,173,-165
105900009,0,0,0
105900011,0,0,0
105900012,0,0,0
105900013,0,0,0
105900014,0,0,0
105900015,5,81,-76
105900016,0,0,0
105900017,10,2,8
105900018,24,53,-29
105900019,0,0,0
105900020,1,20,-19
105900021,0,0,0
105900022,19,66,-47
105900023,0,0,0
105900024,0,0,0
105900025,0,0,0
105900026,12,5,7
105900027,0,38,-38
105900028,0,16,-16
105900029,383,89,294
105900030,23,106,-83
105900031,71,33,38
105900032,9,28,-19
105900033,2,33,-31
105900034,6,61,-55
105900035,7,34,-27
105900036,5,17,-12
105900037,22,30,-8
105900038,18,77,-59
105900039,5,50,-45
105900040,21,17,4
105900041,61,64,-3
105900042,5,19,-14
105900043,324,6,318
105900044,0,42,-42
105900045,0,62,-62
105900046,0,51,-51
105900047,5,9,-4
105900048,4,60,-56
105900050,3,0,3
105900051,0,0,0
105900052,4,0,4
105900053,305,47,258
105900054,18,16,2
105900056,0,0,0
105900057,0,0,0
105900058,0,10,-10
105900059,0,2,-2
106000001,295,92,203
106000002,348,628,-280
106000003,664,270,394
106000004,521,448,73
106000005,471,687,-216
106000006,1373,962,411
106000007,99,79,20
106000008,94,83,11
106000009,85,63,22
106000010,111,169,-58
106000011,117,179,-62
106000012,137,392,-255
106000013,314,370,-56
106000014,384,468,-84
106000015,216,206,10
106000016,318,659,-341
106000017,141,196,-55
106000018,111,261,-150
106000019,45,102,-57
106000020,51,140,-89
106000021,70,120,-50
106000022,58,90,-32
106000023,65,78,-13
106000024,103,274,-171
106000025,27,45,-18
106000026,31,121,-90
106000027,75,102,-27
106000028,99,175,-76
106000029,235,393,-158
106000030,175,57,118
106000034,98,101,-3
106000035,27,154,-127
106000036,66,61,5
106000037,270,335,-65
106000038,23,35,-12
106000039,13,8,5
106000040,42,163,-121
106000041,93,74,19
106000043,52,18,34
106000046,67,4,63
106000047,4,50,-46
106000049,62,23,39
106000050,54,197,-143
106000051,13,12,1
106000052,43,162,-119
106000053,0,0,0
106000054,69,98,-29
106000055,12,40,-28
106000056,68,141,-73
106000057,0,0,0
106000058,22,65,-43
106000059,7,42,-35
106000060,71,207,-136
106000061,45,45,0
106000062,55,191,-136
106000063,56,72,-16
106000064,16,125,-109
106000065,6,17,-11
106000066,20,108,-88
106000067,10,16,-6
106000068,4,170,-166
106000069,3,22,-19
106000070,26,153,-127
106000071,25,39,-14
106000072,841,202,639
106000073,246,273,-27
106000074,51,113,-62
106000075,21,151,-130
106000076,149,259,-110
106000077,277,214,63
106000078,82,150,-68
106000079,49,215,-166
106000080,142,204,-62
106000081,83,189,-106
106000082,289,193,96
106000083,20,168,-148
106000084,66,125,-59
106000085,112,145,-33
106000086,43,109,-66
106000087,47,109,-62
106000088,34,201,-167
106000089,94,95,-1
106000090,30,131,-101
106000091,66,112,-46
106000092,45,35,10
106000093,27,4,23
106000094,14,139,-125
106000095,36,299,-263
106000096,51,188,-137
106000097,54,367,-313
106000098,23,258,-235
106000099,14,251,-237
106000100,75,89,-14
106000101,99,111,-12
106000102,4,95,-91
106000103,42,75,-33
106000104,10,17,-7
106000105,67,261,-194
106000106,45,76,-31
106000107,22,141,-119
106000108,54,95,-41
106000109,17,120,-103
106000110,23,54,-31
106000111,5,118,-113
106000112,25,48,-23
106000113,232,206,26
106000114,45,45,0
106000115,66,204,-138
106000116,124,75,49
106000117,200,228,-28
106000118,132,198,-66
106000119,629,183,446
106000120,147,88,59
106000121,24,50,-26
106000122,6,50,-44
106000123,35,74,-39
106000124,22,48,-26
106000125,3,73,-70
106000126,25,51,-26
106000127,20,188,-168
106000128,51,104,-53
106000129,105,128,-23
106000130,46,127,-81
106000131,64,131,-67
106000132,152,33,119
106000133,932,167,765
106000134,94,71,23
106000135,61,326,-265
106000136,43,34,9
106000137,16,442,-426
106000138,36,4,32
106000139,0,0,0
106000140,2,25,-23
106000141,14,35,-21
106000142,0,0,0
106000143,4,55,-51
106000144,0,0,0
106000145,33,137,-104
106000146,0,0,0
106000147,67,188,-121
106000148,56,199,-143
106000149,113,136,-23
106000150,83,309,-226
106000151,809,127,682
106000152,197,118,79
106000153,22,220,-198
106000154,401,49,352
106000155,5,33,-28
106000156,53,68,-15
106000157,95,287,-192
106000158,488,124,364
106000159,1111,257,854
106000160,13,167,-154
106000161,166,130,36
106000162,17,91,-74
106000163,28,157,-129
106000164,17,38,-21
106000165,18,163,-145
106000166,44,34,10
106000167,27,368,-341
106000168,19,31,-12
106000169,43,231,-188
106000170,25,46,-21
106000171,26,218,-192
106000172,226,120,106
106000173,129,489,-360
106000174,29,38,-9
106000175,11,241,-230
106000176,127,103,24
106000177,100,504,-404
106000178,309,199,110
106000179,73,430,-357
106000180,110,479,-369
106000181,63,439,-376
106000182,88,120,-32
106000183,65,214,-149
106000184,146,194,-48
106000185,95,159,-64
106000186,104,23,81
106000187,10,114,-104
106000188,0,0,0
106000189,0,8,-8
106000190,0,0,0
106000191,46,18,28
106000192,0,3,-3
106000193,31,27,4
106000194,35,58,-23
106000195,13,20,-7
106000196,2,54,-52
106000197,36,78,-42
106000198,15,56,-41
106000199,172,93,79
106000200,53,31,22
106000201,65,96,-31
106000202,958,66,892
106000203,45,38,7
106000204,3,1,2
106000205,8,26,-18
106000206,9,1,8
106000207,12,208,-196
106000208,46,4,42
106000209,49,31,18
106000210,31,342,-311
106000211,60,402,-342
106000212,19,13,6
106000213,55,200,-145
106000214,172,23,149
106000215,50,178,-128
106000216,179,55,124
106000217,36,164,-128
106000218,73,67,6
106000219,26,93,-67
106000220,84,100,-16
106000221,16,80,-64
106000222,57,21,36
106000223,7,15,-8
106000224,45,100,-55
106000225,3,6,-3
106000226,10,75,-65
106000228,4,22,-18
106000229,4,162,-158
106000231,39,20,19
106000232,10,90,-80
106000233,21,18,3
106000234,3,34,-31
106000235,15,10,5
106000236,24,6,18
106000237,0,19,-19
106000238,0,4,-4
106000239,0,13,-13
106000240,3,1,2
106000241,2,174,-172
106000242,7,3,4
106000249,0,0,0
106000250,6,69,-63
106000251,0,2,-2
106000252,0,17,-17
106000253,2,27,-25
106000254,10,5,5
106000255,1,26,-25
106000256,7,17,-10
106000257,13,43,-30
106000258,6,3,3
106000259,3,5,-2
106000260,1,0,1
106000261,0,14,-14
106000262,1,1,0
106000263,0,10,-10
106000264,22,1,21
106000265,1,16,-15
106000266,10,3,7
106000267,0,23,-23
106000268,32,2,30
106000269,12,16,-4
106000270,20,69,-49
106000271,6,38,-32
106000272,9,20,-11
106000273,2,33,-31
106000274,20,8,12
106000275,15,18,-3
106000276,6,11,-5
106000277,39,43,-4
106000278,44,18,26
106000279,2,25,-23
106000280,3,41,-38
106000281,26,22,4
106000282,27,16,11
106000283,6,11,-5
106000284,4,16,-12
106000285,6,23,-17
106000286,7,23,-16
106000287,8,30,-22
106000288,9,24,-15
106000289,7,13,-6
106000290,6,17,-11
106000291,8,12,-4
106000292,7,23,-16
106000293,7,16,-9
106000294,14,18,-4
106000295,6,12,-6
106000296,10,51,-41
106000297,21,32,-11
106000298,18,10,8
106000299,6,14,-8
106000300,10,34,-24
106000301,4,28,-24
106000303,0,3,-3
106000304,2,4,-2
106000305,2,2,0
106000306,7,5,2
106000307,4,0,4
106000308,3,24,-21
106000309,0,19,-19
106000310,74,104,-30
106000311,80,15,65
106000312,45,95,-50
106000313,12,36,-24
106000318,19,23,-4
106000319,60,5,55
106000320,1,3,-2
106000321,54,5,49
106000322,14,39,-25
106000324,1,23,-22
106000325,216,142,74
106000326,198,466,-268
106000327,8,8,0
106000328,1,8,-7
106000329,4,58,-54
106000330,2,9,-7
106000428,7,23,-16
106000429,15,137,-122
106000430,45,361,-316
106000431,92,51,41
106000432,220,573,-353
106000433,158,97,61
106000434,312,74,238
106000435,431,597,-166
106000436,9,58,-49
106000437,24,2,22
106000438,19,5,14
106000439,20,93,-73
106000440,33,270,-237
106000441,0,0,0
106000442,12,4,8
106000443,18,153,-135
106000450,1,29,-28
106000451,3,1,2
106000454,0,13,-13
106000455,2,54,-52
106000456,5,2,3
106000457,2,277,-275
106000458,13,16,-3
106000459,28,86,-58
106000460,44,3,41
106000461,5,349,-344
106000462,0,4,-4
106000463,0,7,-7
106000464,1,100,-99
106000465,9,0,9
106000466,0,155,-155
106000467,134,84,50
106000468,6,40,-34
106000469,21,0,21
106000470,37,89,-52
106000471,3,88,-85
106000472,8,0,8
106000473,2,2,0
106000474,90,272,-182
106000475,59,60,-1
106000476,84,101,-17
106000477,15,59,-44
106000480,0,35,-35
106900001,0,2,-2
106900002,1,102,-101
106900003,5,30,-25
106900004,0,11,-11
106900006,0,7,-7
106900007,0,2,-2
106900008,1,21,-20
106900009,2,35,-33
106900010,3,28,-25
106900012,100,23,77
106900013,0,0,0
106900014,3,1,2
106900015,0,0,0
106900016,1,0,1
106900017,0,0,0
106900018,2,0,2
106900019,1,1,0
106900020,306,26,280
106900021,0,4,-4
106900022,3,0,3
106900023,0,30,-30
106900024,2,0,2
106900025,1,71,-70
106900026,0,141,-141
106900027,13,1,12
106900028,1,21,-20
106900029,0,0,0
106900030,0,6,-6
107000001,177,277,-100
107000002,595,808,-213
107000003,449,854,-405
107000004,1075,1158,-83
107000005,236,476,-240
107000006,677,1538,-861
107000007,594,716,-122
107000008,3594,2910,684
107000009,571,679,-108
107000010,2381,2713,-332
107000011,169,212,-43
107000012,722,683,39
107000013,10,61,-51
107000014,13,65,-52
107000015,45,311,-266
107000016,86,242,-156
107000017,430,174,256
107000018,2,47,-45
107000020,98,24,74
107000021,143,193,-50
107000022,71,325,-254
107000023,252,83,169
107000024,51,510,-459
107000025,40,97,-57
107000026,15,197,-182
107000027,168,156,12
107000028,155,226,-71
107000029,180,233,-53
107000030,603,595,8
107000031,252,260,-8
107000032,13,61,-48
107000033,700,658,42
107000034,1183,382,801
107000035,53,35,18
107000036,119,227,-108
107000037,8,105,-97
107000038,54,49,5
107000039,63,96,-33
107000040,16,71,-55
107000041,150,82,68
107000042,87,257,-170
107000043,405,117,288
107000044,127,108,19
107000045,18,75,-57
107000046,49,35,14
107000047,56,205,-149
107000048,50,60,-10
107000049,41,177,-136
107000050,100,131,-31
107000051,104,45,59
107000052,171,112,59
107000053,31,20,11
107000054,19,47,-28
107000055,51,27,24
107000056,122,228,-106
107000057,466,72,394
107000058,122,169,-47
107000059,257,692,-435
107000060,311,501,-190
107000061,865,956,-91
107000062,288,318,-30
107000063,812,1463,-651
107000064,410,289,121
107000065,857,1578,-721
107000066,154,286,-132
107000067,121,160,-39
107000068,190,83,107
107000069,149,76,73
107000070,12,0,12
107000071,42,5,37
107000072,9,682,-673
107000073,15,25,-10
107000074,47,191,-144
107000075,103,5,98
107000076,79,479,-400
107000077,145,36,109
107000078,177,752,-575
107000079,154,35,119
107000080,128,713,-585
107000081,111,50,61
107000082,79,730,-651
107000083,68,52,16
107000084,90,567,-477
107000085,378,569,-191
107000086,521,542,-21
107000087,477,350,127
107000088,427,673,-246
107000089,284,214,70
107000090,224,205,19
107000091,169,171,-2
107000092,174,245,-71
107000093,177,166,11
107000094,146,262,-116
107000095,18,40,-22
107000096,151,235,-84
107000097,76,40,36
107000098,98,215,-117
107000099,48,28,20
107000100,69,91,-22
107000101,18,34,-16
107000102,142,121,21
107000103,41,42,-1
107000104,65,83,-18
107000105,30,21,9
107000106,27,97,-70
107000107,43,36,7
107000108,40,271,-231
107000109,0,0,0
107000110,10,174,-164
107000111,0,0,0
107000112,1,152,-151
107000113,0,0,0
107000114,9,224,-215
107000115,0,0,0
107000116,5,252,-247
107000117,0,0,0
107000118,23,92,-69
107000119,217,51,166
107000120,766,123,643
107000121,25,56,-31
107000122,180,188,-8
107000123,32,104,-72
107000124,99,242,-143
107000125,50,190,-140
107000126,173,316,-143
107000129,13,300,-287
107000130,7,26,-19
107000131,31,225,-194
107000132,21,57,-36
107000133,21,9,12
107000134,4,0,4
107000135,0,38,-38
107000136,24,2,22
107000137,1,113,-112
107000138,23,1,22
107000139,4,74,-70
107000140,93,2,91
107000141,18,196,-178
107000142,15,5,10
107000143,5,229,-224
107000144,50,23,27
107000145,25,106,-81
107000146,26,13,13
107000147,1000,206,794
107000150,117,228,-111
107000151,2,7,-5
107000152,52,73,-21
107000153,44,53,-9
107000154,2,10,-8
107000155,94,3,91
107000156,122,5,117
107000157,0,608,-608
107000158,50,5,45
107000159,4,381,-377
107000160,59,18,41
107000161,4,442,-438
107000162,30,28,2
107000163,2,1,1
107000164,22,0,22
107000165,34,0,34
107000166,5,339,-334
107000167,42,24,18
107000168,107,41,66
107000169,164,242,-78
107000170,76,49,27
107000171,60,777,-717
107000172,82,102,-20
107000173,124,272,-148
107000174,117,206,-89
107000175,2437,380,2057
107000176,0,0,0
107000177,0,0,0
107000178,1,2,-1
107000179,45,786,-741
107000180,89,77,12
107000181,45,354,-309
107000182,78,102,-24
107000183,14,282,-268
107000184,76,106,-30
107000185,19,287,-268
107000186,30,26,4
107000187,153,224,-71
107000188,88,60,28
107000189,71,187,-116
107000190,111,116,-5
107000191,137,227,-90
107000192,130,189,-59
107000193,68,68,0
107000194,149,152,-3
107000197,24,29,-5
107000198,28,141,-113
107000199,82,156,-74
107000200,171,78,93
107000201,93,44,49
107000202,53,104,-51
107000203,377,55,322
107000204,316,81,235
107000205,597,131,466
107000206,115,67,48
107000207,157,119,38
107000208,229,41,188
107000209,175,52,123
107000210,148,30,118
107000211,0,23,-23
107000212,3,46,-43
107000213,2,4,-2
107000214,0,16,-16
107000215,75,143,-68
107000216,21,125,-104
107000217,13,18,-5
107000219,9,17,-8
107000220,13,107,-94
107000222,38,148,-110
107000224,27,6,21
107000225,26,129,-103
107000226,17,8,9
107000227,12,95,-83
107000228,21,45,-24
107000229,25,10,15
107000230,337,131,206
107000231,58,62,-4
107000232,15,25,-10
107000233,32,67,-35
107000234,0,3,-3
107000235,0,0,0
107000236,3,71,-68
107000237,0,0,0
107000238,0,0,0
107000239,1182,80,1102
107000240,12,263,-251
107000243,0,10,-10
107000244,1,33,-32
107000246,0,246,-246
107000249,1,180,-179
107000251,0,36,-36
107000252,1,288,-287
107000255,134,12,122
107000257,2,197,-195
107000258,0,32,-32
107000259,0,40,-40
107000260,47,0,47
107000262,1,249,-248
107000263,17,0,17
107000266,1,0,1
107000267,10,55,-45
107000268,21,53,-32
107000269,7,6,1
107000270,0,0,0
107000271,0,277,-277
107000272,0,152,-152
107000273,0,73,-73
107000274,32,2,30
107000275,13,142,-129
107000280,109,3,106
107000281,2,292,-290
107000282,2,485,-483
107000290,0,9,-9
107000291,3,0,3
107000292,1,16,-15
107000293,29,0,29
107000294,0,17,-17
107000295,2,0,2
107000296,0,0,0
107000444,28,1,27
107000496,0,0,0
107000497,175,919,-744
107000500,118,54,64
107000501,18,36,-18
107000502,27,69,-42
107000505,135,173,-38
107000506,0,2,-2
107000508,1,171,-170
107000509,12,27,-15
107000510,19,1,18
107000514,1,47,-46
107000515,1,112,-111
107000516,44,24,20
107000518,58,6,52
107000519,789,271,518
107000520,3,0,3
107000521,78,75,3
107000522,41,133,-92
107900001,7,86,-79
107900002,2,6,-4
107900003,17,3,14
107900004,0,0,0
107900005,59,0,59
107900006,4,0,4
107900007,5,1,4
107900008,30,14,16
107900009,8,0,8
107900010,2,0,2
107900012,22,1,21
107900013,12,9,3
107900014,0,0,0
107900015,57,2,55
107900016,123,39,84
107900017,2,0,2
107900018,6,3,3
107900019,1,19,-18
107900020,29,0,29
107900021,4,23,-19
107900023,0,0,0
107900024,0,0,0
107900025,33,69,-36
107900026,1,19,-18
107900027,1,15,-14
107900028,1,33,-32
107900030,20,1,19
107900031,6,72,-66
107900032,0,0,0
107900033,0,0,0
107900034,3,0,3
107900035,43,3,40
107900036,12,0,12
107900037,0,4,-4
107900038,21,6,15
107900039,1,4,-3
107900040,2,10,-8
107900041,1,0,1
107900043,3,32,-29
107900044,0,1,-1
107900045,3,1,2
107900046,15,2,13
107900047,0,12,-12
107900048,14,0,14
107900049,30,21,9
107900050,5,58,-53
107900051,6,13,-7
107900052,4,0,4
107900053,7,22,-15
107900055,13,18,-5
107900056,1,1,0
107900057,0,0,0
107900058,1,171,-170
107900060,0,7,-7
107900061,1,2,-1
107900063,3,15,-12
107900064,54,6,48
107900065,8,1,7
107900066,0,2,-2
107900067,0,0,0
107900068,55,12,43
107900069,5,57,-52
107900070,5,1,4
107900071,2,207,-205
107900072,0,43,-43
107900073,2,27,-25
107900074,262,37,225
107900076,7,4,3
107900077,4,0,4
107900079,0,0,0
107900080,115,20,95
107900081,1,9,-8
107900082,1,8,-7
107900083,19,15,4
107900084,6,10,-4
107900086,9,8,1
107900087,28,11,17
107900088,1,3,-2
107900089,100,73,27
107900090,45,73,-28
107900091,18,77,-59
107900093,1,9,-8
107900095,431,176,255
107900097,0,9,-9
107900098,2,5,-3
107900100,128,39,89
107900101,161,36,125
107900102,20,0,20
107900103,3,33,-30
107900104,3,1,2
107900105,1,126,-125
107900106,2,285,-283
107900107,181,20,161
107900108,19,12,7
107900109,38,1,37
107900110,0,20,-20
107900111,0,290,-290
107900112,15,59,-44
107900113,2,5,-3
107900114,5,88,-83
107900115,1,11,-10
107900116,12,84,-72
107900117,69,89,-20
107900118,11,42,-31
107900119,13,9,4
107900120,27,1,26
107900121,0,11,-11
107900122,1,11,-10
107900123,1,7,-6
107900124,1,11,-10
107900125,4,51,-47
107900126,0,1,-1
107900127,56,7,49
107900128,8,18,-10
107900129,0,16,-16
107900130,1,3,-2
107900131,42,3,39
107900132,7,95,-88
107900133,0,13,-13
107900134,3,2,1
107900135,0,23,-23
107900136,9,4,5
107900137,5,19,-14
107900138,2,2,0
107900139,1,6,-5
107900141,6,1,5
107900142,7,246,-239
107900143,19,13,6
107900144,0,25,-25
107900145,0,25,-25
107900146,2,12,-10
107900147,3,3,0
107900148,39,33,6
107900149,412,9,403
107900150,2,156,-154
107900151,0,24,-24
107900152,4,35,-31
107900153,8,16,-8
107900154,2,0,2
107900155,5,8,-3
107900156,0,87,-87
107900157,6,15,-9
107900158,37,2,35
107900159,13,216,-203
107900160,2,11,-9
107900161,3,48,-45
107900162,0,6,-6
107900163,6,1,5
107900164,0,4,-4
107900165,31,7,24
107900166,0,103,-103
107900167,0,1,-1
107900168,3,10,-7
107900169,0,34,-34
107900171,1,360,-359
107900172,0,60,-60
107900173,0,72,-72
107900174,4,2,2
107900175,1,0,1
107900176,1,1,0
107900177,0,8,-8
107900178,0,34,-34
107900179,0,40,-40
107900180,205,6,199
107900181,27,81,-54
107900182,2,265,-263
107900183,0,104,-104
107900184,6,32,-26
107900185,5,1,4
107900186,2,3,-1
107900187,0,39,-39
107900188,81,16,65
107900189,0,10,-10
107900190,45,6,39
107900191,9,36,-27
107900193,7,8,-1
107900194,5,2,3
107900195,691,37,654
107900196,2,3,-1
107900197,43,13,30
107900199,1,333,-332
107900201,21,30,-9
107900203,2,13,-11
107900204,50,55,-5
107900206,141,20,121
107900207,1,132,-131
107900208,0,181,-181
107900209,51,16,35
107900210,12,32,-20
107900213,32,65,-33
107900214,1,31,-30
107900215,29,78,-49
107900216,6,18,-12
107900217,4,3,1
107900218,2,396,-394
107900219,1,37,-36
107900220,18,9,9
107900221,50,35,15
107900223,5,63,-58
107900224,31,44,-13
107900225,0,176,-176
107900226,4,49,-45
107900227,11,53,-42
107900228,0,20,-20
107900229,2,95,-93
107900230,0,29,-29
107900231,0,37,-37
107900232,1,72,-71
107900233,8,18,-10
107900234,5,34,-29
107900235,8,23,-15
107900236,2,19,-17
107900237,17,105,-88
107900238,7,43,-36
107900239,235,67,168
107900240,6,53,-47
107900241,5,25,-20
107900242,2,112,-110
107900243,1,5,-4
107900244,15,0,15
107900245,14,3,11
107900246,1,0,1
107900248,9,41,-32
107900249,18,1,17
107900250,1,96,-95
107900251,1,177,-176
107900252,26,0,26
107900253,8,2,6
107900254,0,4,-4
107900255,28,8,20
107900256,16,84,-68
107900257,6,3,3
107900258,3,81,-78
107900259,2,76,-74
107900261,0,73,-73
107900262,2,29,-27
107900264,24,0,24
107900265,8,54,-46
107900267,1,1,0
107900268,14,1,13
107900269,0,0,0
107900270,0,0,0
107900271,0,0,0
107900272,0,1,-1
107900273,0,13,-13
107900274,3,0,3
107900275,16,0,16
107900276,0,13,-13
107900277,0,74,-74
107900278,34,62,-28
107900279,33,21,12
107900280,270,254,16
107900281,688,137,551
107900282,4,34,-30
107900283,304,141,163
107900284,9,131,-122
107900285,8,32,-24
107900286,16,6,10
107900287,18,8,10
107900290,0,6,-6
107900291,41,1,40
107900292,6,72,-66
107900293,8,107,-99
107900295,3,22,-19
107900297,1,69,-68
107900298,103,132,-29
107900299,805,134,671
107900301,22,47,-25
107900302,4,0,4
107900303,12,48,-36
107900304,26,161,-135
107900305,20,1,19
107900306,3,3,0
107900307,1,96,-95
107900308,16,7,9
107900309,0,0,0
107900310,0,0,0
107900311,8,9,-1
107900312,0,0,0
107900313,0,11,-11
107900314,0,7,-7
107900315,0,3,-3
107900316,0,0,0
107900317,5,0,5
107900318,0,24,-24
107900319,2,68,-66
107900320,0,31,-31
107900321,0,1,-1
107900322,0,55,-55
107900323,1,16,-15
107900324,12,0,12
107900325,15,0,15
107900326,1,96,-95
107900327,0,0,0
107900328,0,0,0
107900329,0,0,0
107900330,0,143,-143
107900331,10,5,5
107900332,20,5,15
107900333,1,0,1
107900334,4,69,-65
107900335,2,39,-37
107900336,0,8,-8
107900337,260,50,210
107900338,0,30,-30
107900339,1,7,-6
107900340,0,13,-13
107900341,0,1,-1
107900342,19,12,7
107900343,0,1,-1
107900344,0,36,-36
107900345,3,2,1
107900346,2,0,2
107900347,1,0,1
107900348,0,0,0
107900349,4,0,4
107900350,19,75,-56
107900351,1,61,-60
107900352,0,11,-11
107900353,1,14,-13
107900354,2,24,-22
108000001,362,398,-36
108000002,516,1035,-519
108000003,479,278,201
108000004,4189,4162,27
108000005,616,387,229
108000006,913,1432,-519
108000007,522,486,36
108000008,908,1507,-599
108000009,293,578,-285
108000010,421,1504,-1083
108000011,984,1023,-39
108000012,3774,3967,-193
108000014,26,57,-31
108000015,22,45,-23
108000016,46,173,-127
108000017,24,40,-16
108000018,57,40,17
108000019,47,51,-4
108000020,59,33,26
108000021,68,418,-350
108000022,78,321,-243
108000023,146,13,133
108000024,13,124,-111
108000025,13,35,-22
108000026,33,140,-107
108000027,40,250,-210
108000028,15,59,-44
108000029,23,293,-270
108000030,9,29,-20
108000031,24,149,-125
108000032,67,28,39
108000033,76,338,-262
108000034,116,36,80
108000035,194,683,-489
108000036,57,440,-383
108000037,144,31,113
108000038,165,37,128
108000039,63,619,-556
108000040,126,55,71
108000041,78,647,-569
108000042,3,39,-36
108000043,26,71,-45
108000044,8,20,-12
108000045,32,235,-203
108000046,58,46,12
108000047,46,261,-215
108000048,26,124,-98
108000049,19,14,5
108000050,71,168,-97
108000051,14,19,-5
108000052,71,180,-109
108000053,24,18,6
108000054,82,188,-106
108000055,94,50,44
108000056,226,228,-2
108000057,91,110,-19
108000058,177,308,-131
108000059,627,330,297
108000060,28,50,-22
108000061,44,159,-115
108000062,52,63,-11
108000063,32,215,-183
108000064,25,34,-9
108000065,74,142,-68
108000066,151,62,89
108000067,131,52,79
108000068,49,36,13
108000069,35,343,-308
108000070,75,62,13
108000071,84,560,-476
108000072,57,78,-21
108000073,181,404,-223
108000074,20,28,-8
108000075,50,192,-142
108000076,52,34,18
108000077,115,236,-121
108000078,217,101,116
108000079,274,352,-78
108000080,69,55,14
108000081,116,550,-434
108000082,284,287,-3
108000083,166,71,95
108000084,95,286,-191
108000085,51,41,10
108000086,124,165,-41
108000087,5,137,-132
108000088,47,7,40
108000089,39,43,-4
108000091,17,172,-155
108000092,8,6,2
108000093,26,229,-203
108000094,33,9,24
108000095,22,146,-124
108000096,4,13,-9
108000097,12,181,-169
108000098,36,94,-58
108000099,94,36,58
108000100,2,53,-51
108000101,83,67,16
108000102,118,322,-204
108000106,26,0,26
108000107,0,135,-135
108000108,25,2,23
108000109,1,181,-180
108000110,15,29,-14
108000111,35,219,-184
108000112,2,8,-6
108000113,107,76,31
108000115,98,86,12
108000117,152,100,52
108000118,57,139,-82
108000119,129,173,-44
108000120,5,148,-143
108000121,38,145,-107
108000122,26,99,-73
108000123,19,48,-29
108000124,31,151,-120
108000125,19,64,-45
108000126,34,243,-209
108000127,29,113,-84
108000128,41,206,-165
108000129,20,463,-443
108000130,18,89,-71
108000131,37,23,14
108000132,95,220,-125
108000133,54,98,-44
108000134,76,224,-148
108000135,66,71,-5
108000136,194,278,-84
108000137,29,100,-71
108000138,52,227,-175
108000139,16,80,-64
108000140,2,3,-1
108000141,5,32,-27
108000142,2,34,-32
108000143,14,136,-122
108000144,14,14,0
108000145,6,7,-1
108000146,38,5,33
108000147,2,8,-6
108000148,8,1,7
108000149,3,5,-2
108000150,5,0,5
108000151,10,3,7
108000152,14,161,-147
108000153,4,20,-16
108000154,7,1,6
108000155,4,11,-7
108000156,107,94,13
108000157,14,61,-47
108000158,26,67,-41
108000159,158,24,134
108000160,1215,90,1125
108000161,836,120,716
108000165,0,30,-30
108000172,4,14,-10
108000173,438,244,194
108000175,27,12,15
108000178,100,93,7
108000179,52,107,-55
108000181,13,9,4
108000182,43,6,37
108000183,8,53,-45
108000184,182,236,-54
108000185,3,114,-111
108000186,11,103,-92
108000187,7,180,-173
108000188,52,56,-4
108000189,247,327,-80
108000190,2,31,-29
108000192,13,146,-133
108000193,135,4,131
108000194,0,0,0
108000195,1,288,-287
108000196,2,15,-13
108000198,53,60,-7
108000199,1,49,-48
108000200,31,122,-91
108000203,18,208,-190
108000204,17,6,11
108000205,86,94,-8
108000339,190,34,156
108000364,53,96,-43
108000365,10,57,-47
108000367,10,58,-48
108000368,4,12,-8
108000369,311,27,284
108000371,1,186,-185
108000372,21,1,20
108000373,0,0,0
108000376,15,5,10
108000377,77,57,20
108000378,1412,864,548
108000379,2,28,-26
108000381,2,2,0
108000382,28,2,26
108000383,0,56,-56
108900001,14,153,-139
108900002,51,7,44
108900003,37,226,-189
108900004,117,40,77
108900007,18,17,1
108900008,0,30,-30
108900009,10,8,2
108900010,12,21,-9
108900011,21,65,-44
108900012,10,126,-116
108900013,8,52,-44
108900014,0,11,-11
108900015,0,0,0
108900016,0,56,-56
108900017,42,26,16
108900018,8,119,-111
108900019,1,330,-329
108900020,3,77,-74
108900021,32,61,-29
108900022,2,0,2
108900023,1,3,-2
108900024,0,39,-39
108900025,3,12,-9
108900026,1,18,-17
108900027,0,30,-30
108900028,3,157,-154
108900029,12,36,-24
108900030,0,26,-26
108900031,6,107,-101
108900032,0,57,-57
108900033,1,22,-21
108900034,0,95,-95
108900035,12,495,-483
108900038,0,83,-83
108900039,0,126,-126
108900040,2,29,-27
108900041,1176,242,934
108900042,2,50,-48
108900043,18,74,-56
108900044,1,195,-194
108900045,2,108,-106
108900046,5,222,-217
108900047,0,14,-14
108900048,13,209,-196
108900049,1035,86,949
108900050,0,90,-90
108900051,0,43,-43
108900052,0,54,-54
108900053,4,11,-7
108900054,4,47,-43
108900055,7,127,-120
108900056,0,58,-58
108900057,1,52,-51
108900058,6,142,-136
108900059,45,2,43
108900060,13,11,2
108900061,9,4,5
108900062,0,117,-117
108900063,6,104,-98
108900064,3,5,-2
108900065,1,131,-130
108900066,9,20,-11
108900067,0,70,-70
108900068,0,62,-62
108900069,2,33,-31
108900070,12,74,-62
108900071,6,6,0
108900072,396,20,376
108900073,2,133,-131
108900074,2,79,-77
108900075,7,32,-25
108900076,8,7,1
108900077,29,193,-164
108900078,0,35,-35
108900079,138,37,101
108900080,1,43,-42
108900081,19,58,-39
108900082,2,17,-15
108900083,2,18,-16
108900085,435,17,418
108900086,10,76,-66
108900087,13,50,-37
108900088,39,13,26
108900089,1,3,-2
108900090,2,116,-114
108900091,56,30,26
108900092,41,22,19
108900093,9,6,3
108900094,43,9,34
108900095,9,139,-130
108900096,111,10,101
108900097,11,56,-45
108900098,669,25,644
108900099,34,82,-48
108900100,3,29,-26
108900101,17,6,11
108900102,3,76,-73
108900103,7,10,-3
108900105,3,55,-52
108900106,8,196,-188
108900108,39,2,37
108900109,7,10,-3
108900110,5,95,-90
108900111,10,238,-228
108900113,9,0,9
108900114,3,4,-1
108900115,8,14,-6
108900116,2,0,2
108900117,4,9,-5
108900118,22,0,22
108900119,31,7,24
108900120,10,44,-34
108900121,13,0,13
108900122,1,1,0
108900123,1,1,0
108900124,38,8,30
108900125,9,0,9
108900126,3,1,2
108900127,8,2,6
108900128,5,0,5
108900129,32,8,24
108900130,5,1,4
108900131,21,0,21
108900132,21,8,13
108900133,31,2,29
108900134,5,32,-27
108900135,15,0,15
108900136,1,0,1
108900137,4,0,4
108900138,25,0,25
108900140,9,24,-15
108900141,7,0,7
108900142,4,0,4
108900143,1,0,1
108900144,0,0,0
108900145,2,1,1
108900146,0,0,0
108900147,3,0,3
108900148,3,0,3
108900150,42,0,42
108900151,3,1,2
108900152,3,0,3
108900153,16,158,-142
108900154,263,29,234
108900156,5,15,-10
108900157,0,138,-138
108900158,4,6,-2
108900159,2,91,-89
108900160,2,56,-54
108900161,0,50,-50
108900162,4,0,4
108900163,0,24,-24
108900164,6,16,-10
108900168,2564,193,2371
108900169,2,35,-33
108900171,1195,185,1010
108900172,29,6,23
108900173,41,52,-11
108900174,41,118,-77
108900176,13,184,-171
108900177,2009,266,1743
108900178,1040,145,895
108900180,8,24,-16
108900183,37,37,0
108900184,24,18,6
108900185,3,76,-73
108900186,1,61,-60
108900189,11,25,-14
108900190,0,441,-441
108900192,4,72,-68
108900195,4,83,-79
108900196,2,106,-104
108900199,23,75,-52
108900200,38,38,0
108900201,12,215,-203
108900203,21,1,20
108900204,12,1,11
108900205,7,0,7
108900206,18,3,15
108900207,11,4,7
108900208,5,44,-39
108900209,37,115,-78
108900210,18,28,-10
108900211,10,27,-17
108900212,71,90,-19
108900215,6,120,-114
108900216,66,9,57
108900217,1,0,1
108900218,3,1,2
108900221,1,8,-7
108900224,6,6,0
108900225,0,31,-31
108900227,6,9,-3
108900230,110,95,15
108900232,0,107,-107
108900233,9,1,8
108900234,12,6,6
108900235,28,108,-80
108900236,4,75,-71
108900240,2,17,-15
108900241,3,18,-15
108900245,0,36,-36
108900250,1,7,-6
108900258,11,36,-25
108900259,1,8,-7
108900260,0,32,-32
108900261,22,20,2
108900262,68,14,54
108900263,4,60,-56
108900264,36,52,-16
108900265,317,36,281
108900266,117,13,104
108900267,0,10,-10
108900268,0,0,0
108900269,3,2,1
108900270,6,2,4
108900271,0,0,0
108900272,7,0,7
108900273,188,40,148
108900274,2,12,-10
109000001,530,99,431
109000002,986,283,703
109000003,216,79,137
109000004,104,638,-534
109000005,143,123,20
109000006,179,574,-395
109000007,130,128,2
109000008,98,514,-416
109000009,340,196,144
109000010,247,941,-694
109000011,231,232,-1
109000012,286,1118,-832
109000013,261,245,16
109000014,233,1057,-824
109000015,654,446,208
109000016,2158,1238,920
109000017,335,211,124
109000018,149,1103,-954
109000019,337,160,177
109000020,316,684,-368
109000023,0,1,-1
109000024,0,45,-45
109000025,69,67,2
109000026,110,43,67
109000027,14,103,-89
109000028,13,21,-8
109000029,18,20,-2
109000030,2,115,-113
109000031,0,0,0
109000032,10,92,-82
109000033,14,10,4
109000034,10,16,-6
109000035,2,15,-13
109000036,29,63,-34
109000037,36,138,-102
109000038,192,68,124
109000039,64,62,2
109000040,550,291,259
109000041,1385,189,1196
109000042,156,140,16
109000044,15,35,-20
109000045,27,156,-129
109000046,5,8,-3
109000047,42,147,-105
109000048,94,64,30
109000049,35,222,-187
109000050,25,69,-44
109000051,70,99,-29
109000052,53,428,-375
109000053,41,41,0
109000054,27,143,-116
109000055,13,7,6
109000056,26,164,-138
109000057,22,21,1
109000058,118,102,16
109000059,29,161,-132
109000060,51,24,27
109000061,304,71,233
109000062,9,14,-5
109000063,18,57,-39
109000064,21,2,19
109000065,13,106,-93
109000066,36,9,27
109000067,3,101,-98
109000068,18,2,16
109000069,4,0,4
109000070,3,226,-223
109000071,84,7,77
109000072,18,75,-57
109000073,5,13,-8
109000074,11,35,-24
109000075,7,157,-150
109000076,17,49,-32
109000077,60,79,-19
109000078,17,17,0
109000079,21,66,-45
109000080,11,92,-81
109000081,6,152,-146
109000082,20,76,-56
109000083,17,201,-184
109000088,10,100,-90
109000089,30,5,25
109000090,56,158,-102
109000091,47,5,42
109000092,33,195,-162
109000093,53,6,47
109000094,17,0,17
109000095,25,192,-167
109000096,45,3,42
109000097,15,44,-29
109000098,0,3,-3
109000099,40,55,-15
109000100,12,119,-107
109000101,59,151,-92
109000102,11,208,-197
109000103,72,122,-50
109000104,109,99,10
109000105,40,392,-352
109000106,111,111,0
109000107,44,455,-411
109000108,57,88,-31
109000109,56,475,-419
109000110,61,87,-26
109000111,139,608,-469
109000112,25,21,4
109000113,33,47,-14
109000114,16,55,-39
109000115,176,13,163
109000116,10,85,-75
109000117,8,18,-10
109000118,0,96,-96
109000119,36,67,-31
109000120,14,359,-345
109000121,37,21,16
109000122,10,342,-332
109000123,10,82,-72
109000124,44,80,-36
109000125,44,81,-37
109000126,44,188,-144
109000127,75,64,11
109000128,36,709,-673
109000129,94,58,36
109000130,157,801,-644
109000131,109,63,46
109000132,134,552,-418
109000133,54,252,-198
109000134,104,369,-265
109000135,190,306,-116
109000136,27,120,-93
109000137,13,35,-22
109000138,77,162,-85
109000139,29,72,-43
109000140,19,223,-204
109000141,39,115,-76
109000142,23,115,-92
109000143,26,9,17
109000145,22,17,5
109000146,10,21,-11
109000148,685,49,636
109000149,6,2,4
109000150,19,11,8
109000155,26,93,-67
109000156,212,146,66
109000158,3,73,-70
109000159,13,109,-96
109000160,112,70,42
109000161,43,258,-215
109000162,232,282,-50
109000163,108,296,-188
109000164,149,482,-333
109000165,95,130,-35
109000166,48,28,20
109000167,12,226,-214
109000170,3,3,0
109000171,10,6,4
109000172,2,22,-20
109000173,33,10,23
109000174,7,38,-31
109000175,9,66,-57
109000176,36,99,-63
109000177,2,17,-15
109000178,53,115,-62
109000179,1432,249,1183
109000180,845,459,386
109000181,1,11,-10
109000182,4,15,-11
109000183,5,37,-32
109000184,8,9,-1
109000185,2,53,-51
109000188,46,582,-536
109000189,135,177,-42
109000190,68,117,-49
109000191,18,76,-58
109000192,16,70,-54
109000193,35,154,-119
109000194,21,19,2
109000195,10,75,-65
109000196,16,22,-6
109000197,25,119,-94
109000198,9,15,-6
109000199,23,78,-55
109000206,9,4,5
109000207,16,8,8
109000208,18,8,10
109000209,19,13,6
109000210,35,90,-55
109000211,13,74,-61
109000214,32,398,-366
109000215,9,10,-1
109000216,1,12,-11
109000217,17,8,9
109000218,23,10,13
109000221,20,292,-272
109000222,48,3,45
109000223,61,36,25
109000224,13,91,-78
109000225,5,4,1
109000226,11,71,-60
109000227,92,355,-263
109000228,0,81,-81
109000231,0,166,-166
109000232,16,147,-131
109000236,30,231,-201
109000241,182,434,-252
109000242,73,160,-87
109000293,8,33,-25
109000361,23,44,-21
109000364,27,147,-120
109000396,3,334,-331
109000397,33,1,32
109000399,35,151,-116
109000400,14,135,-121
109000403,3,34,-31
109000406,0,1,-1
109000407,14,25,-11
109000408,0,93,-93
109000410,98,46,52
109000411,8,18,-10
109000412,0,56,-56
109900001,4,0,4
109900002,37,3,34
109900003,6,0,6
109900005,1,0,1
109900006,10,63,-53
109900007,20,244,-224
109900008,0,2,-2
109900009,22,263,-241
109900010,57,3,54
109900011,8,3,5
109900012,4,17,-13
109900013,17,12,5
109900014,7,14,-7
109900015,13,15,-2
109900016,3,17,-14
109900017,13,13,0
109900018,3,70,-67
109900019,9,47,-38
109900020,3,2,1
109900021,8,2,6
109900022,6,83,-77
109900023,3,0,3
109900024,0,0,0
109900025,0,20,-20
109900027,0,1,-1
109900028,698,53,645
109900029,0,111,-111
109900030,2,1,1
109900031,0,10,-10
109900032,1,75,-74
109900033,0,88,-88
109900034,0,1,-1
109900035,0,1,-1
109900036,2,7,-5
109900037,2,104,-102
109900038,3,43,-40
109900039,1,0,1
109900040,17,155,-138
109900041,6,100,-94
109900042,1,127,-126
109900044,10,83,-73
109900045,17,2,15
109900046,7,16,-9
109900047,21,72,-51
109900048,0,19,-19
109900049,1,1,0
109900050,0,45,-45
109900051,0,3,-3
109900052,1,38,-37
109900053,0,108,-108
109900054,32,13,19
109900055,1,41,-40
109900056,1,4,-3
109900057,0,48,-48
109900058,0,30,-30
109900060,31,25,6
109900061,20,61,-41
109900062,0,46,-46
109900064,14,31,-17
109900065,9,16,-7
109900066,20,244,-224
109900067,0,100,-100
109900068,0,0,0
109900069,0,4,-4
109900071,0,2,-2
109900072,1,20,-19
109900073,11,147,-136
109900074,1,32,-31
109900075,0,0,0
109900076,1,150,-149
109900077,0,6,-6
109900078,4,67,-63
109900080,6,70,-64
109900081,1,20,-19
109900082,0,130,-130
109900083,0,12,-12
109900084,2,34,-32
109900085,5,295,-290
109900086,4,38,-34
109900087,8,49,-41
109900089,12,17,-5
109900092,3,0,3
109900093,41,19,22
109900094,5,13,-8
109900095,1,34,-33
109900096,1,1,0
109900097,1,0,1
109900098,12,0,12
109900099,5,0,5
109900100,4,0,4
109900101,34,0,34
109900102,42,7,35
109900103,0,10,-10
109900104,55,319,-264
109900105,57,11,46
109900106,9,8,1
109900107,20,17,3
109900108,9,163,-154
109900109,8,90,-82
109900111,17,266,-249
109900114,94,17,77
109900115,20,15,5
109900117,34,32,2
109900121,44,14,30
109900123,0,53,-53
109900125,0,51,-51
109900126,0,46,-46
109900130,2516,132,2384
109900131,6,27,-21
109900132,1,25,-24
109900134,0,3,-3
109900135,27,3,24
109900137,20,96,-76
109900140,29,111,-82
109900149,3,3,0
109900150,1,4,-3
109900151,0,3,-3
109900152,0,2,-2
109900153,0,3,-3
109900154,0,0,0
109900155,7,2,5
109900157,4,41,-37
109900159,12,4,8
109900161,12,12,0
109900162,10,16,-6
109900163,138,38,100
109900164,7,119,-112
109900165,20,0,20
109900166,0,25,-25
109900167,11,155,-144
109900168,9,160,-151
109900169,4,26,-22
109900170,29,51,-22
109900171,12,22,-10
109900172,16,23,-7
109900173,661,74,587
109900174,6,37,-31
109900175,9,23,-14
109900176,26,30,-4
109900177,1,73,-72
109900178,0,18,-18
109900179,0,2,-2
109900180,8,4,4
110000001,161,184,-23
110000002,72,91,-19
110000003,190,220,-30
110000004,145,82,63
110000005,255,184,71
110000006,86,74,12
110000007,17,17,0
110000008,1,6,-5
110000009,3,9,-6
110000010,8,22,-14
110000011,3,26,-23
110000012,173,134,39
110000013,8,56,-48
110000014,149,111,38
110000015,114,68,46
110000016,39,92,-53
110000017,732,70,662
110000018,737,86,651
110000019,2,32,-30
110000020,132,36,96
110000021,83,70,13
110000022,53,12,41
110000023,3,44,-41
110000024,147,93,54
110000025,12,1,11
110000026,1,134,-133
110000027,170,29,141
110000028,149,132,17
110000029,56,261,-205
110000030,39,71,-32
110000031,43,167,-124
110000032,112,80,32
110000033,16,12,4
110000034,60,136,-76
110000035,48,180,-132
110000036,49,104,-55
110000037,10,167,-157
110000038,47,114,-67
110000039,48,132,-84
110000040,48,95,-47
110000041,9,40,-31
110000042,30,84,-54
110000043,18,10,8
110000044,2,19,-17
110000045,6,2,4
110000046,0,1,-1
110000047,0,0,0
110000048,1,1,0
110000049,1,2,-1
110000050,0,2,-2
110000051,0,0,0
110000052,4,14,-10
110000053,1,0,1
110000054,11,20,-9
110000055,11,3,8
110000056,1,7,-6
110000057,48,217,-169
110000058,74,122,-48
110000059,160,177,-17
110000060,52,76,-24
110000061,198,266,-68
110000062,83,91,-8
110000063,2,11,-9
110000064,10,30,-20
110000065,2,16,-14
110000066,12,1,11
110000067,7,62,-55
110000068,19,115,-96
110000069,13,11,2
110000071,1,18,-17
110000073,1,2,-1
110000075,1,34,-33
110000076,32,30,2
110000077,75,64,11
110000078,2,8,-6
110000080,45,93,-48
110000081,3,63,-60
110000082,3,34,-31
110000083,22,127,-105
110000084,93,52,41
110000085,603,295,308
110000086,139,122,17
110000087,0,15,-15
110000088,10,104,-94
110000089,21,52,-31
110000090,15,92,-77
110000091,465,74,391
110000092,5,33,-28
110000093,21,0,21
110000094,82,54,28
110000095,10,48,-38
110000096,1011,348,663
110000097,158,120,38
110000098,135,69,66
110000099,162,306,-144
110000100,18,160,-142
110000101,2,118,-116
110000102,0,8,-8
110000104,11,12,-1
110000105,1,92,-91
110000106,33,22,11
110000107,53,79,-26
110000108,4,4,0
110000109,64,92,-28
110000110,541,180,361
110000111,1622,306,1316
110000112,190,71,119
110000113,63,53,10
110000114,25,42,-17
110000115,23,85,-62
110000116,5,17,-12
110000117,15,141,-126
110000118,63,52,11
110000119,20,78,-58
110000120,78,35,43
110000121,22,42,-20
110000122,52,81,-29
110000123,78,50,28
110000124,0,144,-144
110000125,126,0,126
110000126,26,2,24
110000127,65,4,61
110000128,3,303,-300
110000129,0,164,-164
110000130,23,20,3
110000131,17,136,-119
110000132,0,153,-153
110000133,8,53,-45
110000134,21,62,-41
110000135,33,4,29
110000136,14,93,-79
110000137,64,145,-81
110000138,44,201,-157
110000139,85,265,-180
110000140,167,49,118
110000143,75,38,37
110000144,401,164,237
110000145,164,78,86
110000146,171,62,109
110000147,28,124,-96
110000148,23,18,5
110000151,198,105,93
110000152,145,44,101
110000153,2,15,-13
110000154,0,0,0
110000155,204,286,-82
110000156,134,226,-92
110000157,317,323,-6
110000160,58,117,-59
110000161,22,103,-81
110000166,7,16,-9
110000167,49,100,-51
110000168,63,38,25
110000169,42,33,9
110000170,9,9,0
110000171,65,22,43
110000172,32,168,-136
110000173,224,265,-41
110000174,16,420,-404
110000175,22,8,14
110000176,4,16,-12
110000177,19,96,-77
110000178,105,124,-19
110000179,288,49,239
110000180,16,59,-43
110000181,70,88,-18
110000182,65,43,22
110000183,1826,650,1176
110000184,67,288,-221
110000185,115,105,10
110000186,100,114,-14
110000191,37,96,-59
110000192,20,0,20
110000193,59,0,59
110000194,0,211,-211
110000195,5,60,-55
110000196,15,130,-115
110000197,4,55,-51
110000198,14,9,5
110000199,7,27,-20
110000200,248,178,70
110000201,38,72,-34
110000202,96,92,4
110000203,92,219,-127
110000204,0,107,-107
110000205,20,12,8
110000206,59,425,-366
110000207,41,55,-14
110000208,16,43,-27
110000209,16,188,-172
110000210,0,0,0
110000211,0,0,0
110000212,26,133,-107
110000213,6,6,0
110000214,17,8,9
110000215,10,183,-173
110000216,8,178,-170
110000217,21,54,-33
110000218,14,94,-80
110000219,21,2,19
110000220,4,156,-152
110000221,5,8,-3
110000222,2,100,-98
110000223,0,3,-3
110000224,1,0,1
110000225,10,111,-101
110000226,2,2,0
110000227,59,53,6
110000228,15,5,10
110000229,0,48,-48
110000230,36,157,-121
110000231,17,19,-2
110000232,5,41,-36
110000233,6,39,-33
110000234,83,47,36
110000235,169,119,50
110000236,64,198,-134
110000237,153,226,-73
110000238,83,239,-156
110000239,173,298,-125
110000240,0,13,-13
110000242,0,5,-5
110000243,12,38,-26
110000244,12,84,-72
110000245,8,105,-97
110000246,60,141,-81
110000247,139,642,-503
110000248,261,241,20
110000249,11,1,10
110000250,2,54,-52
110000251,8,88,-80
110000252,6,71,-65
110000253,81,76,5
110000254,78,334,-256
110000255,19,300,-281
110000256,28,35,-7
110000257,29,67,-38
110000258,1,106,-105
110000259,20,3,17
110000260,18,117,-99
110000263,81,21,60
110000264,27,184,-157
110000265,253,228,25
110000266,184,263,-79
110000267,0,25,-25
110000268,20,83,-63
110000269,0,16,-16
110000270,1,0,1
110000271,218,19,199
110000272,129,260,-131
110000273,133,258,-125
110000274,23,140,-117
110000275,633,72,561
110000276,17,50,-33
110000277,16,73,-57
110000278,47,204,-157
110000279,42,92,-50
110000280,23,98,-75
110000281,5,37,-32
110000282,9,8,1
110000283,1,2,-1
110000284,2,1,1
110000285,0,24,-24
110000286,0,0,0
110000287,1,0,1
110000288,0,25,-25
110000289,71,186,-115
110000290,226,131,95
110000291,1316,207,1109
110000292,142,305,-163
110000293,67,264,-197
110000294,129,161,-32
110000295,13,184,-171
110000296,32,81,-49
110000297,200,53,147
110000298,81,110,-29
110000299,36,3,33
110000301,17,2,15
110000302,41,331,-290
110000303,17,0,17
110000304,18,72,-54
110000305,38,0,38
110000306,15,523,-508
110000307,77,0,77
110000308,15,3,12
110000309,1,426,-425
110000310,50,13,37
110000311,0,222,-222
110000312,65,5,60
110000313,251,362,-111
110000314,0,43,-43
110000315,488,340,148
110000316,129,315,-186
110000317,78,65,13
110000318,0,18,-18
110000319,2,0,2
110000320,2,24,-22
110000321,0,7,-7
110000322,16,126,-110
110000323,27,90,-63
110000324,1313,289,1024
110000325,93,208,-115
110000327,8,31,-23
110000328,39,187,-148
110000333,31,37,-6
110000334,36,335,-299
110000335,83,75,8
110000336,33,411,-378
110000337,59,50,9
110000338,7,41,-34
110000339,22,40,-18
110000340,2,47,-45
110000341,17,165,-148
110000342,5,0,5
110000343,0,8,-8
110000344,2,34,-32
110000345,6,17,-11
110000346,408,191,217
110000347,202,114,88
110000348,0,5,-5
110000349,0,1,-1
110000350,1,0,1
110000351,47,159,-112
110000352,31,307,-276
110000353,516,105,411
110000354,145,372,-227
110000355,2,13,-11
110000356,0,0,0
110000357,44,0,44
110000361,1,15,-14
110000362,3,8,-5
110000363,54,11,43
110000364,20,56,-36
110000365,8,0,8
110000366,0,21,-21
110000367,47,47,0
110000368,0,18,-18
110000369,6,0,6
110000373,5,64,-59
110000374,11,0,11
110000375,8,183,-175
110000376,4,42,-38
110000377,0,0,0
110000378,16,101,-85
110000379,643,238,405
110000380,0,1,-1
110000383,1,100,-99
110000384,16,9,7
110000385,0,59,-59
110000387,0,6,-6
110000388,3,65,-62
110000389,34,0,34
110000391,1,74,-73
110000396,7,31,-24
110000397,3,34,-31
110000398,1,4,-3
110000399,0,0,0
110000587,22,13,9
110000589,14,42,-28
110000640,15,16,-1
110000652,0,8,-8
110000653,19,135,-116
110000654,3,4,-1
110000656,0,112,-112
110000674,1,2,-1
110000675,0,6,-6
110000676,0,2,-2
110000679,100,57,43
110000682,8,4,4
110000683,83,57,26
110000684,0,12,-12
110000685,2,1,1
110000686,0,1,-1
110000687,2,0,2
110000688,3,57,-54
110000689,3,4,-1
110000692,16,45,-29
110000693,6,26,-20
110000694,0,73,-73
110000695,32,218,-186
110000696,55,28,27
110000698,6,67,-61
110000699,21,103,-82
110900001,6,0,6
110900002,3,32,-29
110900003,34,223,-189
110900004,39,68,-29
110900005,955,65,890
110900006,1,1,0
110900007,8,2,6
110900008,0,25,-25
110900009,19,8,11
110900010,1,12,-11
110900011,3,15,-12
110900012,0,42,-42
110900013,72,17,55
110900014,7,8,-1
110900015,119,21,98
110900016,0,86,-86
110900017,9,8,1
110900018,14,4,10
110900019,11,4,7
110900020,0,201,-201
110900021,6,102,-96
110900022,8,63,-55
110900023,6,118,-112
110900024,0,121,-121
110900025,1,7,-6
110900027,0,50,-50
110900028,9,31,-22
110900029,8,68,-60
110900030,3,61,-58
110900031,0,36,-36
110900032,0,30,-30
110900033,4,78,-74
110900035,5,82,-77
110900036,11,2,9
110900037,2,1,1
110900038,255,17,238
110900039,0,44,-44
110900040,16,3,13
110900041,1,34,-33
110900042,14,7,7
110900043,2,36,-34
110900044,34,8,26
110900045,5,120,-115
110900046,21,72,-51
110900047,120,7,113
110900049,0,3,-3
110900050,2,0,2
110900052,1,68,-67
110900053,2,7,-5
110900054,5,63,-58
110900055,2,0,2
110900056,5,20,-15
110900057,1,87,-86
110900058,7,91,-84
110900059,50,179,-129
110900060,13,3,10
110900061,4,10,-6
110900062,2,118,-116
110900063,4,15,-11
110900064,1,0,1
110900065,26,20,6
110900066,0,5,-5
110900067,167,82,85
110900068,52,56,-4
110900069,0,3,-3
110900070,37,32,5
110900071,52,32,20
110900073,0,7,-7
110900074,20,17,3
110900075,13,15,-2
110900077,16,96,-80
110900078,0,20,-20
110900079,332,57,275
110900080,1,7,-6
110900081,0,30,-30
110900082,3,42,-39
110900083,8,1,7
110900084,3,66,-63
110900085,20,84,-64
110900086,4,12,-8
110900087,21,16,5
110900088,1,0,1
110900090,0,1,-1
110900091,0,10,-10
110900093,11,4,7
110900095,2,12,-10
110900097,11,5,6
110900098,3,19,-16
110900099,4,129,-125
110900100,0,13,-13
110900102,0,1,-1
110900105,121,41,80
110900108,0,22,-22
110900111,28,11,17
110900112,40,0,40
110900113,100,5,95
110900115,5,12,-7
110900116,44,669,-625
110900118,32,57,-25
110900119,1140,38,1102
110900120,0,39,-39
110900121,2,1,1
110900122,24,36,-12
110900125,26,23,3
110900127,115,62,53
110900128,47,63,-16
110900129,13,20,-7
110900130,160,22,138
110900131,3,6,-3
110900132,14,9,5
110900133,8,61,-53
110900135,15,60,-45
110900136,31,8,23
110900139,0,0,0
110900140,0,0,0
110900141,38,25,13
110900142,0,42,-42
110900143,10,9,1
110900144,0,120,-120
110900145,3,1,2
110900146,43,4,39
110900147,18,32,-14
110900148,0,40,-40
110900149,0,14,-14
110900150,2,1,1
110900151,1,10,-9
110900152,7,58,-51
110900153,4,4,0
111000001,114,133,-19
111000002,246,219,27
111000003,83,59,24
111000004,145,368,-223
111000005,110,78,32
111000006,180,477,-297
111000007,451,212,239
111000008,747,511,236
111000009,76,305,-229
111000010,70,38,32
111000011,241,239,2
111000012,152,77,75
111000013,80,268,-188
111000014,213,109,104
111000017,13,108,-95
111000018,35,82,-47
111000020,516,443,73
111000021,28,12,16
111000023,34,11,23
111000025,1355,268,1087
111000029,14,12,2
111000030,3,10,-7
111000031,268,67,201
111000032,96,23,73
111000033,42,23,19
111000034,45,48,-3
111000037,613,256,357
111000038,460,491,-31
111000039,183,483,-300
111000040,164,533,-369
111000041,129,240,-111
111000042,1441,426,1015
111000043,91,94,-3
111000044,40,22,18
111000045,115,163,-48
111000046,85,153,-68
111000047,184,227,-43
111000049,47,96,-49
111000050,386,414,-28
111000051,60,298,-238
111000052,117,269,-152
111000053,46,190,-144
111000054,61,249,-188
111000055,219,447,-228
111000056,15,218,-203
111000057,9,207,-198
111000058,4,28,-24
111000059,9,57,-48
111000060,69,68,1
111000061,30,53,-23
111000062,33,52,-19
111000063,135,130,5
111000064,33,87,-54
111000065,56,111,-55
111000066,20,77,-57
111000067,37,141,-104
111000068,35,110,-75
111000069,288,367,-79
111000070,557,293,264
111000071,62,132,-70
111000072,26,3,23
111000073,4,22,-18
111000074,67,66,1
111000075,47,54,-7
111000076,29,86,-57
111000077,125,144,-19
111000078,389,349,40
111000079,127,111,16
111000080,46,99,-53
111000081,451,407,44
111000082,79,116,-37
111000084,100,100,0
111000085,112,251,-139
111000086,374,226,148
111000087,115,116,-1
111000088,774,229,545
111000089,77,195,-118
111000090,195,241,-46
111000091,83,187,-104
111000092,109,335,-226
111000093,40,173,-133
111000094,144,176,-32
111000095,50,308,-258
111000096,381,874,-493
111000097,1495,243,1252
111000098,32,321,-289
111000099,59,800,-741
111000100,44,647,-603
111000101,81,182,-101
111000102,16,231,-215
111000104,20,12,8
111000107,5,191,-186
111000109,18,7,11
111000110,74,73,1
111000111,151,42,109
111000112,158,35,123
111000113,85,56,29
111000114,189,106,83
111000115,1048,158,890
111000116,211,169,42
111000117,48,128,-80
111000118,188,147,41
111000119,89,288,-199
111000120,55,69,-14
111000121,19,54,-35
111000122,43,193,-150
111000123,125,837,-712
111000124,48,894,-846
111000125,19,536,-517
111000126,7,242,-235
111000127,22,6,16
111000128,27,5,22
111000129,84,13,71
111000130,112,99,13
111000131,56,47,9
111000132,26,17,9
111000133,19,14,5
111000134,20,9,11
111000135,4,23,-19
111000136,20,28,-8
111000138,1,0,1
111000140,1,2,-1
111000141,8,49,-41
111000142,5,57,-52
111000143,0,15,-15
111000144,0,20,-20
111000145,0,0,0
111000146,0,0,0
111000147,0,0,0
111000148,9,9,0
111000149,0,8,-8
111000150,2,1,1
111000151,0,3,-3
111000153,42,59,-17
111000154,32,50,-18
111000155,3,25,-22
111000156,29,16,13
111000157,12,19,-7
111000158,56,49,7
111000159,321,60,261
111000160,28,60,-32
111000161,0,28,-28
111000162,2,30,-28
111000163,45,140,-95
111000164,219,363,-144
111000165,233,71,162
111000166,128,48,80
111000167,63,106,-43
111000168,31,75,-44
111000169,13,71,-58
111000170,37,59,-22
111000171,98,225,-127
111000172,25,112,-87
111000173,88,279,-191
111000174,19,116,-97
111000175,5,74,-69
111000176,6,56,-50
111000177,15,61,-46
111000178,44,57,-13
111000179,9,34,-25
111000180,29,77,-48
111000181,78,53,25
111000182,7,26,-19
111000183,11,13,-2
111000184,19,19,0
111000185,48,130,-82
111000186,12,88,-76
111000187,6,107,-101
111000188,23,115,-92
111000189,385,95,290
111000190,34,205,-171
111000191,15,141,-126
111000192,49,203,-154
111000193,106,115,-9
111000194,5,90,-85
111000195,8,106,-98
111000196,8,53,-45
111000197,6,13,-7
111000198,10,14,-4
111000199,22,11,11
111000200,12,29,-17
111000201,54,42,12
111000202,33,31,2
111000203,36,36,0
111000204,33,63,-30
111000213,16,74,-58
111000214,169,314,-145
111000215,117,373,-256
111000217,123,142,-19
111000218,107,213,-106
111000219,77,76,1
111000220,441,127,314
111000221,111,8,103
111000224,57,122,-65
111000225,28,26,2
111000226,8,0,8
111000227,1,0,1
111000228,1,25,-24
111000229,5,59,-54
111000230,16,72,-56
111000231,35,268,-233
111000232,23,191,-168
111000233,35,147,-112
111000234,11,36,-25
111000239,14,51,-37
111000240,0,7,-7
111000241,4,96,-92
111000242,7,0,7
111000243,3,232,-229
111000244,3,7,-4
111000245,52,94,-42
111000246,13,109,-96
111000247,28,270,-242
111000248,23,51,-28
111000249,56,211,-155
111000250,8,36,-28
111000251,6,42,-36
111000253,0,0,0
111000255,0,0,0
111000257,0,0,0
111000260,11,285,-274
111000261,53,10,43
111000271,6,97,-91
111000273,1354,194,1160
111000274,192,293,-101
111000275,19,3,16
111000276,34,543,-509
111000277,51,66,-15
111000278,17,21,-4
111000291,78,231,-153
111000298,91,86,5
111000299,32,6,26
111000300,11,145,-134
111000302,9,10,-1
111000303,11,54,-43
111000312,10,16,-6
111000315,5,39,-34
111000320,24,108,-84
111000321,27,6,21
111000322,11,102,-91
111000323,14,1,13
111000324,42,41,1
111000325,5,8,-3
111000326,12,77,-65
111000327,44,96,-52
111000328,27,71,-44
111000329,1,8,-7
111000330,10,3,7
111000331,1,1,0
111000332,53,233,-180
111000334,72,521,-449
111000335,43,33,10
111000337,38,106,-68
111000338,0,32,-32
111000339,9,147,-138
111000340,9,255,-246
111000341,180,36,144
111000342,9,53,-44
111000344,175,154,21
111000345,2,2,0
111000346,6,30,-24
111000347,11,0,11
111000350,41,13,28
111000351,17,45,-28
111000352,6,20,-14
111000353,2,36,-34
111000354,25,30,-5
111000355,22,109,-87
111000358,5,410,-405
111000360,3,226,-223
111000361,7,91,-84
111000546,25,164,-139
111000547,17,111,-94
111000548,15,51,-36
111000549,18,86,-68
111000550,23,32,-9
111000551,53,21,32
111000552,36,1,35
111000907,4,1,3
111000908,0,0,0
111000916,105,35,70
111000917,6,84,-78
111000918,7,175,-168
111000920,31,0,31
111000921,0,111,-111
111000922,19,109,-90
111000924,2,203,-201
111000925,264,356,-92
111000926,181,789,-608
111000927,488,507,-19
111000928,1741,875,866
111000929,142,151,-9
111000930,94,582,-488
111000931,204,205,-1
111000932,666,532,134
111000933,446,213,233
111000934,492,515,-23
111000935,122,143,-21
111000936,126,572,-446
111000937,153,175,-22
111000938,349,603,-254
111000939,27,0,27
111000940,38,79,-41
111000941,7,78,-71
111000943,17,53,-36
111000944,19,135,-116
111000945,1,434,-433
111001109,9,10,-1
111001110,63,206,-143
111001111,3,3,0
111001112,15,10,5
111001113,12,32,-20
111001114,106,7,99
111001115,27,54,-27
111001116,608,74,534
111001117,183,121,62
111001120,23,68,-45
111001121,10,91,-81
111001122,76,240,-164
111001123,7,22,-15
111001124,10,122,-112
111001125,0,3,-3
111001126,0,0,0
111001127,0,4,-4
111001128,49,117,-68
111001129,0,11,-11
111900001,0,43,-43
111900002,0,117,-117
111900003,0,69,-69
111900004,3,20,-17
111900006,1,0,1
111900007,5,0,5
111900008,3,0,3
111900009,2,0,2
111900010,30,127,-97
111900012,49,7,42
111900013,1,8,-7
111900014,1830,180,1650
111900015,0,11,-11
111900016,0,36,-36
111900017,0,28,-28
111900018,4,1,3
111900019,0,17,-17
111900020,0,7,-7
111900021,1,11,-10
111900022,10,13,-3
111900023,40,10,30
111900024,5,47,-42
111900025,0,1,-1
111900026,0,28,-28
111900027,0,33,-33
111900028,0,99,-99
111900029,0,25,-25
111900030,6,65,-59
111900032,0,125,-125
111900033,0,30,-30
111900034,4,74,-70
111900035,0,38,-38
111900036,0,107,-107
111900038,26,77,-51
111900039,2,41,-39
111900040,0,199,-199
111900042,2,5,-3
111900043,0,153,-153
111900044,9,67,-58
111900046,31,60,-29
111900048,7,214,-207
111900049,5,90,-85
111900050,5,1,4
111900051,0,67,-67
111900052,43,142,-99
111900053,243,43,200
111900054,5,0,5
111900055,3,183,-180
111900056,11,21,-10
111900057,14,24,-10
111900058,22,227,-205
111900059,362,28,334
111900060,15,0,15
111900061,1,120,-119
111900062,2,1,1
111900063,5,65,-60
111900064,16,74,-58
111900065,1,2,-1
111900066,7,10,-3
111900067,0,45,-45
111900068,2,2,0
111900069,3,4,-1
111900070,3,21,-18
111900071,0,27,-27
111900072,9,0,9
111900073,24,4,20
111900074,0,23,-23
111900075,8,2,6
111900076,26,5,21
111900077,1,0,1
111900078,5,0,5
111900079,0,0,0
111900080,6,4,2
111900082,2,1,1
111900083,2,0,2
111900084,0,2,-2
111900085,1,1,0
111900086,4,3,1
111900087,2,0,2
111900088,13,0,13
111900089,2,0,2
111900090,6,3,3
111900091,9,1,8
111900092,7,0,7
111900093,4,0,4
111900094,1,0,1
111900095,15,1,14
111900096,7,0,7
111900097,4,0,4
111900098,2,0,2
111900099,0,0,0
111900100,8,0,8
111900101,2,0,2
111900102,14,188,-174
111900103,1,2,-1
111900104,4,6,-2
111900105,16,6,10
111900106,251,9,242
111900110,684,10,674
111900111,3,0,3
111900112,69,84,-15
111900113,68,7,61
111900118,4,1,3
111900119,15,3,12
111900122,0,2,-2
111900123,1,1,0
111900124,10,16,-6
111900125,9,0,9
111900126,6,0,6
111900127,0,149,-149
111900128,0,75,-75
111900129,3,0,3
111900130,0,1,-1
111900131,7,0,7
111900132,5,233,-228
111900133,0,40,-40
111900134,6,138,-132
111900135,0,1,-1
111900136,0,3,-3
111900137,16,6,10
111900138,0,18,-18
111900139,4,31,-27
111900140,0,2,-2
111900141,3,1,2
111900142,21,9,12
111900143,1,41,-40
111900144,0,39,-39
111900145,0,133,-133
111900146,1,91,-90
111900147,22,171,-149
111900148,4,163,-159
111900149,1,147,-146
111900150,1,46,-45
111900151,0,10,-10
111900152,15,6,9
111900153,284,17,267
111900154,0,33,-33
111900155,2,8,-6
111900156,2,8,-6
111900157,2,1,1
111900158,33,0,33
111900159,7,0,7
111900160,8,0,8
111900161,4,0,4
111900162,7,4,3
111900163,3,33,-30
111900164,2,1,1
111901113,7,93,-86
111901114,6,66,-60
111901115,3,0,3
111901116,4,0,4
111901117,1,0,1
111901118,27,6,21
111901119,273,5,268
111901121,17,60,-43
111901122,1,148,-147
111901123,2,115,-113
111901124,9,0,9
111901125,13,21,-8
111901127,141,26,115
111901128,2,11,-9
111901129,1,28,-27
111901130,1,42,-41
111901131,0,64,-64
111901132,4,1,3
111901133,0,0,0
111901134,0,1,-1
111901135,0,1,-1
111901138,4,8,-4
111901139,1,12,-11
111901140,2,18,-16
111901141,1,41,-40
111901142,3,21,-18
111901143,0,25,-25
111901144,4,0,4
111901145,11,12,-1
111901146,7,0,7
111901147,442,3,439
111901148,1,2,-1
111901149,1,0,1
111901150,0,0,0
111901151,0,0,0
111901152,1,5,-4
112000001,166,137,29
112000002,242,439,-197
112000003,65,163,-98
112000004,98,285,-187
112000005,184,250,-66
112000006,222,355,-133
112000007,169,186,-17
112000008,426,842,-416
112000009,750,720,30
112000010,522,476,46
112000011,487,580,-93
112000012,651,227,424
112000013,1121,691,430
112000014,277,114,163
112000015,737,372,365
112000016,471,183,288
112000017,248,156,92
112000024,449,90,359
112000026,982,1270,-288
112000027,39,43,-4
112000028,492,420,72
112000029,67,63,4
112000030,76,26,50
112000031,334,268,66
112000032,180,8,172
112000033,512,111,401
112000034,158,3,155
112000035,20,83,-63
112000036,94,118,-24
112000037,134,216,-82
112000038,117,100,17
112000039,7,23,-16
112000040,22,72,-50
112000041,100,102,-2
112000042,137,42,95
112000050,39,92,-53
112000051,29,83,-54
112000054,353,460,-107
112000057,71,89,-18
112000058,84,104,-20
112000059,94,69,25
112000061,1141,277,864
112000062,325,83,242
112000063,226,131,95
112000064,1429,1427,2
112000065,696,668,28
112000066,416,145,271
112000067,135,175,-40
112000068,192,98,94
112000069,79,506,-427
112000070,115,81,34
112000071,132,780,-648
112000072,105,92,13
112000073,120,355,-235
112000074,87,93,-6
112000075,95,149,-54
112000076,505,587,-82
112000077,78,169,-91
112000078,118,158,-40
112000079,214,326,-112
112000080,35,160,-125
112000081,183,325,-142
112000082,95,49,46
112000083,71,408,-337
112000084,159,45,114
112000085,96,371,-275
112000086,164,167,-3
112000087,18,204,-186
112000088,32,84,-52
112000089,14,67,-53
112000090,60,63,-3
112000091,114,265,-151
112000092,85,108,-23
112000093,308,344,-36
112000094,36,112,-76
112000095,137,210,-73
112000096,51,119,-68
112000097,63,47,16
112000098,83,316,-233
112000099,71,61,10
112000100,74,87,-13
112000101,95,296,-201
112000102,39,76,-37
112000103,51,378,-327
112000105,94,568,-474
112000106,51,54,-3
112000107,7,12,-5
112000108,49,503,-454
112000109,10,12,-2
112000110,144,80,64
112000111,175,1237,-1062
112000112,311,54,257
112000113,188,642,-454
112000114,203,114,89
112000115,45,112,-67
112000116,17,210,-193
112000117,49,120,-71
112000118,116,194,-78
112000119,62,248,-186
112000120,10,141,-131
112000121,7,127,-120
112000122,19,15,4
112000123,17,12,5
112000124,22,13,9
112000125,10,16,-6
112000126,17,174,-157
112000127,351,181,170
112000128,195,128,67
112000129,8,28,-20
112000130,10,2,8
112000131,4,55,-51
112000132,3,63,-60
112000133,16,37,-21
112000134,32,80,-48
112000135,35,72,-37
112000136,107,384,-277
112000137,55,163,-108
112000138,111,398,-287
112000139,89,34,55
112000140,133,295,-162
112000141,97,51,46
112000142,41,257,-216
112000143,104,56,48
112000144,51,426,-375
112000145,221,189,32
112000146,89,608,-519
112000147,173,217,-44
112000148,280,539,-259
112000149,9,78,-69
112000150,23,197,-174
112000151,53,89,-36
112000152,36,65,-29
112000153,26,28,-2
112000154,3,16,-13
112000155,31,6,25
112000157,32,46,-14
112000158,21,99,-78
112000159,18,64,-46
112000167,30,0,30
112000169,41,101,-60
112000173,44,44,0
112000175,18,75,-57
112000176,719,342,377
112000177,35,10,25
112000178,6,74,-68
112000179,31,36,-5
112000180,16,35,-19
112000181,156,460,-304
112000182,37,430,-393
112000183,8,30,-22
112000184,24,80,-56
112000185,35,110,-75
112000187,316,394,-78
112000195,6,0,6
112000196,1,0,1
112000197,0,13,-13
112000198,3,103,-100
112000199,56,137,-81
112000202,0,0,0
112000216,18,28,-10
112000230,26,0,26
112000231,0,66,-66
112000256,1,6,-5
112000313,42,36,6
112000314,4,1,3
112000337,10,94,-84
112000352,22,29,-7
112000392,237,183,54
112000398,85,114,-29
112000399,183,183,0
112000400,353,836,-483
112000401,344,455,-111
112000402,210,300,-90
112000403,130,199,-69
112000404,90,83,7
112000405,193,320,-127
112000406,627,757,-130
112000407,559,718,-159
112000408,2085,1381,704
112000409,265,1013,-748
112000410,19,8,11
112000411,76,1,75
112000412,151,25,126
112000413,1528,204,1324
112000414,13,28,-15
112000415,9,1,8
112000416,187,185,2
112000417,23,9,14
112000421,4,24,-20
112000422,32,73,-41
112000424,283,177,106
112000425,77,287,-210
112000426,13,56,-43
112000427,1,6,-5
112000428,3,99,-96
112000429,383,492,-109
112000430,234,585,-351
112000431,1,1,0
112000432,104,482,-378
112000433,83,79,4
112000437,5,76,-71
112900001,0,1,-1
112900002,2,217,-215
112900003,2,42,-40
112900004,0,21,-21
112900005,4,47,-43
112900007,0,15,-15
112900008,0,0,0
112900009,29,8,21
112900010,14,132,-118
112900011,70,56,14
112900012,0,7,-7
112900013,0,18,-18
112900014,0,26,-26
112900015,35,201,-166
112900016,0,26,-26
112900017,4,26,-22
112900018,8,263,-255
112900019,15,11,4
112900020,96,346,-250
112900021,0,32,-32
112900022,1,10,-9
112900023,1,79,-78
112900024,0,20,-20
112900025,6,24,-18
112900026,0,49,-49
112900027,0,295,-295
112900028,0,13,-13
112900029,1,119,-118
112900030,65,20,45
112900031,0,114,-114
112900032,4,65,-61
112900034,0,7,-7
112900035,0,82,-82
112900036,3,37,-34
112900037,9,6,3
112900038,0,6,-6
112900039,4,69,-65
112900040,0,57,-57
112900041,99,91,8
112900042,3,23,-20
112900043,0,0,0
112900044,83,38,45
112900045,80,31,49
112900046,31,9,22
112900047,6,0,6
112900049,0,1,-1
112900050,15,113,-98
112900051,39,89,-50
112900052,0,46,-46
112900053,48,17,31
112900054,45,0,45
112900055,29,1,28
112900056,11,18,-7
112900057,0,27,-27
112900058,35,16,19
112900059,10,37,-27
112900060,0,6,-6
112900061,5,33,-28
112900062,6,16,-10
112900063,7,0,7
112900064,10,7,3
112900065,0,0,0
112900066,6,5,1
112900067,13,3,10
112900068,3,4,-1
112900069,470,45,425
112900071,0,0,0
112900072,0,0,0
112900073,30,2,28
112900074,1,5,-4
112900075,374,34,340
112900076,6,2,4
112900078,14,25,-11
112900079,3,1,2
112900080,0,0,0
112900081,0,0,0
112900082,38,1,37
112900083,2,2,0
112900084,15,2,13
112900086,0,0,0
112900087,0,0,0
112900088,2,0,2
112900089,30,0,30
112900090,0,1,-1
112900091,6,0,6
112900092,22,14,8
112900093,42,0,42
112900095,0,1,-1
112900096,31,14,17
112900097,1,65,-64
112900098,2,0,2
112900099,45,1,44
112900100,1,0,1
112900101,5,0,5
112900102,7,0,7
112900103,17,0,17
112900104,13,3,10
112900105,0,0,0
112900106,13,4,9
112900107,0,0,0
112900108,0,0,0
112900109,1,0,1
112900110,30,0,30
112900111,23,0,23
112900112,12,0,12
112900113,0,1,-1
112900114,0,0,0
112900115,31,0,31
112900116,7,1,6
112900117,25,22,3
112900118,0,4,-4
112900119,2,0,2
112900120,125,31,94
112900121,27,14,13
112900122,0,5,-5
112900123,12,1,11
112900124,0,11,-11
112900125,5,34,-29
112900126,14,64,-50
112900127,16,0,16
112900128,51,168,-117
112900129,0,177,-177
112900130,37,7,30
112900131,3,107,-104
112900132,8,162,-154
112900133,3,257,-254
112900134,0,61,-61
112900135,18,1,17
112900137,1,219,-218
112900138,0,101,-101
112900139,27,193,-166
112900141,16,4,12
112900142,1,8,-7
112900143,3,99,-96
112900144,1,372,-371
112900145,6,121,-115
112900146,2,299,-297
112900147,1,651,-650
112900148,0,0,0
112900149,4,68,-64
112900151,4,6,-2
112900152,1330,145,1185
112900153,87,67,20
112900154,0,12,-12
112900155,2,0,2
112900156,28,418,-390
112900157,4,15,-11
112900158,0,0,0
112900159,8,6,2
112900160,2,57,-55
112900161,5,3,2
112900162,3,2,1
112900163,5,0,5
112900164,4,0,4
112900165,10,0,10
112900166,17,1,16
112900167,2,2,0
112900168,0,0,0
112900169,9,0,9
112900170,1,7,-6
112900172,18,0,18
112900173,19,20,-1
112900174,12,2,10
112900175,13,2,11
112900176,2,1,1
112900177,11,2,9
112900178,38,84,-46
112900179,6,154,-148
112900180,70,536,-466
112900181,42,10,32
112900182,2,363,-361
112900183,16,18,-2
112900184,73,90,-17
112900185,22,24,-2
112900186,207,72,135
112900187,3,31,-28
112900188,254,46,208
112900189,0,1,-1
112900190,0,3,-3
112900192,44,30,14
112900193,95,20,75
112900194,0,2,-2
112900195,34,0,34
112900196,65,144,-79
112900197,12,94,-82
112900199,16,87,-71
112900200,21,17,4
112900201,5,14,-9
112900202,10,130,-120
112900203,2,24,-22
112900204,41,53,-12
112900205,0,0,0
112900206,0,1,-1
112900207,0,1,-1
112900208,5,10,-5
112900209,22,58,-36
112900210,0,0,0
112900211,0,0,0
112900212,0,19,-19
112900213,0,3,-3
112900214,0,0,0
112900215,0,3,-3
112900216,2,5,-3
112900217,0,18,-18
112900218,3,3,0
112900219,3,3,0
112900220,0,0,0
112900221,0,25,-25
112900222,0,0,0
112900223,31,1,30
112900224,5,178,-173
112900225,14,152,-138
112900226,16,20,-4
112900227,4,173,-169
112900228,0,0,0
112900229,23,14,9
112900230,1440,339,1101
112900232,13,20,-7
112900233,3,37,-34
112900234,0,3,-3
112900235,0,0,0
112900236,0,2,-2
112900237,1,31,-30
112900238,0,1,-1
112900239,147,56,91
112900240,0,57,-57
112900241,0,73,-73
112900242,0,101,-101
112900243,0,47,-47
112900244,0,83,-83
112900245,0,21,-21
112900246,0,5,-5
112900247,34,3,31
112900248,4,0,4
112900249,5,1,4
112900250,5,12,-7
112900251,0,8,-8
112900252,3,8,-5
112900253,3,1,2
112900254,0,1,-1
112900255,0,1,-1
112900256,0,3,-3
112900257,3,7,-4
112900258,0,9,-9
113000001,870,771,99
113000002,453,506,-53
113000003,479,249,230
113000004,357,243,114
113000005,174,182,-8
113000006,81,137,-56
113000007,291,203,88
113000008,155,175,-20
113000009,96,211,-115
113000010,107,210,-103
113000011,96,348,-252
113000012,86,160,-74
113000013,133,73,60
113000014,224,176,48
113000015,34,32,2
113000016,53,79,-26
113000017,6,63,-57
113000018,23,6,17
113000019,5,68,-63
113000020,0,0,0
113000021,59,127,-68
113000022,67,278,-211
113000025,5,43,-38
113000026,14,53,-39
113000027,80,75,5
113000028,241,59,182
113000029,111,104,7
113000030,140,80,60
113000031,70,36,34
113000032,46,32,14
113000033,83,51,32
113000034,53,58,-5
113000035,1,2,-1
113000036,1,2,-1
113000037,6,2,4
113000038,1,6,-5
113000039,35,64,-29
113000040,29,24,5
113000042,80,36,44
113000051,61,231,-170
113000052,448,153,295
113000053,56,168,-112
113000054,36,106,-70
113000055,147,184,-37
113000056,134,450,-316
113000058,95,237,-142
113000059,130,91,39
113000060,10,127,-117
113000061,79,169,-90
113000062,211,13,198
113000063,6,41,-35
113000064,4,34,-30
113000065,26,263,-237
113000066,45,33,12
113000067,112,128,-16
113000068,25,374,-349
113000069,35,292,-257
113000070,112,105,7
113000071,40,138,-98
113000072,71,53,18
113000073,57,238,-181
113000074,154,72,82
113000075,262,77,185
113000076,179,218,-39
113000077,200,68,132
113000078,227,252,-25
113000079,155,133,22
113000080,104,100,4
113000081,79,93,-14
113000082,137,152,-15
113000083,52,80,-28
113000084,283,210,73
113000085,134,82,52
113000086,109,210,-101
113000087,114,105,9
113000088,365,219,146
113000089,127,191,-64
113000090,8,34,-26
113000091,122,55,67
113000094,57,16,41
113000095,36,247,-211
113000096,12,241,-229
113000097,61,79,-18
113000098,12,1,11
113000099,124,39,85
113000100,34,99,-65
113000101,54,147,-93
113000102,48,18,30
113000103,456,129,327
113000104,107,417,-310
113000105,81,107,-26
113000106,88,126,-38
113000107,100,196,-96
113000108,148,317,-169
113000109,132,316,-184
113000110,227,50,177
113000111,28,118,-90
113000112,53,49,4
113000113,233,49,184
113000114,84,174,-90
113000116,122,33,89
113000117,103,26,77
113000118,9,41,-32
113000119,43,46,-3
113000120,9,68,-59
113000121,67,123,-56
113000124,13,18,-5
113000125,1,72,-71
113000127,879,120,759
113000128,67,79,-12
113000129,184,330,-146
113000133,821,106,715
113000134,0,92,-92
113000135,231,315,-84
113000137,159,128,31
113000139,61,13,48
113000140,50,45,5
113000141,26,7,19
113000142,89,55,34
113000143,54,23,31
113000144,75,94,-19
113000145,10,20,-10
113000146,20,11,9
113000147,13,19,-6
113000148,12,21,-9
113000149,25,20,5
113000150,56,112,-56
113000151,22,22,0
113000152,1,22,-21
113000153,222,106,116
113000154,60,232,-172
113000155,47,55,-8
113000156,37,74,-37
113000157,47,128,-81
113000158,90,64,26
113000159,171,117,54
113000160,114,187,-73
113000161,34,128,-94
113000162,122,91,31
113000163,6,9,-3
113000164,11,8,3
113000166,12,4,8
113000167,19,40,-21
113000168,8,52,-44
113000169,11,4,7
113000170,7,2,5
113000171,21,17,4
113000172,20,10,10
113000173,4,2,2
113000174,34,152,-118
113000175,19,5,14
113000176,31,8,23
113000177,18,139,-121
113000178,70,94,-24
113000179,21,10,11
113000180,38,213,-175
113000181,164,276,-112
113000182,28,38,-10
113000183,35,105,-70
113000184,4,20,-16
113000189,90,126,-36
113000190,108,38,70
113000192,775,229,546
113000193,1012,237,775
113000194,290,207,83
113000195,332,81,251
113000196,17,16,1
113000197,113,130,-17
113000198,5,47,-42
113000199,77,107,-30
113000201,32,23,9
113000202,504,108,396
113000203,23,6,17
113000204,283,196,87
113000205,3,6,-3
113000206,3,7,-4
113000207,4,1,3
113000208,8,12,-4
113000209,1,0,1
113000210,2,5,-3
113000211,114,28,86
113000212,66,5,61
113000213,1,22,-21
113000214,13,36,-23
113000234,30,366,-336
113000410,8,29,-21
113000411,539,726,-187
113000412,2353,361,1992
113000413,759,371,388
113000414,1399,1348,51
113000415,586,466,120
113000416,1207,606,601
113000417,508,353,155
113000418,652,433,219
113000419,198,281,-83
113000420,503,311,192
113000421,569,574,-5
113000422,3243,901,2342
113000423,631,528,103
113000424,914,1122,-208
113000425,5,18,-13
113000428,3,3,0
113000430,1,1,0
113000432,138,17,121
113000433,29,155,-126
113000434,3,114,-111
113000435,5,182,-177
113000436,17,319,-302
113000437,16,0,16
113000438,28,3,25
113000439,2,36,-34
113000440,2,5,-3
113000441,18,20,-2
113000442,10,56,-46
113000443,10,32,-22
113000444,14,67,-53
113000445,11,20,-9
113000446,10,17,-7
113000448,50,19,31
113000449,15,41,-26
113000450,87,133,-46
113000451,350,30,320
113000452,36,31,5
113000453,17,30,-13
113000454,41,5,36
113000455,13,53,-40
113000456,530,186,344
113000468,508,30,478
113000469,18,9,9
113000470,71,8,63
113000471,1,28,-27
113000472,3,39,-36
113000474,47,179,-132
113000475,267,379,-112
113000476,130,355,-225
113000477,393,550,-157
113000478,601,1104,-503
113000479,0,77,-77
113000485,0,0,0
113000486,0,0,0
113000487,0,0,0
113000489,0,0,0
113000490,0,0,0
113000491,0,0,0
113000492,0,0,0
113000493,0,0,0
113000495,45,22,23
113000496,3,19,-16
113900001,0,8,-8
113900002,0,11,-11
113900003,0,2,-2
113900004,0,0,0
113900005,0,3,-3
113900006,0,2,-2
113900007,3,0,3
113900008,0,0,0
113900009,4,0,4
113900010,0,0,0
113900011,0,0,0
113900012,0,0,0
113900013,7,0,7
113900014,58,0,58
113900015,0,8,-8
113900016,2,0,2
113900017,0,9,-9
113900018,36,10,26
113900019,3,10,-7
113900020,4,0,4
113900022,0,0,0
113900023,0,0,0
113900024,5,12,-7
113900025,25,1,24
113900026,8,0,8
113900027,0,10,-10
113900028,3,63,-60
113900029,35,95,-60
113900030,13,0,13
113900031,0,0,0
113900032,0,0,0
113900033,6,5,1
113900035,12,0,12
113900036,5,11,-6
113900037,6,108,-102
113900038,11,0,11
113900039,6,0,6
113900040,0,0,0
113900041,0,0,0
113900042,3,3,0
113900043,19,15,4
113900044,11,2,9
113900045,3,0,3
113900046,29,147,-118
113900047,0,15,-15
113900048,56,1,55
113900049,128,11,117
113900050,16,58,-42
113900051,9,79,-70
113900052,16,15,1
113900053,23,16,7
113900054,0,0,0
113900055,5,162,-157
113900056,2,9,-7
113900057,2,33,-31
113900058,4,27,-23
113900059,13,88,-75
113900060,11,31,-20
113900061,76,3,73
113900062,0,2,-2
113900063,0,31,-31
113900064,3,41,-38
113900065,14,0,14
113900066,12,80,-68
113900067,4,45,-41
113900068,29,41,-12
113900069,12,1,11
113900070,29,124,-95
113900071,7,22,-15
113900072,5,23,-18
113900073,46,56,-10
113900074,5,89,-84
113900075,71,81,-10
113900076,20,1,19
113900077,1,54,-53
113900078,13,4,9
113900079,1,5,-4
113900080,43,10,33
113900081,1,28,-27
113900082,4,24,-20
113900083,6,111,-105
113900084,9,8,1
113900085,9,96,-87
113900086,0,0,0
113900087,14,54,-40
113900088,3,0,3
113900089,39,12,27
113900090,75,45,30
113900091,5,1,4
113900092,1,6,-5
113900093,3,49,-46
113900094,6,48,-42
113900095,14,9,5
113900096,10,4,6
113900097,1,22,-21
113900098,58,11,47
113900099,0,8,-8
113900100,0,0,0
113900101,0,2,-2
113900102,8,12,-4
113900103,30,29,1
113900104,8,12,-4
113900105,3,101,-98
113900106,0,12,-12
113900107,0,1,-1
113900108,23,21,2
113900109,32,7,25
113900110,1,14,-13
113900111,3,12,-9
113900112,2,17,-15
113900113,69,69,0
113900114,0,11,-11
113900115,0,3,-3
113900116,11,16,-5
113900117,3,1,2
113900118,19,22,-3
113900119,36,29,7
113900120,2,4,-2
113900121,4,8,-4
113900122,37,131,-94
113900123,35,71,-36
113900124,0,5,-5
113900125,261,21,240
113900126,3,5,-2
113900127,29,34,-5
113900128,10,8,2
113900129,1,8,-7
113900130,0,0,0
113900131,12,3,9
113900132,4,2,2
113900133,0,5,-5
113900135,23,116,-93
113900136,5,4,1
113900137,35,38,-3
113900138,0,30,-30
113900139,99,8,91
113900140,27,15,12
113900141,13,107,-94
113900142,3,8,-5
113900143,4,0,4
113900144,42,10,32
113900145,11,29,-18
113900146,1,2,-1
113900148,17,30,-13
113900149,12,9,3
113900150,174,46,128
113900151,7,19,-12
113900152,4,17,-13
113900153,59,26,33
113900154,0,18,-18
113900155,29,6,23
113900156,33,108,-75
113900157,9,65,-56
113900158,39,13,26
113900159,0,20,-20
113900160,84,99,-15
113900161,0,15,-15
113900162,50,39,11
113900163,14,18,-4
113900164,27,4,23
113900165,83,98,-15
113900166,9,7,2
113900167,15,26,-11
113900168,10,13,-3
113900169,37,78,-41
113900171,9,5,4
113900172,1,28,-27
113900173,26,113,-87
113900174,48,137,-89
113900175,14,8,6
113900176,20,137,-117
113900177,32,46,-14
113900178,6,6,0
113900179,0,142,-142
113900180,35,28,7
113900181,34,4,30
113900182,20,108,-88
113900183,5,17,-12
113900184,1,135,-134
113900185,51,14,37
113900186,2,5,-3
113900187,9,19,-10
113900188,1,17,-16
113900189,22,13,9
113900190,39,9,30
113900191,4,14,-10
113900192,579,126,453
113900193,0,70,-70
113900194,441,104,337
113900195,83,86,-3
113900196,0,14,-14
113900197,0,77,-77
113900198,0,7,-7
113900199,59,141,-82
113900200,1,28,-27
113900201,0,40,-40
113900202,5,11,-6
113900203,0,47,-47
113900204,4,136,-132
113900205,0,3,-3
113900206,0,16,-16
113900207,0,6,-6
113900208,0,4,-4
113900209,0,36,-36
113900210,61,19,42
113900211,6,3,3
113900212,4,135,-131
113900214,66,86,-20
113900215,1,15,-14
113900216,3,238,-235
113900217,0,78,-78
113900218,1,5,-4
113900219,22,113,-91
113900220,14,6,8
113900221,10,19,-9
113900222,141,48,93
113900223,4,226,-222
113900224,13,2,11
113900225,99,23,76
113900226,22,10,12
113900227,19,15,4
113900228,73,28,45
113900229,5,66,-61
113900230,628,117,511
113900231,11,44,-33
113900232,1,13,-12
113900233,3,9,-6
113900234,11,40,-29
113900235,1,3,-2
113900236,0,49,-49
113900237,6,1,5
113900238,21,56,-35
113900239,10,14,-4
113900240,1,13,-12
113900241,7,9,-2
113900242,8,29,-21
113900243,15,60,-45
113900244,64,25,39
113900245,188,27,161
113900246,0,0,0
113900247,23,42,-19
113900248,550,152,398
113900249,7,3,4
113900250,4,2,2
113900251,39,33,6
113900252,36,1,35
113900253,33,4,29
113900254,36,1,35
113900255,28,2,26
113900256,14,3,11
113900257,12,160,-148
113900258,1,155,-154
113900259,22,41,-19
113900260,18,4,14
113900261,5,34,-29
113900262,8,149,-141
113900263,22,94,-72
113900264,0,172,-172
113900265,8,79,-71
113900266,7,44,-37
113900267,33,120,-87
113900268,21,55,-34
113900269,7,36,-29
113900270,34,49,-15
113900271,56,194,-138
113900273,0,0,0
113900274,4,0,4
113900275,2,6,-4
113900276,0,62,-62
113900277,3,0,3
113900278,30,12,18
113900279,22,13,9
113900280,133,89,44
113900281,16,130,-114
113900282,76,27,49
113900283,34,46,-12
113900284,58,11,47
113900285,24,0,24
113900286,4,34,-30
113900287,0,1,-1
113900288,0,18,-18
113900289,358,7,351
113900290,95,3,92
113900291,14,16,-2
113900292,1,0,1
113900293,0,45,-45
113900294,22,1,21
113900295,57,54,3
113900296,403,31,372
113900297,43,2,41
113900298,0,269,-269
113900299,0,10,-10
113900300,696,99,597
113900301,64,27,37
113900302,322,81,241
113900303,74,10,64
113900304,0,42,-42
113900305,3,0,3
113900306,0,0,0
113900307,0,0,0
113900308,11,24,-13
113900309,0,163,-163
113900310,0,7,-7
113900311,0,0,0
113900312,4,21,-17
113900313,2,0,2
113900314,0,1,-1
113900315,0,0,0
114000001,208,555,-347
114000002,15,79,-64
114000003,41,406,-365
114000004,28,89,-61
114000005,22,49,-27
114000006,280,354,-74
114000007,65,233,-168
114000008,230,131,99
114000009,23,38,-15
114000011,310,672,-362
114000012,207,564,-357
114000013,156,397,-241
114000014,44,108,-64
114000015,72,100,-28
114000016,47,78,-31
114000017,15,37,-22
114000018,64,9,55
114000026,85,287,-202
114000027,147,358,-211
114000028,189,272,-83
114000038,10,25,-15
114000039,34,82,-48
114000040,11,33,-22
114000042,15,46,-31
114000043,9,56,-47
114000044,27,44,-17
114000045,7,22,-15
114000046,325,785,-460
114000047,5,11,-6
114000048,7,18,-11
114000049,175,115,60
114000050,134,120,14
114000051,358,139,219
114000052,602,140,462
114000053,0,69,-69
114000054,8,276,-268
114000055,11,0,11
114000056,75,63,12
114000057,1908,431,1477
114000058,34,34,0
114000059,6,19,-13
114000060,58,109,-51
114000061,344,96,248
114000062,179,64,115
114000063,361,263,98
114000064,944,303,641
114000065,244,367,-123
114000066,30,127,-97
114000067,3,9,-6
114000068,54,56,-2
114000069,46,65,-19
114000070,203,111,92
114000071,26,123,-97
114000072,20,84,-64
114000073,0,8,-8
114000074,2,2,0
114000075,0,13,-13
114000076,0,15,-15
114000077,0,4,-4
114000078,8,292,-284
114000079,3,9,-6
114000080,7,5,2
114000081,0,0,0
114000082,11,121,-110
114000083,4,41,-37
114000084,9,16,-7
114000085,9,155,-146
114000086,14,107,-93
114000087,7,34,-27
114000088,9,7,2
114000089,164,28,136
114000090,30,40,-10
114000091,166,44,122
114000092,88,44,44
114000093,110,90,20
114000094,56,52,4
114000095,11,8,3
114000096,14,152,-138
114000097,7,196,-189
114000098,13,9,4
114000099,11,129,-118
114000100,42,104,-62
114000101,71,270,-199
114000102,26,28,-2
114000103,15,69,-54
114000104,0,36,-36
114000105,7,12,-5
114000106,200,64,136
114000107,16,25,-9
114000108,703,295,408
114000109,7,29,-22
114000110,63,319,-256
114000111,39,53,-14
114000112,33,539,-506
114000113,58,27,31
114000114,180,387,-207
114000115,79,26,53
114000116,42,78,-36
114000117,60,54,6
114000118,83,56,27
114000119,96,22,74
114000120,121,296,-175
114000121,87,123,-36
114000122,28,66,-38
114000123,36,17,19
114000124,23,36,-13
114000125,175,400,-225
114000126,43,16,27
114000127,12,14,-2
114000128,32,52,-20
114000130,19,14,5
114000131,7,5,2
114000132,63,150,-87
114000133,67,205,-138
114000134,2,26,-24
114000138,8,54,-46
114000139,21,14,7
114000144,54,42,12
114000145,2,23,-21
114000146,14,48,-34
114000147,70,74,-4
114000148,264,20,244
114000149,13,7,6
114000150,151,127,24
114000151,290,133,157
114000152,13,0,13
114000153,202,254,-52
114000154,100,91,9
114000155,159,273,-114
114000156,65,63,2
114000157,36,142,-106
114000158,354,100,254
114000159,69,90,-21
114000160,15,33,-18
114000161,138,57,81
114000162,118,75,43
114000163,1,29,-28
114000165,50,21,29
114000166,79,13,66
114000167,748,150,598
114000168,152,112,40
114000169,104,45,59
114000170,70,36,34
114000171,49,60,-11
114000174,41,103,-62
114000176,108,62,46
114000177,478,92,386
114000178,7,24,-17
114000179,75,20,55
114000180,57,105,-48
114000181,194,265,-71
114000182,969,443,526
114000183,154,222,-68
114000184,1879,459,1420
114000185,56,36,20
114000189,17,3,14
114000190,60,29,31
114000191,6,3,3
114000192,61,398,-337
114000193,184,752,-568
114000194,246,397,-151
114000195,5,2,3
114000196,0,65,-65
114000197,50,9,41
114000198,233,114,119
114000199,293,178,115
114000200,75,483,-408
114000201,15,205,-190
114000202,156,169,-13
114000203,130,315,-185
114000204,16,82,-66
114000205,20,300,-280
114000206,95,367,-272
114000207,111,574,-463
114000208,63,714,-651
114000209,99,818,-719
114000210,74,419,-345
114000211,96,309,-213
114000212,85,179,-94
114000213,181,135,46
114000214,3,38,-35
114000215,3,18,-15
114000216,24,4,20
114000217,3,52,-49
114000218,19,78,-59
114000219,43,45,-2
114000220,1,380,-379
114000221,32,22,10
114000222,28,301,-273
114000223,18,8,10
114000224,22,165,-143
114000225,11,103,-92
114000226,5,69,-64
114000227,81,108,-27
114000228,94,158,-64
114000229,132,322,-190
114000230,172,334,-162
114000231,105,371,-266
114000232,28,9,19
114000233,127,17,110
114000234,135,184,-49
114000235,155,495,-340
114000236,0,163,-163
114000237,15,308,-293
114000238,8,28,-20
114000239,27,384,-357
114000240,82,153,-71
114000241,47,317,-270
114000242,210,179,31
114000243,104,137,-33
114000244,36,36,0
114000245,65,219,-154
114000246,42,9,33
114000247,43,113,-70
114000248,46,99,-53
114000249,62,73,-11
114000250,19,85,-66
114000251,7,75,-68
114000252,6,22,-16
114000253,2,10,-8
114000254,0,10,-10
114000255,64,34,30
114000256,146,36,110
114000257,191,461,-270
114000258,23,108,-85
114000259,0,59,-59
114000260,0,6,-6
114000261,0,0,0
114000262,5,28,-23
114000263,0,0,0
114000264,38,141,-103
114000265,0,2,-2
114000267,1,234,-233
114000268,1,526,-525
114000270,0,0,0
114000271,29,14,15
114000283,47,76,-29
114000285,12,66,-54
114000288,18,81,-63
114000289,97,30,67
114000293,24,97,-73
114000294,13,16,-3
114000395,62,13,49
114000396,12,28,-16
114000402,33,55,-22
114000403,20,91,-71
114000405,38,131,-93
114000423,20,157,-137
114000424,19,33,-14
114000425,28,157,-129
114000426,9,7,2
114000427,5,35,-30
114000428,16,14,2
114000429,0,22,-22
114000432,4,28,-24
114000434,5,13,-8
114000435,0,32,-32
114900001,13,333,-320
114900002,41,6,35
114900003,21,450,-429
114900004,8,14,-6
114900005,29,196,-167
114900006,3,5,-2
114900007,10,0,10
114900008,8,19,-11
114900010,387,142,245
114900011,8,10,-2
114900013,9,19,-10
114900018,71,4,67
114900020,4,10,-6
114900022,1,61,-60
114900025,17,69,-52
114900026,20,3,17
114900029,32,1,31
114900030,26,70,-44
114900031,11,10,1
114900032,12,7,5
114900034,20,69,-49
114900035,8,41,-33
114900036,20,253,-233
114900039,34,176,-142
114900040,1,46,-45
114900041,33,185,-152
114900042,40,274,-234
114900044,0,3,-3
114900047,14,163,-149
114900048,2,43,-41
114900049,9,81,-72
114900050,5,142,-137
114900051,8,76,-68
114900052,12,22,-10
114900053,1,33,-32
114900054,14,27,-13
114900057,3,0,3
114900058,0,16,-16
114900059,3,5,-2
114900063,10,43,-33
114900064,103,179,-76
114900065,38,168,-130
114900067,2,65,-63
114900068,15,59,-44
114900069,27,28,-1
114900070,26,167,-141
114900072,3,27,-24
114900073,0,36,-36
114900074,17,231,-214
114900075,14,0,14
114900076,1,71,-70
114900080,660,73,587
114900082,688,280,408
114900083,14,109,-95
114900090,3,17,-14
114900091,16,12,4
114900097,7,0,7
114900098,2,50,-48
114900099,11,3,8
115000001,2110,1384,726
115000002,449,281,168
115000003,889,921,-32
115000004,263,478,-215
115000005,244,764,-520
115000006,52,183,-131
115000007,10,28,-18
115000008,63,66,-3
115000009,48,110,-62
115000010,23,12,11
115000013,10,19,-9
115000015,11,25,-14
115000016,34,27,7
115000019,1,42,-41
115000020,29,16,13
115000021,79,82,-3
115000022,100,88,12
115000023,6,13,-7
115000024,168,119,49
115000025,15,10,5
115000026,26,94,-68
115000027,1,0,1
115000028,22,111,-89
115000029,0,0,0
115000030,30,190,-160
115000031,0,0,0
115000032,4,74,-70
115000033,4,1,3
115000034,13,237,-224
115000035,21,0,21
115000036,0,93,-93
115000037,6,0,6
115000038,9,38,-29
115000039,300,192,108
115000040,982,534,448
115000041,157,309,-152
115000042,75,91,-16
115000043,350,295,55
115000044,625,1032,-407
115000045,360,765,-405
115000046,156,356,-200
115000047,261,369,-108
115000048,374,777,-403
115000049,219,574,-355
115000050,246,224,22
115000051,289,154,135
115000052,717,473,244
115000053,193,231,-38
115000054,221,273,-52
115000055,20,182,-162
115000056,6,32,-26
115000057,29,172,-143
115000058,9,26,-17
115000059,1,85,-84
115000061,10,4,6
115000062,12,75,-63
115000063,11,73,-62
115000064,5,13,-8
115000065,5,32,-27
115000067,0,0,0
115000069,0,65,-65
115000070,1,99,-98
115000071,9,0,9
115000072,16,4,12
115000073,152,12,140
115000075,3,7,-4
115000076,665,632,33
115000077,222,944,-722
115000078,106,428,-322
115000079,118,628,-510
115000080,255,714,-459
115000081,80,267,-187
115000082,292,533,-241
115000083,221,849,-628
115000084,72,177,-105
115000085,95,278,-183
115000086,34,135,-101
115000087,85,277,-192
115000088,175,95,80
115000089,462,442,20
115000090,88,25,63
115000091,63,294,-231
115000092,38,108,-70
115000093,0,0,0
115000094,1447,633,814
115000095,1290,659,631
115000096,61,469,-408
115000097,70,149,-79
115000098,120,209,-89
115000099,130,606,-476
115000100,42,67,-25
115000101,105,382,-277
115000102,26,32,-6
115000103,65,216,-151
115000105,15,45,-30
115000106,20,43,-23
115000107,52,173,-121
115000108,882,632,250
115000109,975,227,748
115000110,161,95,66
115000111,86,274,-188
115000112,64,73,-9
115000113,96,165,-69
115000114,186,149,37
115000116,336,156,180
115000117,426,175,251
115000118,126,194,-68
115000119,171,204,-33
115000120,58,92,-34
115000121,411,107,304
115000122,380,81,299
115000123,154,116,38
115000124,125,118,7
115000125,31,119,-88
115000126,17,43,-26
115000127,58,18,40
115000128,178,113,65
115000129,9,33,-24
115000130,41,136,-95
115000131,32,41,-9
115000132,13,101,-88
115000133,17,75,-58
115000134,15,22,-7
115000135,3,58,-55
115000136,6,22,-16
115000137,6,25,-19
115000138,26,24,2
115000139,46,61,-15
115000140,17,30,-13
115000141,21,44,-23
115000142,23,81,-58
115000143,26,107,-81
115000144,40,19,21
115000145,12,136,-124
115000146,18,46,-28
115000147,21,150,-129
115000148,40,220,-180
115000149,36,21,15
115000150,79,241,-162
115000151,62,42,20
115000152,41,297,-256
115000153,45,70,-25
115000154,48,46,2
115000155,79,165,-86
115000156,82,94,-12
115000157,146,116,30
115000158,31,35,-4
115000159,84,53,31
115000160,73,36,37
115000161,25,77,-52
115000162,43,56,-13
115000163,136,176,-40
115000164,72,129,-57
115000165,26,46,-20
115000167,4,6,-2
115000168,45,27,18
115000169,56,91,-35
115000170,51,60,-9
115000171,17,18,-1
115000172,320,69,251
115000173,17,15,2
115000174,6,14,-8
115000175,31,36,-5
115000176,0,4,-4
115000177,3,30,-27
115000178,0,57,-57
115000179,0,3,-3
115000180,8,126,-118
115000181,10,11,-1
115000182,21,46,-25
115000183,27,161,-134
115000186,19,41,-22
115000187,11,143,-132
115000188,25,87,-62
115000189,24,102,-78
115000190,29,38,-9
115000191,19,58,-39
115000194,3,12,-9
115000195,34,5,29
115000196,10,31,-21
115000197,6,145,-139
115000198,13,33,-20
115000199,59,86,-27
115000200,8,15,-7
115000201,10,69,-59
115000206,0,0,0
115000207,9,117,-108
115000208,135,164,-29
115000209,33,18,15
115000210,5,12,-7
115000211,34,41,-7
115000212,249,57,192
115000224,9,6,3
115000225,13,4,9
115000229,55,8,47
115000230,2,54,-52
115000231,63,616,-553
115000232,99,118,-19
115000233,3,57,-54
115000234,0,42,-42
115000241,7,9,-2
115000242,17,39,-22
115000243,1,56,-55
115000244,0,31,-31
115000246,9,1,8
115000247,3,1,2
115000248,3,0,3
115000249,2,1,1
115000250,9,12,-3
115000251,5,9,-4
115000252,1,23,-22
115000253,0,15,-15
115000258,6,13,-7
115000259,39,22,17
115000261,0,0,0
115000262,0,4,-4
115000263,0,3,-3
115000264,1,1,0
115000267,14,7,7
115000268,2,14,-12
115000269,3,11,-8
115000270,0,0,0
115000272,4,16,-12
115000273,14,1,13
115000280,104,0,104
115000281,205,14,191
115000282,38,9,29
115000284,74,12,62
115000296,17,0,17
115000297,0,0,0
115000298,23,8,15
115000300,0,29,-29
115000302,6,20,-14
115000303,13,22,-9
115000304,9,9,0
115000305,12,250,-238
115000306,8,147,-139
115000307,1,94,-93
115000308,3,3,0
115000310,112,327,-215
115000311,28,180,-152
115000313,48,143,-95
115000314,6,5,1
115000315,173,52,121
115000316,2,8,-6
115000317,8,108,-100
115000318,41,28,13
115000319,13,75,-62
115000320,6,20,-14
115000321,28,2,26
115000322,6,81,-75
115000449,25,10,15
115000557,11,27,-16
115000558,10,12,-2
115000587,28,62,-34
115000588,466,1106,-640
115000589,435,438,-3
115000590,58,315,-257
115000591,40,62,-22
115000592,135,295,-160
115000593,49,29,20
115000594,85,280,-195
115000609,16,18,-2
115000617,93,78,15
115000624,3,22,-19
115000633,16,271,-255
115000634,197,75,122
115000635,21,2,19
115000638,200,86,114
115000641,17,11,6
115000642,16,29,-13
115000643,10,67,-57
115000644,23,58,-35
115000646,64,168,-104
115000647,12,96,-84
115000648,51,318,-267
115000893,120,31,89
115000894,10,300,-290
115000895,108,185,-77
115000896,47,26,21
115000897,22,1,21
115000898,70,6,64
115000899,185,101,84
115000900,7,61,-54
115000901,23,13,10
115000912,7,0,7
115000913,0,3,-3
115000915,0,0,0
115000916,0,0,0
115000917,0,1,-1
115000918,0,0,0
115000919,0,0,0
115000920,1,2,-1
115000921,273,10,263
115000922,32,7,25
115000923,86,191,-105
115000925,6,15,-9
115000927,0,3,-3
115000933,59,36,23
115000934,2,28,-26
115000935,4,43,-39
115000936,0,0,0
115000937,217,16,201
115000938,51,15,36
115000939,20,20,0
115000940,0,0,0
115000941,0,0,0
115000942,0,0,0
115000943,15,1,14
115000944,0,0,0
115900001,4,11,-7
115900002,29,7,22
115900003,1,14,-13
115900004,0,6,-6
115900005,3,1,2
115900006,4,45,-41
115900008,0,2,-2
115900009,5,24,-19
115900010,5,19,-14
115900011,15,78,-63
115900012,1,3,-2
115900013,9,6,3
115900014,10,27,-17
115900015,0,7,-7
115900016,2,2,0
115900017,0,0,0
115900018,24,11,13
115900019,24,0,24
115900020,0,0,0
115900021,395,34,361
115900022,264,3,261
115900023,5,0,5
115900025,12,15,-3
115900026,163,55,108
115900027,0,83,-83
115900028,88,6,82
115900029,6,107,-101
115900030,2,1,1
115900031,14,12,2
115900032,11,27,-16
115900033,0,22,-22
115900034,1,168,-167
115900035,3,8,-5
115900036,17,25,-8
115900037,3,132,-129
115900038,0,0,0
115900039,7,36,-29
115900041,16,15,1
115900042,0,1,-1
115900043,1,26,-25
115900044,5,1,4
115900046,30,80,-50
115900047,2,2,0
115900049,9,28,-19
115900051,0,19,-19
115900052,2,192,-190
115900053,5,29,-24
115900054,3,25,-22
115900055,6,84,-78
115900056,3,38,-35
115900057,1,0,1
115900058,20,15,5
115900060,5,14,-9
115900061,1,0,1
115900062,0,112,-112
115900063,20,1,19
115900064,38,23,15
115900065,1,14,-13
115900066,29,36,-7
115900067,0,169,-169
115900068,1399,13,1386
115900069,4,10,-6
115900070,4,30,-26
115900071,0,124,-124
115900072,22,82,-60
115900073,0,2,-2
115900074,1,132,-131
115900075,2,60,-58
115900076,0,16,-16
115900077,0,130,-130
115900078,4,15,-11
115900079,8,0,8
115900080,50,19,31
115900081,2,32,-30
115900082,10,14,-4
115900084,8,11,-3
115900085,6,5,1
115900086,189,42,147
115900088,1,11,-10
115900089,12,248,-236
115900090,13,8,5
115900091,0,4,-4
115900092,7,55,-48
115900093,0,8,-8
115900094,1,150,-149
115900096,0,7,-7
115900097,1,233,-232
115900098,9,65,-56
115900099,0,13,-13
115900100,0,75,-75
115900101,12,94,-82
115900102,0,17,-17
115900103,36,46,-10
115900104,0,19,-19
115900105,9,117,-108
115900106,1,0,1
115900107,1,50,-49
115900108,1,3,-2
115900109,3,69,-66
115900110,0,2,-2
115900111,0,41,-41
115900112,2,93,-91
115900113,6,2,4
115900114,1,63,-62
115900115,3,15,-12
115900116,2,154,-152
115900117,1,1,0
115900118,1,135,-134
115900119,2,8,-6
115900120,2,59,-57
115900121,3,12,-9
115900124,14,19,-5
115900125,12,6,6
115900126,20,5,15
115900127,24,2,22
115900128,2,43,-41
115900129,35,3,32
115900130,2,31,-29
115900131,3,1,2
115900132,5,1,4
115900134,10,0,10
115900135,83,57,26
115900137,1,0,1
115900139,9,6,3
115900140,5,1,4
115900141,0,2,-2
115900142,1,7,-6
115900143,7,30,-23
115900144,2,31,-29
115900146,0,25,-25
115900147,5,2,3
115900148,0,0,0
115900149,1,10,-9
115900150,2,7,-5
115900151,0,5,-5
115900152,1,41,-40
115900153,0,32,-32
115900154,41,33,8
115900155,0,11,-11
115900156,32,50,-18
115900157,3,33,-30
115900158,5,2,3
115900159,2,30,-28
115900160,0,0,0
115900161,3,16,-13
115900163,9,3,6
115900164,4,0,4
115900166,19,25,-6
115900168,0,11,-11
115900171,1,32,-31
115900172,0,28,-28
115900173,14,7,7
115900174,16,16,0
115900175,4,36,-32
115900178,0,195,-195
115900179,9,19,-10
115900180,3,55,-52
115900181,18,84,-66
115900182,20,77,-57
115900183,7,3,4
115900184,52,0,52
115900187,0,23,-23
115900189,0,5,-5
115900190,13,13,0
115900191,8,58,-50
115900192,0,12,-12
115900193,3,2,1
115900194,19,1,18
115900195,13,22,-9
115900198,19,30,-11
115900199,2,16,-14
115900200,16,8,8
115900201,2,92,-90
115900202,0,0,0
115900203,0,2,-2
115900204,0,1,-1
115900205,3,0,3
115900206,3,15,-12
115900207,1,3,-2
115900208,2,84,-82
115900209,0,13,-13
115900210,0,42,-42
115900211,0,24,-24
115900212,3,47,-44
115900213,1,2,-1
115900214,20,13,7
115900215,0,2,-2
115900216,0,32,-32
115900217,0,24,-24
115900218,1,31,-30
115900219,1,0,1
115900220,0,3,-3
115900221,2,3,-1
115900222,1,0,1
115900223,0,3,-3
115900224,127,11,116
115900225,7,2,5
115900226,1,4,-3
115900227,0,6,-6
115900228,0,2,-2
115900229,0,10,-10
115900230,6,15,-9
115900231,11,0,11
115900232,0,0,0
115900233,0,1,-1
115900234,4,0,4
115900235,0,0,0
115900236,0,3,-3
115900237,1,11,-10
115900238,1,6,-5
115900239,0,12,-12
115900240,0,20,-20
115900241,3,6,-3
115900242,17,6,11
115900243,1,0,1
115900244,2,2,0
115900245,0,2,-2
115900246,5,0,5
115900247,0,1,-1
115900248,0,1,-1
115900249,0,1,-1
115900250,0,0,0
115900251,0,0,0
115900252,1,1,0
115900253,0,2,-2
115900254,4,1,3
115900255,0,10,-10
115900256,5,8,-3
115900257,1,2,-1
115900258,0,0,0
115900259,0,1,-1
115900260,2,0,2
115900261,1,1,0
115900262,0,1,-1
115900263,4,0,4
115900264,1,0,1
115900265,0,2,-2
115900266,0,0,0
115900267,0,0,0
115900268,0,0,0
115900269,14,55,-41
115900270,11,132,-121
115900271,1,0,1
115900272,0,0,0
115900273,1,1,0
115900274,0,1,-1
115900275,0,9,-9
115900276,1,16,-15
115900277,0,44,-44
115900278,0,9,-9
115900279,4,12,-8
115900280,3,42,-39
115900281,100,15,85
115900282,9,5,4
115900283,1,0,1
115900284,0,5,-5
116000001,4049,899,3150
116000002,371,350,21
116000003,327,540,-213
116000004,241,204,37
116000005,343,476,-133
116000006,242,239,3
116000007,422,798,-376
116000008,241,260,-19
116000009,239,565,-326
116000010,130,131,-1
116000011,160,355,-195
116000012,175,129,46
116000013,3138,816,2322
116000014,4293,661,3632
116000015,62,149,-87
116000016,814,150,664
116000017,3,91,-88
116000018,55,75,-20
116000019,75,45,30
116000020,52,199,-147
116000021,16,69,-53
116000022,51,54,-3
116000023,57,105,-48
116000024,98,286,-188
116000025,47,99,-52
116000026,302,452,-150
116000027,90,104,-14
116000028,22,46,-24
116000029,148,80,68
116000030,9,7,2
116000031,22,21,1
116000032,5,36,-31
116000033,4,35,-31
116000034,21,141,-120
116000035,23,107,-84
116000036,209,38,171
116000037,80,41,39
116000038,46,30,16
116000039,167,99,68
116000040,61,13,48
116000041,56,105,-49
116000042,38,27,11
116000043,22,88,-66
116000044,2,10,-8
116000045,58,58,0
116000046,200,206,-6
116000047,382,479,-97
116000048,106,129,-23
116000049,88,154,-66
116000050,168,299,-131
116000051,440,128,312
116000052,926,521,405
116000053,209,66,143
116000054,122,342,-220
116000055,68,291,-223
116000056,44,99,-55
116000057,397,388,9
116000058,435,221,214
116000059,253,361,-108
116000060,765,152,613
116000061,86,105,-19
116000062,79,58,21
116000063,38,121,-83
116000066,2,39,-37
116000067,77,154,-77
116000068,2,23,-21
116000069,45,73,-28
116000078,16,94,-78
116000080,199,249,-50
116000082,0,23,-23
116000083,160,79,81
116000084,234,638,-404
116000085,334,141,193
116000086,333,280,53
116000087,232,171,61
116000088,122,226,-104
116000089,32,18,14
116000090,7,23,-16
116000091,21,20,1
116000093,234,59,175
116000094,30,148,-118
116000095,89,109,-20
116000096,44,174,-130
116000097,59,156,-97
116000098,22,455,-433
116000099,1468,56,1412
116000100,15,1,14
116000101,29,301,-272
116000102,14,278,-264
116000103,30,38,-8
116000104,5,306,-301
116000105,37,40,-3
116000106,11,235,-224
116000107,82,137,-55
116000108,2,55,-53
116000111,2,5,-3
116000113,10,5,5
116000114,30,31,-1
116000115,5,5,0
116000116,27,102,-75
116000117,105,152,-47
116000118,147,380,-233
116000119,142,194,-52
116000120,308,910,-602
116000121,69,71,-2
116000122,243,689,-446
116000123,38,61,-23
116000124,58,359,-301
116000125,102,100,2
116000126,65,308,-243
116000127,137,314,-177
116000128,110,107,3
116000129,62,33,29
116000130,33,42,-9
116000133,43,223,-180
116000134,104,596,-492
116000135,76,267,-191
116000136,76,439,-363
116000137,41,125,-84
116000138,243,64,179
116000139,288,494,-206
116000140,17,68,-51
116000141,57,263,-206
116000142,851,989,-138
116000143,405,213,192
116000144,243,922,-679
116000145,231,375,-144
116000146,8,48,-40
116000147,30,19,11
116000148,31,68,-37
116000149,66,67,-1
116000151,135,307,-172
116000153,2,34,-32
116000155,19,33,-14
116000156,145,171,-26
116000157,3,4,-1
116000158,8,82,-74
116000159,1,0,1
116000160,2,14,-12
116000161,0,27,-27
116000162,9,10,-1
116000163,2,2,0
116000164,0,1,-1
116000177,6,10,-4
116000194,12,86,-74
116000195,153,117,36
116000196,0,0,0
116000197,0,1,-1
116000198,281,150,131
116000200,88,40,48
116000201,92,117,-25
116000202,0,56,-56
116000203,0,19,-19
116000204,2,11,-9
116000205,0,43,-43
116000206,0,44,-44
116000207,1,7,-6
116000233,20,164,-144
116000287,6,148,-142
116000288,6,45,-39
116000292,1,37,-36
116000296,0,21,-21
116000297,4,4,0
116000304,2,2,0
116000305,2,7,-5
116000346,4,48,-44
116000352,2,5,-3
116000354,2,1,1
116000357,0,1,-1
116000358,17,6,11
116000361,81,0,81
116000372,2004,326,1678
116000381,16,0,16
116000388,0,11,-11
116000389,53,115,-62
116000445,22,191,-169
116000446,28,123,-95
116000447,2,92,-90
116000448,80,54,26
116000563,39,86,-47
116000565,22,71,-49
116000568,1,6,-5
116000579,7,26,-19
116000583,3,6,-3
116000584,3,1,2
116000585,1,2,-1
116000586,31,8,23
116000587,5,53,-48
116000589,8,23,-15
116000590,1,5,-4
116000591,3,33,-30
116000592,1,17,-16
116000593,0,3,-3
116000594,26,131,-105
116000595,23,48,-25
116000596,9,1,8
116000597,8,21,-13
116000598,2,40,-38
116000605,7,25,-18
116000606,2,14,-12
116000607,0,3,-3
116000609,20,136,-116
116000611,5,152,-147
116000612,104,466,-362
116000613,64,59,5
116000614,92,212,-120
116000615,0,32,-32
116000616,8,41,-33
116000617,6,20,-14
116000618,0,30,-30
116000619,2,5,-3
116000620,5,71,-66
116000621,0,1,-1
116000622,0,0,0
116000624,3,6,-3
116000627,2,7,-5
116000628,11,109,-98
116000629,25,108,-83
116000630,5,5,0
116000631,2,5,-3
116000632,8,22,-14
116000633,0,36,-36
116000634,23,60,-37
116000635,380,201,179
116000636,287,195,92
116000637,22,52,-30
116000638,4,85,-81
116000639,0,0,0
116000640,0,2,-2
116000641,16,35,-19
116000643,0,32,-32
116000644,15,271,-256
116000645,0,2,-2
116900001,8,14,-6
116900002,33,1,32
116900003,0,14,-14
116900004,0,7,-7
116900005,31,3,28
116900006,23,20,3
116900007,16,12,4
116900008,34,150,-116
116900009,0,0,0
116900010,26,479,-453
116900011,1,6,-5
116900012,10,33,-23
116900013,0,41,-41
116900014,4,128,-124
116900015,11,12,-1
116900016,1,0,1
116900017,2,178,-176
116900018,5,8,-3
116900019,2,89,-87
116900020,239,13,226
116900023,7,0,7
116900024,14,18,-4
116900025,28,244,-216
116900026,10,179,-169
116900027,1,3,-2
116900028,1,19,-18
116900029,0,2,-2
116900031,0,1,-1
116900032,0,49,-49
116900033,2,3,-1
116900034,0,14,-14
116900035,8,51,-43
116900036,0,29,-29
116900038,9,2,7
116900041,2,1,1
116900042,205,32,173
116900043,2,12,-10
116900047,28,4,24
116900049,2,44,-42
116900050,3,53,-50
116900051,1,26,-25
116900052,3,8,-5
116900055,0,1,-1
116900057,2,60,-58
116900058,1,51,-50
116900059,0,19,-19
116900060,28,72,-44
116900062,0,1,-1
116900064,5,173,-168
116900065,2,13,-11
116900067,6,13,-7
116900068,14,125,-111
116900070,0,0,0
116900072,2,87,-85
116900073,10,25,-15
116900074,0,8,-8
116900076,2,0,2
116900077,0,50,-50
116900078,31,19,12
116900079,0,80,-80
116900080,0,3,-3
116900081,17,201,-184
116900082,61,194,-133
116900083,0,23,-23
116900084,23,7,16
116900085,1,38,-37
116900086,4,100,-96
116900088,32,9,23
116900090,39,15,24
116900091,3,14,-11
116900092,9,237,-228
116900093,285,215,70
116900094,1241,288,953
116900095,15,43,-28
116900096,13,13,0
116900097,467,109,358
116900098,168,41,127
116900099,50,85,-35
116900100,38,0,38
116900101,45,142,-97
116900103,0,0,0
116900104,6,29,-23
116900105,34,2,32
116900106,23,0,23
116900107,801,76,725
116900110,1,0,1
116900111,21,204,-183
116900112,5,110,-105
116900113,455,68,387
116900116,15,8,7
116900117,2,40,-38
116900118,219,95,124
116900120,19,12,7
116900121,0,8,-8
116900122,43,201,-158
116900123,13,199,-186
116900124,10,156,-146
116900125,10,35,-25
116900126,27,83,-56
116900128,0,7,-7
116900129,0,84,-84
116900130,212,206,6
116900131,1,29,-28
116900132,0,10,-10
116900133,1,25,-24
116900134,5,32,-27
116900136,18,10,8
116900137,28,17,11
116900138,8,26,-18
116900139,2,50,-48
116900140,15,32,-17
116900141,50,42,8
116900142,0,3,-3
116900143,13,70,-57
116900144,1,5,-4
116900145,6,73,-67
116900147,166,49,117
116900148,0,3,-3
116900149,2,14,-12
116900150,1,1,0
116900151,10,0,10
116900153,6,17,-11
116900154,8,26,-18
116900155,1,4,-3
116900157,7,29,-22
116900158,5,3,2
116900159,3,36,-33
116900160,147,45,102
116900161,1918,351,1567
116900162,0,14,-14
116900163,9,27,-18
116900164,3,9,-6
116900165,13,8,5
116900166,2,13,-11
116900167,22,17,5
116900168,32,8,24
116900169,62,19,43
116900170,14,33,-19
116900171,5,34,-29
116900172,11,3,8
116900173,5,4,1
116900174,3,3,0
116900175,9,17,-8
116900178,2,30,-28
116900179,4,6,-2
116900180,13,1,12
116900182,40,34,6
116900183,8,14,-6
116900185,0,1,-1
116900186,0,88,-88
116900187,0,2,-2
116900188,14,3,11
116900189,0,0,0
116900191,15,27,-12
116900192,8,13,-5
116900194,4,84,-80
116900195,2,2,0
116900196,1,41,-40
116900197,5,0,5
116900198,31,12,19
116900200,2,15,-13
116900201,0,0,0
116900202,5,18,-13
116900203,3,2,1
116900204,3,6,-3
116900206,0,26,-26
116900207,0,7,-7
116900208,0,3,-3
116900209,2,33,-31
116900210,29,30,-1
116900211,13,0,13
116900212,4,21,-17
116900213,4,9,-5
116900214,3,33,-30
116900215,0,4,-4
116900216,7,79,-72
116900218,0,56,-56
116900219,235,104,131
116900220,16,21,-5
116900221,4,63,-59
116900222,28,39,-11
116900223,6,19,-13
116900226,3,13,-10
116900227,5,22,-17
116900228,7,132,-125
116900230,1,63,-62
116900231,0,95,-95
116900232,0,96,-96
116900233,17,6,11
116900234,0,0,0
116900235,21,126,-105
116900238,221,52,169
116900239,4,98,-94
116900240,997,207,790
116900241,2,36,-34
116900242,223,21,202
116900243,1,17,-16
116900245,6,0,6
116900246,1,1,0
116900247,26,5,21
116900248,3,2,1
116900249,12,6,6
116900250,19,15,4
116900251,71,22,49
116900252,3,199,-196
116900254,0,22,-22
116900255,7,4,3
116900256,56,16,40
116900257,2,139,-137
116900258,0,82,-82
116900259,3,6,-3
116900260,0,28,-28
116900261,0,2,-2
116900262,23,39,-16
116900263,0,2,-2
116900264,1,2,-1
116900265,0,0,0
116900266,0,9,-9
116900267,0,2,-2
116900268,2,2,0
116900269,51,114,-63
116900271,381,7,374
116900272,83,115,-32
116900273,34,0,34
116900274,2,10,-8
116900275,3,27,-24
116900276,27,8,19
116900277,33,0,33
116900278,0,1,-1
116900279,1,8,-7
116900280,0,2,-2
116900281,1473,257,1216
116900282,0,34,-34
116900283,2,13,-11
116900284,0,41,-41
116900285,4,8,-4
116900286,15,0,15
116900287,0,21,-21
116900288,3,44,-41
116900289,0,5,-5
116900290,0,4,-4
116900291,0,5,-5
116900292,0,0,0
116900293,3,28,-25
116900294,1,20,-19
116900295,7,4,3
116900296,1,3,-2
116900297,0,1,-1
116900298,4,0,4
116900299,1,6,-5
116900300,0,13,-13
116900301,1,4,-3
116900302,3,6,-3
116900303,81,8,73
116900304,0,11,-11
116900305,7,3,4
116900306,3,22,-19
116900307,0,1,-1
116900308,0,38,-38
116900309,0,17,-17
116900310,3,18,-15
116900311,1,21,-20
117000001,186,216,-30
117000002,267,837,-570
117000003,505,376,129
117000004,661,900,-239
117000005,180,188,-8
117000006,175,988,-813
117000007,272,154,118
117000008,219,760,-541
117000009,237,178,59
117000010,287,731,-444
117000011,139,209,-70
117000012,169,451,-282
117000013,131,189,-58
117000014,117,382,-265
117000015,396,127,269
117000016,40,28,12
117000017,51,24,27
117000018,8,81,-73
117000019,3,5,-2
117000020,121,126,-5
117000021,550,85,465
117000022,75,25,50
117000023,110,27,83
117000024,91,23,68
117000025,224,168,56
117000026,309,87,222
117000027,295,396,-101
117000028,21,39,-18
117000030,104,123,-19
117000031,44,13,31
117000032,326,273,53
117000033,195,127,68
117000034,36,85,-49
117000035,10,11,-1
117000036,60,80,-20
117000037,9,9,0
117000038,19,136,-117
117000039,11,17,-6
117000040,25,402,-377
117000041,33,6,27
117000044,12,286,-274
117000045,14,9,5
117000046,94,236,-142
117000047,32,49,-17
117000048,332,238,94
117000049,5,74,-69
117000050,9,652,-643
117000051,206,21,185
117000052,1,153,-152
117000053,12,3,9
117000054,126,0,126
117000055,45,896,-851
117000056,48,2,46
117000057,158,578,-420
117000060,49,445,-396
117000061,81,97,-16
117000062,34,109,-75
117000063,76,88,-12
117000064,186,275,-89
117000066,191,116,75
117000067,2,51,-49
117000074,7,18,-11
117000076,25,8,17
117000077,11,8,3
117000078,10,90,-80
117000079,6,9,-3
117000080,0,128,-128
117000081,51,24,27
117000082,8,13,-5
117000083,46,36,10
117000084,0,0,0
117000085,17,102,-85
117000086,93,92,1
117000087,14,141,-127
117000088,25,21,4
117000089,150,50,100
117000090,39,511,-472
117000091,89,40,49
117000092,72,466,-394
117000093,63,54,9
117000094,151,686,-535
117000095,193,108,85
117000096,105,853,-748
117000097,60,198,-138
117000098,546,1488,-942
117000099,155,80,75
117000100,5,31,-26
117000101,60,314,-254
117000102,71,75,-4
117000103,128,424,-296
117000104,64,85,-21
117000105,156,546,-390
117000106,117,50,67
117000107,100,684,-584
117000108,66,73,-7
117000109,451,853,-402
117000110,140,72,68
117000111,413,633,-220
117000112,224,247,-23
117000113,9,64,-55
117000114,5,6,-1
117000115,4,26,-22
117000116,6,36,-30
117000117,111,49,62
117000118,27,48,-21
117000119,14,6,8
117000120,6,3,3
117000121,6,45,-39
117000122,65,36,29
117000123,135,3,132
117000124,15,0,15
117000125,39,12,27
117000126,10,12,-2
117000127,52,37,15
117000128,50,69,-19
117000129,109,80,29
117000130,0,0,0
117000131,0,53,-53
117000132,75,11,64
117000133,56,21,35
117000134,0,24,-24
117000135,2,10,-8
117000136,1,13,-12
117000137,2,3,-1
117000138,0,82,-82
117000140,45,388,-343
117000141,76,51,25
117000181,193,81,112
117000182,21,25,-4
117000195,21,273,-252
117000196,4,3,1
117000225,8,24,-16
117000226,2,24,-22
117000276,9,0,9
117000277,0,112,-112
117000310,586,320,266
117000315,14,65,-51
117000320,0,0,0
117000906,5,0,5
117000907,0,174,-174
117000909,19,17,2
117000910,60,30,30
117000911,45,70,-25
117000915,2,145,-143
117000916,0,1,-1
117000917,29,1,28
117000918,3,1,2
117000919,0,21,-21
117000920,1,410,-409
117000921,1,607,-606
117000922,0,0,0
117000924,58,45,13
117000926,252,14,238
117000927,14,34,-20
117000928,0,71,-71
117000929,8,228,-220
117000930,28,4,24
117000931,41,5,36
117900002,18,65,-47
117900003,72,43,29
117900005,0,25,-25
117900006,0,7,-7
117900007,0,31,-31
117900008,0,12,-12
117900010,16,52,-36
117900011,5,15,-10
117900012,6,45,-39
117900013,0,70,-70
117900014,52,90,-38
117900015,0,63,-63
117900016,209,53,156
117900017,34,189,-155
117900018,100,7,93
117900019,18,130,-112
117900020,13,17,-4
117900021,4,24,-20
117900023,128,5,123
117900024,5,28,-23
117900025,3,0,3
117900026,31,111,-80
117900028,5,0,5
117900029,19,231,-212
117900031,14,11,3
117900032,57,16,41
117900033,21,231,-210
117900034,30,14,16
117900035,28,7,21
117900036,16,226,-210
117900037,1,11,-10
117900038,3,107,-104
117900039,0,16,-16
117900040,31,135,-104
117900041,1,22,-21
117900042,1308,70,1238
117900043,4,12,-8
117900044,4,215,-211
117900045,6,16,-10
117900048,19,74,-55
117900049,15,168,-153
117900050,0,4,-4
117900051,1,0,1
117900052,15,42,-27
117900053,96,154,-58
117900054,0,3,-3
117900055,20,17,3
117900056,26,5,21
117900057,93,258,-165
117900058,11,1,10
117900059,9,2,7
117900060,55,1127,-1072
117900061,0,9,-9
117900063,18,56,-38
117900065,132,260,-128
117900066,0,17,-17
117900067,26,89,-63
117900069,43,118,-75
117900070,21,0,21
117900071,2,21,-19
117900073,11,99,-88
117900074,5,1,4
117900075,2,9,-7
117900076,1,8,-7
117900077,14,11,3
117900078,46,70,-24
117900080,8,6,2
117900081,119,106,13
117900082,35,32,3
117900083,18,173,-155
117900086,4,6,-2
117900087,14,11,3
117900088,422,344,78
117900089,185,34,151
117900090,29,234,-205
117900091,18,19,-1
117900092,0,9,-9
117900093,0,19,-19
117900094,5,5,0
117900095,37,242,-205
117900096,4,35,-31
117900097,5,6,-1
117900098,0,0,0
117900099,9,97,-88
117900100,2,0,2
117900101,72,139,-67
117900102,2,3,-1
117900103,2,3,-1
117900104,2,25,-23
117900105,6,53,-47
117900106,2,2,0
117900107,0,0,0
117900109,30,48,-18
117900110,3,0,3
117900111,29,0,29
117900112,5,3,2
117900113,659,153,506
117900114,1,0,1
117900115,8,0,8
117900116,161,113,48
117900117,56,54,2
117900118,0,0,0
117900119,19,69,-50
117900120,9,31,-22
117900121,2,9,-7
117900122,146,87,59
117900123,27,181,-154
117900124,32,120,-88
117900125,107,143,-36
117900126,63,184,-121
117900127,38,102,-64
117900128,38,215,-177
117900129,4,0,4
117900130,85,50,35
117900131,0,11,-11
117900132,0,21,-21
117900133,0,23,-23
117900134,2,48,-46
117900135,7,83,-76
117900136,0,23,-23
117900137,2,102,-100
117900138,0,10,-10
117900139,3,41,-38
117900140,1178,1,1177
117900141,14,59,-45
117900142,5,0,5
117900144,4,12,-8
117900145,14,4,10
117900146,36,6,30
117900147,7,17,-10
117900148,530,203,327
117900149,8,34,-26
117900150,4,24,-20
117900151,9,40,-31
117900152,25,24,1
117900153,0,24,-24
117900154,27,145,-118
117900156,58,66,-8
117900157,1,27,-26
117900158,3,3,0
117900160,70,88,-18
117900161,370,615,-245
117900162,14,53,-39
117900163,10,4,6
117900165,0,0,0
117900166,5,22,-17
117900168,9,20,-11
117900169,0,24,-24
117900170,0,2,-2
117900171,0,1,-1
117900172,4,5,-1
117900173,9,10,-1
117900174,3,9,-6
117900175,0,3,-3
117900176,0,7,-7
117900177,3,9,-6
117900178,12,0,12
117900180,23,10,13
117900181,4,10,-6
117900182,0,2,-2
117900183,2,5,-3
117900184,0,1,-1
117900185,0,0,0
117900186,0,0,0
117900187,0,0,0
117900188,1,1,0
117900189,6,0,6
117900190,0,0,0
117900191,1,0,1
117900192,2,5,-3
117900193,1,5,-4
117900194,0,0,0
117900195,0,0,0
117900196,1,2,-1
117900207,2,0,2
117900208,1,8,-7
117900209,50,17,33
117900210,9,25,-16
117900211,1,22,-21
117900212,5,31,-26
117900213,1,0,1
117900214,0,2,-2
117900215,2,3,-1
117900216,3,4,-1
117900217,4,4,0
117900218,34,7,27
117900219,0,28,-28
117900220,0,1,-1
117900222,27,51,-24
117900223,25,37,-12
118000001,71,71,0
118000002,177,338,-161
118000003,239,223,16
118000004,474,359,115
118000005,457,290,167
118000006,1326,760,566
118000007,691,259,432
118000008,454,427,27
118000009,327,445,-118
118000010,279,570,-291
118000011,85,510,-425
118000012,113,529,-416
118000013,586,451,135
118000014,288,764,-476
118000016,59,106,-47
118000017,33,48,-15
118000018,45,109,-64
118000019,251,215,36
118000020,135,248,-113
118000021,175,340,-165
118000022,253,91,162
118000023,153,62,91
118000024,156,134,22
118000027,2657,732,1925
118000029,138,97,41
118000032,77,243,-166
118000033,354,311,43
118000034,685,373,312
118000035,201,314,-113
118000036,138,177,-39
118000037,107,153,-46
118000038,33,28,5
118000039,14,38,-24
118000040,186,467,-281
118000041,190,277,-87
118000045,103,22,81
118000046,263,117,146
118000047,320,58,262
118000048,486,167,319
118000051,198,60,138
118000052,57,48,9
118000053,27,44,-17
118000054,291,131,160
118000055,236,100,136
118000056,14,34,-20
118000057,18,36,-18
118000058,340,100,240
118000059,169,77,92
118000060,59,135,-76
118000061,59,224,-165
118000062,60,27,33
118000063,25,62,-37
118000064,102,108,-6
118000065,540,188,352
118000066,134,121,13
118000067,410,131,279
118000068,214,393,-179
118000069,389,123,266
118000070,1478,228,1250
118000071,522,515,7
118000072,320,149,171
118000073,289,59,230
118000074,44,52,-8
118000075,113,49,64
118000076,158,196,-38
118000077,286,192,94
118000078,351,304,47
118000079,58,44,14
118000080,241,246,-5
118000081,201,157,44
118000082,72,118,-46
118000083,393,153,240
118000084,408,205,203
118000086,65,88,-23
118000087,1399,414,985
118000088,409,261,148
118000089,839,601,238
118000090,686,279,407
118000091,210,243,-33
118000092,299,53,246
118000093,30,101,-71
118000096,84,84,0
118000097,87,78,9
118000098,21,34,-13
118000099,53,154,-101
118000101,84,72,12
118000102,22,201,-179
118000107,564,26,538
118000108,7,33,-26
118000110,2,0,2
118000111,1,174,-173
118000112,0,0,0
118000113,1,247,-246
118000114,0,0,0
118000115,1,0,1
118000116,2,0,2
118000117,246,192,54
118000118,84,85,-1
118000119,96,144,-48
118000120,338,393,-55
118000121,1,110,-109
118000122,149,16,133
118000123,12,69,-57
118000125,316,201,115
118000126,149,200,-51
118000127,176,50,126
118000128,121,216,-95
118000129,52,46,6
118000130,717,902,-185
118000131,103,214,-111
118000132,222,147,75
118000133,87,109,-22
118000135,32,16,16
118000136,25,110,-85
118000137,240,16,224
118000138,25,137,-112
118000139,62,29,33
118000140,409,484,-75
118000141,100,210,-110
118000142,246,395,-149
118000143,81,138,-57
118000144,226,113,113
118000145,235,408,-173
118000146,149,247,-98
118000147,114,458,-344
118000148,68,242,-174
118000149,86,251,-165
118000150,27,42,-15
118000151,27,40,-13
118000153,85,147,-62
118000154,139,275,-136
118000155,110,172,-62
118000156,393,345,48
118000157,50,74,-24
118000158,20,68,-48
118000159,0,0,0
118000160,13,35,-22
118000161,29,155,-126
118000162,56,128,-72
118000163,60,102,-42
118000164,269,150,119
118000168,200,19,181
118000169,224,354,-130
118000170,603,1175,-572
118000171,10,43,-33
118000172,12,24,-12
118000173,133,244,-111
118000175,20,53,-33
118000176,36,57,-21
118000177,30,76,-46
118000178,5,10,-5
118000179,140,63,77
118000180,53,81,-28
118000181,123,50,73
118000182,113,29,84
118000183,40,38,2
118000184,29,115,-86
118000185,127,134,-7
118000186,165,109,56
118000187,152,185,-33
118000188,20,51,-31
118000189,15,155,-140
118000190,1,1,0
118000191,0,2,-2
118000192,18,26,-8
118000193,8,40,-32
118000194,288,75,213
118000195,55,62,-7
118000196,11,6,5
118000197,75,42,33
118000198,53,36,17
118000199,151,115,36
118000200,2,14,-12
118000201,38,39,-1
118000202,0,1,-1
118000203,123,41,82
118000204,18,16,2
118000205,26,26,0
118000206,19,26,-7
118000207,0,16,-16
118000208,174,261,-87
118000209,228,437,-209
118000210,0,4,-4
118000211,0,5,-5
118000213,56,58,-2
118000214,67,32,35
118000215,55,14,41
118000216,1,110,-109
118000217,4,27,-23
118000218,6,13,-7
118000219,28,52,-24
118000220,1,2,-1
118000221,4,28,-24
118000222,32,5,27
118000223,0,6,-6
118000224,25,20,5
118000225,3,233,-230
118000226,17,10,7
118000227,70,26,44
118000228,15,23,-8
118000229,3,2,1
118000230,5,62,-57
118000231,1,41,-40
118000232,67,185,-118
118000233,62,106,-44
118000234,8,25,-17
118000236,12,137,-125
118000237,4,80,-76
118000238,7,79,-72
118000239,46,28,18
118000240,94,11,83
118000241,15,34,-19
118000242,17,111,-94
118000243,1,22,-21
118000244,2,49,-47
118000246,11,0,11
118000255,2,37,-35
118000256,9,45,-36
118000259,0,4,-4
118000260,8,15,-7
118000261,2,13,-11
118000263,3,28,-25
118000266,15,99,-84
118000267,0,21,-21
118000268,3,2,1
118000270,12,3,9
118000271,9,34,-25
118000272,2,4,-2
118000273,8,25,-17
118000274,16,57,-41
118000276,23,37,-14
118000295,4,11,-7
118000298,6,70,-64
118000299,5,49,-44
118000301,0,10,-10
118000302,6,12,-6
118000311,12,34,-22
118000312,21,79,-58
118000313,0,43,-43
118000314,10,6,4
118000315,0,12,-12
118000316,45,128,-83
118000325,7,7,0
118000326,0,1,-1
118000331,1,11,-10
118000332,7,6,1
118000333,0,8,-8
118000335,0,0,0
118000336,0,72,-72
118000407,1,7,-6
118000457,0,3,-3
118000465,345,282,63
118000480,0,19,-19
118000489,3,13,-10
118000490,10,43,-33
118000492,38,54,-16
118000510,20,3,17
118000514,18,59,-41
118000515,11,32,-21
118000517,66,37,29
118000524,156,78,78
118000525,151,184,-33
118000530,3,17,-14
118000531,19,34,-15
118000532,5,69,-64
118000533,58,19,39
118000534,66,70,-4
118000535,18,25,-7
118000536,15,18,-3
118000537,1,2,-1
118000538,7,22,-15
118000539,0,10,-10
118000540,11,21,-10
118000541,17,16,1
118000542,6,15,-9
118000543,6,15,-9
118000546,10,4,6
118000553,0,0,0
118000557,0,0,0
118000560,434,68,366
118000562,1,41,-40
118000563,380,229,151
118000576,14,29,-15
118000577,30,45,-15
118000578,36,26,10
118000579,179,127,52
118000583,0,0,0
118000595,19,17,2
118000596,0,6,-6
118000597,12,23,-11
118000598,0,0,0
118000599,1,7,-6
118000600,0,0,0
118000601,0,0,0
118000602,0,1,-1
118000603,0,34,-34
118000605,1,72,-71
118000606,0,14,-14
118900001,138,61,77
118900002,131,45,86
118900003,2,2,0
118900004,0,8,-8
118900005,2,0,2
118900006,1,0,1
118900007,1,5,-4
118900008,176,5,171
118900009,2,0,2
118900010,1,0,1
118900011,2,0,2
118900012,26,39,-13
118900013,25,2,23
118900015,2,1,1
118900016,22,13,9
118900017,1,6,-5
118900018,55,0,55
118900019,10,3,7
118900020,5,7,-2
118900021,9,40,-31
118900022,39,17,22
118900023,4,1,3
118900024,1,14,-13
118900025,4,1,3
118900026,11,13,-2
118900027,20,16,4
118900028,3,33,-30
118900029,0,36,-36
118900030,5,0,5
118900031,21,14,7
118900032,4,5,-1
118900033,21,49,-28
118900034,2,0,2
118900035,12,51,-39
118900036,119,156,-37
118900037,10,17,-7
118900038,25,89,-64
118900039,3,15,-12
118900040,5,34,-29
118900041,10,19,-9
118900042,5,13,-8
118900045,16,23,-7
118900046,103,22,81
118900047,146,30,116
118900048,18,20,-2
118900049,3,2,1
118900050,0,19,-19
118900051,2,2,0
118900052,6,24,-18
118900053,0,1,-1
118900054,0,19,-19
118900055,0,24,-24
118900056,1,6,-5
118900057,5,68,-63
118900058,17,49,-32
118900059,0,8,-8
118900060,3,35,-32
118900062,6,18,-12
118900064,28,21,7
118900065,0,9,-9
118900066,27,10,17
118900067,1493,351,1142
118900068,0,7,-7
118900069,30,48,-18
118900071,0,2,-2
118900072,31,20,11
118900073,16,14,2
118900074,1,2,-1
118900075,2,4,-2
118900076,22,5,17
118900077,3,31,-28
118900078,1,2,-1
118900079,4,6,-2
118900080,1,5,-4
118900081,2,10,-8
118900082,61,14,47
118900083,0,5,-5
118900084,1,2,-1
118900085,32,129,-97
118900086,4,19,-15
118900087,2,23,-21
118900088,0,7,-7
118900089,0,1,-1
118900090,28,79,-51
118900091,11,10,1
118900092,3,15,-12
118900093,6,1,5
118900096,10,13,-3
118900097,23,174,-151
118900099,5,62,-57
118900100,5,14,-9
118900101,2,79,-77
118900102,1,8,-7
118900103,0,10,-10
118900104,4,9,-5
118900105,12,4,8
118900107,9,19,-10
118900108,21,17,4
118900110,48,26,22
118900111,5,60,-55
118900112,3,9,-6
118900113,7,103,-96
118900114,1,10,-9
118900115,6,34,-28
118900116,3,42,-39
118900117,3,47,-44
118900118,17,107,-90
118900119,11,78,-67
118900120,15,60,-45
118900121,0,16,-16
118900122,1,30,-29
118900123,21,49,-28
118900124,1,20,-19
118900126,0,50,-50
118900129,16,17,-1
118900130,3,14,-11
118900131,23,92,-69
118900132,6,14,-8
118900133,1,11,-10
118900135,37,29,8
118900136,16,197,-181
118900137,0,2,-2
118900139,15,70,-55
118900140,27,274,-247
118900141,4,34,-30
118900144,15,257,-242
118900145,0,23,-23
118900146,16,128,-112
118900147,4,9,-5
118900148,2,2,0
118900150,11,20,-9
118900152,33,156,-123
118900157,1,13,-12
118900158,0,7,-7
118900159,0,43,-43
118900161,0,0,0
118900163,17,5,12
118900164,0,7,-7
118900165,1,37,-36
118900166,1,2,-1
118900167,0,30,-30
118900168,9,8,1
118900169,10,50,-40
118900170,0,4,-4
118900171,0,13,-13
118900174,2,13,-11
118900175,16,50,-34
118900176,2,41,-39
118900177,0,6,-6
118900178,2,12,-10
118900179,1,10,-9
118900181,5,9,-4
118900182,0,5,-5
118900183,2,1,1
118900184,20,0,20
118900185,4,36,-32
118900186,10,24,-14
118900187,19,31,-12
118900188,18,40,-22
118900189,2,54,-52
118900190,0,70,-70
118900191,6,4,2
118900192,0,2,-2
118900193,3,1,2
118900195,18,73,-55
118900196,2,17,-15
118900197,1,6,-5
118900198,0,12,-12
118900199,0,14,-14
118900200,0,0,0
118900201,0,0,0
118900202,4,6,-2
118900203,1,4,-3
118900204,1,3,-2
118900205,1,2,-1
118900206,0,13,-13
119000001,167,187,-20
119000002,285,436,-151
119000003,139,358,-219
119000004,184,224,-40
119000005,180,296,-116
119000006,163,333,-170
119000007,295,478,-183
119000008,257,569,-312
119000009,477,471,6
119000010,1671,1191,480
119000011,733,281,452
119000012,640,531,109
119000013,506,323,183
119000014,435,623,-188
119000019,28,31,-3
119000020,123,264,-141
119000021,386,427,-41
119000022,466,164,302
119000023,8,5,3
119000024,295,814,-519
119000025,2454,188,2266
119000026,16,29,-13
119000027,57,50,7
119000028,356,283,73
119000029,24,31,-7
119000030,61,165,-104
119000031,127,126,1
119000032,364,318,46
119000033,201,151,50
119000034,172,223,-51
119000035,1,53,-52
119000036,186,264,-78
119000037,129,551,-422
119000038,12,262,-250
119000039,126,171,-45
119000040,164,62,102
119000041,206,135,71
119000048,1014,952,62
119000049,198,803,-605
119000050,234,400,-166
119000051,254,178,76
119000052,336,448,-112
119000053,268,219,49
119000054,301,707,-406
119000055,364,611,-247
119000056,212,345,-133
119000057,180,544,-364
119000058,216,365,-149
119000059,135,260,-125
119000060,200,197,3
119000061,108,149,-41
119000062,189,365,-176
119000063,57,53,4
119000064,234,259,-25
119000065,280,567,-287
119000066,187,143,44
119000067,318,517,-199
119000068,254,197,57
119000069,164,437,-273
119000070,255,225,30
119000071,85,152,-67
119000072,1273,644,629
119000073,767,790,-23
119000074,153,840,-687
119000075,111,580,-469
119000076,57,110,-53
119000077,149,39,110
119000078,62,92,-30
119000079,33,163,-130
119000080,21,30,-9
119000081,20,74,-54
119000082,56,54,2
119000083,35,62,-27
119000084,65,104,-39
119000085,84,40,44
119000086,58,79,-21
119000087,175,116,59
119000088,41,48,-7
119000089,33,45,-12
119000090,32,23,9
119000091,56,32,24
119000092,95,60,35
119000093,866,785,81
119000094,368,894,-526
119000095,188,661,-473
119000097,502,315,187
119000098,90,407,-317
119000099,298,255,43
119000100,422,428,-6
119000101,341,414,-73
119000102,100,133,-33
119000103,141,78,63
119000104,644,308,336
119000105,61,134,-73
119000106,32,440,-408
119000107,57,113,-56
119000108,72,368,-296
119000109,8,50,-42
119000110,97,82,15
119000111,8,144,-136
119000112,30,49,-19
119000113,365,57,308
119000114,88,67,21
119000115,39,7,32
119000116,14,12,2
119000117,13,30,-17
119000118,0,3,-3
119000123,363,95,268
119000124,35,43,-8
119000125,179,185,-6
119000126,66,210,-144
119000127,39,218,-179
119000128,7,5,2
119000131,46,277,-231
119000132,1,1,0
119000133,0,6,-6
119000134,107,40,67
119000135,8,54,-46
119000136,19,92,-73
119000137,13,120,-107
119000138,49,95,-46
119000139,12,59,-47
119000140,12,22,-10
119000284,357,593,-236
119000285,633,567,66
119000286,940,689,251
119000287,236,486,-250
119000288,196,367,-171
119000289,422,678,-256
119000290,29,89,-60
119000291,8,78,-70
119000293,138,77,61
119000294,13,8,5
119000295,486,83,403
119000296,25,25,0
119000302,1092,191,901
119000303,0,2,-2
119000314,346,661,-315
119000315,3,188,-185
119000316,10,39,-29
119000317,0,143,-143
119000319,41,75,-34
119900001,5,76,-71
119900002,1,20,-19
119900003,1,226,-225
119900004,35,32,3
119900005,7,18,-11
119900006,17,41,-24
119900007,27,5,22
119900008,0,6,-6
119900009,31,49,-18
119900010,141,114,27
119900011,2,2,0
119900012,0,8,-8
119900013,153,117,36
119900014,67,33,34
119900015,4,2,2
119900016,2,11,-9
119900017,0,2,-2
119900018,104,10,94
119900019,0,3,-3
119900020,0,16,-16
119900021,6,6,0
119900022,3,26,-23
119900023,159,54,105
119900025,5,8,-3
119900026,87,4,83
119900027,0,2,-2
119900028,16,1,15
119900029,0,2,-2
119900030,8,44,-36
119900031,4,9,-5
119900033,187,8,179
119900034,17,58,-41
119900037,3,3,0
119900038,2,22,-20
119900039,5,0,5
119900040,6,0,6
119900041,5,43,-38
119900042,2,26,-24
119900043,1,22,-21
119900044,8,30,-22
119900046,0,25,-25
119900047,10,7,3
119900049,0,0,0
119900050,1,3,-2
119900051,19,0,19
119900052,1,26,-25
119900053,19,49,-30
119900054,1,0,1
119900055,80,27,53
119900057,4,18,-14
119900058,43,1,42
119900059,5,7,-2
119900060,6,0,6
119900061,13,1,12
119900062,0,4,-4
119900063,0,6,-6
119900065,2,0,2
119900067,2,14,-12
119900068,29,0,29
119900069,1,1,0
119900070,17,1,16
119900071,14,1,13
119900073,253,100,153
119900074,3,4,-1
119900075,994,246,748
119900076,7,23,-16
119900077,18,297,-279
119900078,18,115,-97
119900079,4,48,-44
119900080,17,16,1
119900081,10,1,9
119900082,25,1,24
119900083,0,1,-1
119900084,11,9,2
119900085,25,3,22
119900086,12,174,-162
119900087,20,9,11
119900088,1,8,-7
119900089,1,163,-162
119900090,25,5,20
119900091,2,208,-206
119900092,0,82,-82
119900093,54,2,52
119900094,0,56,-56
119900095,14,12,2
119900096,1,7,-6
119900097,30,19,11
119900098,8,4,4
119900099,2,64,-62
119900100,398,225,173
119900101,44,103,-59
119900102,0,62,-62
119900103,0,75,-75
119900104,0,42,-42
119900105,85,268,-183
119900106,6,65,-59
119900107,41,648,-607
119900108,338,112,226
119900109,5,49,-44
119900110,27,153,-126
119900111,4,120,-116
119900112,528,61,467
119900113,4,173,-169
119900114,18,384,-366
119900115,6,354,-348
119900116,7,40,-33
119900117,30,323,-293
119900118,0,324,-324
119900119,3,60,-57
119900120,33,186,-153
119900121,24,353,-329
119900122,24,84,-60
119900123,27,48,-21
119900124,12,247,-235
119900125,30,76,-46
119900126,1335,21,1314
119900127,516,99,417
119900128,16,141,-125
119900129,30,134,-104
119900130,3,45,-42
119900131,2,106,-104
119900132,0,98,-98
119900133,0,1,-1
119900134,528,41,487
119900135,0,130,-130
119900136,30,105,-75
119900138,43,96,-53
119900139,0,13,-13
119900140,0,28,-28
119900141,8,33,-25
119900142,1,5,-4
119900143,2,54,-52
119900144,443,26,417
119900145,13,31,-18
119900146,16,12,4
119900147,0,9,-9
119900148,28,7,21
119900149,229,325,-96
119900150,14,35,-21
119900151,154,77,77
119900152,0,66,-66
119900153,6,6,0
119900154,2,381,-379
119900155,2,10,-8
119900156,0,1,-1
119900157,2,101,-99
119900158,22,3,19
119900159,1,263,-262
119900160,1,62,-61
119900161,51,46,5
119900162,61,62,-1
119900163,12,13,-1
119900164,0,1,-1
119900165,2,66,-64
119900166,4,0,4
119900167,1,23,-22
119900168,102,70,32
119900169,8,18,-10
119900170,4,8,-4
119900171,68,160,-92
119900172,3,0,3
119900173,0,135,-135
119900174,2,55,-53
119900175,47,114,-67
119900177,6,59,-53
119900178,0,72,-72
119900179,0,25,-25
119900180,85,90,-5
119900181,12,4,8
119900182,3,122,-119
119900183,9,268,-259
119900184,471,58,413
119900185,1,20,-19
119900186,0,36,-36
119900187,0,116,-116
119900188,2,31,-29
119900189,26,19,7
119900190,6,14,-8
119900191,14,23,-9
119900192,2,33,-31
119900193,3,30,-27
119900194,0,0,0
119900195,7,37,-30
119900196,360,84,276
119900197,4,16,-12
119900198,2,142,-140
119900199,13,0,13
119900200,25,69,-44
119900201,58,18,40
119900202,10,5,5
119900203,5,14,-9
119900204,12,29,-17
119900205,22,105,-83
119900206,3,29,-26
119900208,9,17,-8
119900209,19,57,-38
119900210,4,6,-2
119900211,5,2,3
119900212,20,137,-117
119900213,2,2,0
119900214,1,10,-9
119900215,1,18,-17
119900216,0,20,-20
119900217,1,10,-9
119900218,0,14,-14
119900219,0,33,-33
119900220,0,27,-27
119900221,2,63,-61
119900222,1,40,-39
119900223,0,13,-13
119900224,0,4,-4
119900225,180,2,178
119900226,128,74,54
119900227,157,40,117
119900228,1,43,-42
119900229,44,70,-26
119900230,197,66,131
119900231,5,50,-45
119900232,11,4,7
119900233,0,0,0
119900234,0,1,-1
119900235,0,1,-1
119900236,1,24,-23
119900237,3,71,-68
119900238,0,21,-21
119900240,0,18,-18
119900241,14,44,-30
119900242,148,45,103
119900244,90,162,-72
119900245,0,37,-37
119900246,22,10,12
119900247,8,2,6
119900248,0,6,-6
119900249,29,0,29
119900253,727,30,697
119900254,2,34,-32
119900255,14,133,-119
119900256,11,278,-267
119900257,2,0,2
119900258,3,0,3
119900259,3,65,-62
119900260,2,0,2
119900261,11,52,-41
119900262,3,98,-95
119900263,162,76,86
119900264,0,44,-44
119900265,29,65,-36
119900266,6,55,-49
119900267,4,63,-59
119900268,6,62,-56
119900269,37,165,-128
119900271,0,7,-7
119900272,16,11,5
119900275,12,2,10
119900276,2,0,2
119900277,0,1,-1
119900278,38,9,29
119900279,5,15,-10
119900280,225,24,201
119900281,0,12,-12
119900282,1,0,1
119900283,0,88,-88
119900284,4,13,-9
119900285,2,19,-17
119900286,0,2,-2
119900288,0,5,-5
119900289,0,2,-2
119900290,0,4,-4
119900291,0,2,-2
119900292,1,0,1
119900293,0,8,-8
119900294,0,7,-7
119900295,0,8,-8
119900296,0,8,-8
119900297,0,3,-3
119900298,0,1,-1
119900299,1,46,-45
119900300,4,45,-41
119900301,1,3,-2
119900302,0,8,-8
119900303,5,30,-25
119900304,1,1,0
119900305,2,16,-14
119900306,0,1,-1
119900307,0,14,-14
119900308,0,1,-1
119900309,11,1,10
119900310,37,63,-26
119900311,4,35,-31
119900312,3,10,-7
119900313,14,123,-109
119900314,3,15,-12
119900315,47,578,-531
119900318,0,2,-2
119900319,0,121,-121
119900320,8,164,-156
119900321,2,0,2
120000001,1386,1000,386
120000002,455,970,-515
120000003,867,677,190
120000004,812,737,75
120000005,1167,705,462
120000006,285,414,-129
120000007,629,533,96
120000008,294,385,-91
120000009,1351,266,1085
120000010,349,961,-612
120000011,254,680,-426
120000012,446,753,-307
120000013,372,714,-342
120000014,158,492,-334
120000015,356,456,-100
120000016,293,287,6
120000017,195,285,-90
120000018,719,1035,-316
120000019,145,141,4
120000020,276,320,-44
120000021,373,308,65
120000022,567,550,17
120000023,126,346,-220
120000024,254,474,-220
120000025,324,547,-223
120000026,98,397,-299
120000027,183,370,-187
120000028,164,105,59
120000029,513,107,406
120000030,15,179,-164
120000031,404,1146,-742
120000032,2134,752,1382
120000033,374,430,-56
120000034,220,490,-270
120000035,245,533,-288
120000036,367,748,-381
120000037,43,135,-92
120000038,2143,643,1500
120000039,66,227,-161
120000040,12,17,-5
120000041,49,565,-516
120000042,274,1681,-1407
120000043,704,553,151
120000044,472,340,132
120000045,503,267,236
120000046,334,349,-15
120000047,277,404,-127
120000048,1684,557,1127
120000049,386,553,-167
120000050,522,1017,-495
120000051,1009,689,320
120000052,3959,550,3409
120000053,305,1418,-1113
120000054,341,2296,-1955
120000055,152,1245,-1093
120000056,413,1239,-826
120000057,273,286,-13
120000058,38,49,-11
120000059,18,295,-277
120000061,25,105,-80
120000062,53,68,-15
120000063,247,824,-577
120000064,78,649,-571
120000065,70,470,-400
120000066,19,94,-75
120000067,7,101,-94
120000068,18,239,-221
120000069,92,336,-244
120000070,3,242,-239
120000071,19,36,-17
120000072,37,93,-56
120000073,62,21,41
120000074,4,6,-2
120000075,18,44,-26
120000076,105,90,15
120000077,177,87,90
120000078,309,112,197
120000079,28,235,-207
120000080,26,44,-18
120000081,37,42,-5
120000082,34,57,-23
120000083,15,89,-74
120000084,67,136,-69
120000085,82,126,-44
120000086,70,201,-131
120000087,26,373,-347
120000088,93,330,-237
120000089,94,29,65
120000090,29,33,-4
120000091,16,87,-71
120000092,27,51,-24
120000093,13,58,-45
120000094,3,47,-44
120000095,206,184,22
120000096,51,335,-284
120000098,80,293,-213
120000099,31,182,-151
120000100,116,203,-87
120000101,78,142,-64
120000102,23,76,-53
120000103,99,74,25
120000104,104,24,80
120000105,122,24,98
120000106,117,31,86
120000107,188,39,149
120000108,88,18,70
120000109,96,6,90
120000110,16,334,-318
120000111,20,470,-450
120000112,79,1324,-1245
120000113,109,941,-832
120000114,59,642,-583
120000115,63,599,-536
120000116,159,599,-440
120000117,334,533,-199
120000118,3,2,1
120000119,4,3,1
120000120,11,22,-11
120000121,2,10,-8
120000122,23,22,1
120000123,1782,281,1501
120000124,50,83,-33
120000125,77,147,-70
120000126,30,87,-57
120000127,93,96,-3
120000128,450,349,101
120000129,52,52,0
120000130,98,101,-3
120000131,52,130,-78
120000134,46,328,-282
120000135,8,51,-43
120000137,13,509,-496
120000138,25,93,-68
120000139,14,208,-194
120000140,18,115,-97
120000141,18,207,-189
120000142,20,138,-118
120000143,0,34,-34
120000144,4,2,2
120000145,10,0,10
120000146,294,92,202
120000149,73,233,-160
120000150,786,1195,-409
120000151,66,110,-44
120000152,35,67,-32
120000153,13,134,-121
120000154,31,66,-35
120000155,25,29,-4
120000156,293,43,250
120000157,92,89,3
120000158,60,169,-109
120000159,390,676,-286
120000160,394,214,180
120000161,233,670,-437
120000162,11,29,-18
120000163,29,304,-275
120000164,47,123,-76
120000165,32,225,-193
120000166,37,126,-89
120000167,1,6,-5
120000168,0,11,-11
120000169,92,26,66
120000170,143,18,125
120000171,31,8,23
120000172,7,2,5
120000173,985,32,953
120000174,145,2,143
120000175,236,5,231
120000176,64,40,24
120000177,351,284,67
120000178,13,1,12
120000179,97,7,90
120000180,102,17,85
120000181,12,4,8
120000182,23,7,16
120000183,0,30,-30
120000184,23,290,-267
120000186,3,12,-9
120000187,44,2,42
120000188,36,6,30
120000190,276,1,275
120000191,465,1,464
120000192,309,2,307
120000193,38,0,38
120000195,8,0,8
120000196,50,11,39
120000197,8,35,-27
120000198,17,37,-20
120000199,4,0,4
120000200,31,0,31
120000201,2,0,2
120000202,1,14,-13
120000203,1,79,-78
120000207,0,11,-11
120000208,2,83,-81
120000209,1,31,-30
120000210,28,15,13
120000211,7,0,7
120000212,1,0,1
120000213,3,105,-102
120000214,0,89,-89
120000215,1,46,-45
120000216,3,4,-1
120000217,197,546,-349
120000218,39,647,-608
120000219,3,316,-313
120000220,6,1169,-1163
120000225,76,0,76
120000226,23,0,23
120000227,51,1,50
120000228,2570,248,2322
120000230,7,0,7
120000231,48,446,-398
120000233,21,14,7
120000235,19,259,-240
120000236,0,0,0
120000237,4,859,-855
120000238,0,19,-19
120000241,142,180,-38
120000412,167,0,167
120000413,14,81,-67
120000414,0,0,0
120000415,3,58,-55
120000416,0,13,-13
120000417,0,49,-49
120000418,0,0,0
120000419,2,69,-67
120000420,10,3,7
120000421,3889,1598,2291
120000422,84,74,10
120000423,0,8,-8
120000424,8,24,-16
120000436,25,62,-37
120000437,112,39,73
120000438,1290,101,1189
120000439,6,57,-51
120000443,18,0,18
120000444,25,109,-84
120000445,111,195,-84
120000446,185,74,111
120000447,0,0,0
120000449,0,3,-3
120000450,2,89,-87
120000451,3,49,-46
120000452,4,1,3
120000453,0,193,-193
120000454,1,1,0
120000455,8,18,-10
120000456,664,427,237
120000457,320,194,126
120000458,96,222,-126
120000459,24,17,7
120000665,177,33,144
120000668,34,26,8
120000669,13,96,-83
120000670,92,60,32
120000671,85,52,33
120000672,13,90,-77
120900001,3,3,0
120900002,3,17,-14
120900003,35,14,21
120900004,1,8,-7
120900005,3,711,-708
120900006,20,19,1
120900007,21,31,-10
120900008,8,284,-276
120900009,51,42,9
120900010,38,9,29
120900011,14,11,3
120900012,90,52,38
120900013,32,2,30
120900014,0,155,-155
120900015,56,12,44
120900016,22,14,8
120900017,762,27,735
120900018,0,114,-114
120900019,32,18,14
120900020,44,69,-25
120900021,19,8,11
120900022,2,102,-100
120900023,16,2,14
120900024,202,136,66
120900025,452,87,365
120900026,5,28,-23
120900027,93,79,14
120900028,22,4,18
120900029,3,13,-10
120900030,79,69,10
120900031,7,8,-1
120900032,51,20,31
120900033,48,3,45
120900034,31,154,-123
120900035,6,76,-70
120900037,4,2,2
120900038,7,17,-10
120900039,6,5,1
120900040,4,0,4
120900041,9,0,9
120900042,9,12,-3
120900043,2,2,0
120900044,2,97,-95
120900045,16,36,-20
120900046,24,1,23
120900047,5,7,-2
120900048,2,2,0
120900049,21,0,21
120900050,866,106,760
120900051,6,9,-3
120900052,16,0,16
120900053,21,21,0
120900054,114,178,-64
120900055,29,0,29
120900056,18,0,18
120900057,9,0,9
120900058,23,0,23
120900059,7,0,7
120900060,1,2,-1
120900061,20,46,-26
120900062,9,0,9
120900063,12,0,12
120900064,14,0,14
120900065,12,2,10
120900066,1,64,-63
120900067,6,4,2
120900068,0,0,0
120900069,13,6,7
120900071,0,0,0
120900072,31,0,31
120900073,7,12,-5
120900074,8,0,8
120900076,11,0,11
120900077,702,21,681
120900078,30,278,-248
120900079,46,27,19
120900080,42,1017,-975
120900081,32,42,-10
120900082,67,37,30
120900083,2,1,1
120900084,10,23,-13
120900085,44,14,30
120900086,37,25,12
120900087,48,6,42
120900088,12,20,-8
120900089,1347,170,1177
120900090,5,26,-21
120900091,22,31,-9
120900092,79,249,-170
120900093,1346,45,1301
120900094,142,45,97
120900095,5,9,-4
120900096,12,23,-11
120900097,128,506,-378
120900098,71,47,24
120900099,19,26,-7
120900100,11,173,-162
120900101,35,91,-56
120900102,0,77,-77
120900103,3,44,-41
120900104,15,17,-2
120900105,7,306,-299
120900106,258,173,85
120900107,123,44,79
120900108,4,370,-366
120900109,4,227,-223
120900110,0,229,-229
120900111,14,125,-111
120900112,2,469,-467
120900113,3,273,-270
120900114,11,82,-71
120900115,6,26,-20
120900116,4,146,-142
120900117,0,190,-190
120900118,0,263,-263
120900119,867,789,78
120900120,4,224,-220
120900121,11,153,-142
120900122,7,184,-177
120900123,1,167,-166
120900124,1,251,-250
120900125,0,266,-266
120900126,146,320,-174
120900127,1,221,-220
120900128,165,365,-200
120900129,20,136,-116
120900130,2,81,-79
120900131,3,12,-9
120900132,33,103,-70
120900133,30,344,-314
120900134,30,139,-109
120900135,0,238,-238
120900136,5,1,4
120900137,0,12,-12
120900138,3,101,-98
120900139,1,321,-320
120900140,0,4,-4
120900141,4,11,-7
120900142,2,262,-260
120900143,2,408,-406
120900144,0,96,-96
120900145,6,270,-264
120900146,1,284,-283
120900147,1,74,-73
120900148,4,40,-36
120900149,0,145,-145
120900150,3,120,-117
120900151,7,171,-164
120900152,12,30,-18
120900153,0,15,-15
120900154,0,88,-88
120900155,17,448,-431
120900156,5,123,-118
120900157,4,76,-72
120900158,3,135,-132
120900159,28,211,-183
120900160,14,86,-72
120900161,3,347,-344
120900162,2,415,-413
120900163,1,25,-24
120900164,0,0,0
120900165,0,0,0
120900166,1,4,-3
120900167,7,6,1
120900169,3,96,-93
120900170,442,212,230
120900171,297,72,225
120900172,243,87,156
120900173,0,32,-32
120900174,0,14,-14
120900175,67,27,40
120900176,0,24,-24
120900177,0,27,-27
120900178,0,19,-19
120900179,68,99,-31
120900180,12,11,1
120900181,6,24,-18
120900182,0,143,-143
120900183,64,24,40
120900184,19,40,-21
120900185,1,83,-82
120900186,0,174,-174
120900187,6,55,-49
120900188,19,4,15
120900189,4,35,-31
120900190,0,4,-4
120900191,2,6,-4
120900192,4889,330,4559
120900194,1,14,-13
120900195,23,134,-111
120900196,48,21,27
120900197,42,8,34
120900198,39,266,-227
120900199,31,11,20
120900200,18,10,8
120900201,217,45,172
120900202,0,83,-83
120900203,1,29,-28
120900204,71,104,-33
120900205,9,24,-15
120900206,0,0,0
120900207,13,286,-273
121000001,77,187,-110
121000002,268,192,76
121000003,1081,453,628
121000004,657,387,270
121000005,629,597,32
121000006,753,333,420
121000007,627,768,-141
121000008,757,454,303
121000009,1535,936,599
121000010,1747,551,1196
121000011,1315,1131,184
121000012,2791,670,2121
121000013,1442,1547,-105
121000014,2096,1544,552
121000015,919,1696,-777
121000016,1393,796,597
121000017,205,438,-233
121000018,267,200,67
121000019,3036,1088,1948
121000020,1836,1173,663
121000021,705,660,45
121000022,331,358,-27
121000023,680,572,108
121000024,400,585,-185
121000025,137,68,69
121000026,27,13,14
121000027,523,207,316
121000028,116,76,40
121000029,58,111,-53
121000030,7,26,-19
121000031,155,118,37
121000032,34,16,18
121000034,31,7,24
121000035,13,17,-4
121000036,77,89,-12
121000037,75,100,-25
121000038,89,98,-9
121000039,51,67,-16
121000041,72,86,-14
121000042,9,60,-51
121000043,119,71,48
121000044,128,72,56
121000045,79,119,-40
121000046,54,85,-31
121000047,14,32,-18
121000049,458,227,231
121000050,50,230,-180
121000051,162,78,84
121000052,92,154,-62
121000053,17,3,14
121000054,4,48,-44
121000055,351,259,92
121000056,174,165,9
121000057,2,5,-3
121000058,176,73,103
121000059,271,115,156
121000060,127,158,-31
121000061,1,17,-16
121000062,30,23,7
121000063,76,104,-28
121000064,51,84,-33
121000065,97,40,57
121000066,128,138,-10
121000067,254,75,179
121000068,43,19,24
121000069,40,27,13
121000070,187,250,-63
121000071,131,127,4
121000072,143,149,-6
121000073,97,124,-27
121000074,25,55,-30
121000075,21,7,14
121000076,203,79,124
121000077,6,5,1
121000078,53,17,36
121000080,695,201,494
121000081,238,163,75
121000082,0,0,0
121000083,52,59,-7
121000084,116,42,74
121000085,125,115,10
121000086,85,127,-42
121000087,20,47,-27
121000088,125,112,13
121000089,34,36,-2
121000090,63,105,-42
121000091,575,208,367
121000092,42,32,10
121000093,17,45,-28
121000094,50,43,7
121000095,51,44,7
121000096,752,371,381
121000097,178,221,-43
121000098,30,138,-108
121000099,45,182,-137
121000100,35,75,-40
121000101,1,8,-7
121000102,11,90,-79
121000103,3,11,-8
121000104,30,35,-5
121000105,23,52,-29
121000106,5,8,-3
121000107,615,1290,-675
121000109,423,329,94
121000110,31,72,-41
121000114,778,567,211
121000115,181,182,-1
121000116,97,132,-35
121000117,280,32,248
121000118,474,46,428
121000119,39,45,-6
121000120,30,68,-38
121000121,24,42,-18
121000123,116,95,21
121000127,6,23,-17
121000128,58,141,-83
121000129,79,68,11
121000130,32,148,-116
121000131,80,128,-48
121000132,315,183,132
121000135,63,51,12
121000136,418,74,344
121000137,63,19,44
121000138,160,63,97
121000139,92,10,82
121000141,87,21,66
121000142,315,93,222
121000143,14,4,10
121000144,121,198,-77
121000145,50,209,-159
121000146,204,159,45
121000147,81,90,-9
121000148,94,183,-89
121000149,259,254,5
121000152,79,72,7
121000153,434,99,335
121000154,148,74,74
121000155,180,116,64
121000156,80,98,-18
121000157,329,213,116
121000158,66,63,3
121000159,29,136,-107
121000160,109,255,-146
121000161,30,77,-47
121000162,8,49,-41
121000165,96,122,-26
121000166,12,55,-43
121000168,26,30,-4
121000169,12,36,-24
121000170,25,4,21
121000171,14,38,-24
121000172,66,121,-55
121000173,276,156,120
121000174,20,126,-106
121000175,40,89,-49
121000176,42,53,-11
121000177,121,135,-14
121000178,32,15,17
121000179,16,27,-11
121000181,63,84,-21
121000182,4,44,-40
121000183,14,16,-2
121000184,3,10,-7
121000185,2,28,-26
121000186,19,85,-66
121000187,21,56,-35
121000188,27,85,-58
121000192,100,113,-13
121000193,39,49,-10
121000194,360,328,32
121000195,78,230,-152
121000196,103,39,64
121000197,28,112,-84
121000198,19,27,-8
121000199,26,114,-88
121000200,25,17,8
121000201,2,71,-69
121000202,41,8,33
121000203,27,457,-430
121000204,127,62,65
121000205,16,100,-84
121000206,13,19,-6
121000207,132,102,30
121000208,0,95,-95
121000209,15,97,-82
121000210,35,193,-158
121000211,1,10,-9
121000212,36,169,-133
121000213,1465,301,1164
121000214,119,150,-31
121000215,282,117,165
121000216,50,64,-14
121000217,537,267,270
121000218,141,361,-220
121000219,242,164,78
121000220,84,34,50
121000221,24,65,-41
121000222,362,577,-215
121000223,193,84,109
121000224,64,15,49
121000225,228,112,116
121000226,141,117,24
121000227,5,64,-59
121000228,9,233,-224
121000229,6,118,-112
121000230,19,496,-477
121000231,0,0,0
121000232,51,8,43
121000233,43,56,-13
121000234,0,8,-8
121000235,0,11,-11
121000236,0,13,-13
121000237,0,2,-2
121000238,0,14,-14
121000239,0,1,-1
121000240,0,24,-24
121000241,26,1,25
121000242,1,15,-14
121000243,7,4,3
121000244,0,16,-16
121000245,0,1,-1
121000246,0,48,-48
121000247,2,0,2
121000248,21,67,-46
121000249,30,66,-36
121000250,28,14,14
121000251,9,108,-99
121000252,12,6,6
121000253,21,106,-85
121000254,46,57,-11
121000255,29,64,-35
121000256,9,17,-8
121000257,15,20,-5
121000258,11,37,-26
121000259,5,3,2
121000260,4,24,-20
121000261,3,5,-2
121000262,138,132,6
121000263,236,157,79
121000271,61,294,-233
121000273,4,12,-8
121000274,3,5,-2
121000275,0,6,-6
121000276,0,1,-1
121000278,5,14,-9
121000279,3,8,-5
121000280,0,9,-9
121000289,12,3,9
121000290,237,190,47
121000294,6,44,-38
121000297,224,154,70
121000299,34,64,-30
121000300,166,99,67
121000302,3,51,-48
121000303,57,51,6
121000304,9,1,8
121000305,9,25,-16
121000306,0,10,-10
121000308,22,63,-41
121000309,92,173,-81
121000310,20,126,-106
121000311,22,151,-129
121000312,18,9,9
121000313,141,77,64
121000314,47,21,26
121000315,58,60,-2
121000530,111,303,-192
121000531,163,287,-124
121000532,771,544,227
121000533,538,433,105
121000919,0,7,-7
121000938,23,8,15
121000939,55,9,46
121000956,54,305,-251
121000957,2,7,-5
121000958,2,36,-34
121000959,49,297,-248
121000960,75,448,-373
121000961,39,1,38
121000962,71,104,-33
121000973,0,80,-80
121000976,1,13,-12
121000979,1,0,1
121000981,57,5,52
121000982,31,42,-11
121000983,34,167,-133
121000984,1,6,-5
121000985,45,145,-100
121000986,6,63,-57
121000987,42,337,-295
121000988,65,64,1
121001302,65,23,42
121001308,0,0,0
121001309,15,7,8
121001311,0,0,0
121001313,13,139,-126
121001314,1431,844,587
121001315,1080,357,723
121001326,39,51,-12
121001327,8,35,-27
121001328,40,8,32
121900001,13,23,-10
121900002,5,3,2
121900003,1,0,1
121900004,5,29,-24
121900005,0,1,-1
121900006,0,0,0
121900007,3,87,-84
121900008,0,0,0
121900009,0,0,0
121900010,8,0,8
121900011,2,18,-16
121900012,0,0,0
121900013,0,0,0
121900014,35,17,18
121900015,0,3,-3
121900016,0,0,0
121900017,8,7,1
121900018,13,0,13
121900019,11,44,-33
121900020,0,0,0
121900021,0,0,0
121900022,5,3,2
121900023,0,5,-5
121900024,11,5,6
121900025,22,12,10
121900026,0,0,0
121900027,10,2,8
121900028,0,0,0
121900029,1,1,0
121900030,18,43,-25
121900031,37,246,-209
121900032,6,1,5
121900033,4,5,-1
121900034,13,8,5
121900035,48,55,-7
121900036,0,1,-1
121900037,4,14,-10
121900038,0,11,-11
121900039,11,0,11
121900040,1,1,0
121900041,4,4,0
121900042,3,1,2
121900043,0,0,0
121900044,22,4,18
121900046,0,0,0
121900047,5,3,2
121900048,0,3,-3
121900050,0,1,-1
121900051,1,10,-9
121900052,0,1,-1
121900053,21,29,-8
121900054,9,15,-6
121900055,0,0,0
121900058,1,12,-11
121900059,10,3,7
121900060,1,10,-9
121900062,1,1,0
121900063,21,10,11
121900064,4,20,-16
121900066,0,0,0
121900067,0,0,0
121900069,51,7,44
121900070,4,2,2
121900071,11,15,-4
121900072,1,5,-4
121900073,2,7,-5
121900074,4,13,-9
121900075,19,26,-7
121900076,1,16,-15
121900078,0,0,0
121900079,0,0,0
121900080,14,41,-27
121900082,6,3,3
121900084,0,16,-16
121900086,0,0,0
121900087,8,4,4
121900088,52,127,-75
121900089,2,13,-11
121900090,0,2,-2
121900091,1,1,0
121900092,0,0,0
121900093,3,6,-3
121900094,0,0,0
121900095,19,7,12
121900096,56,4,52
121900097,5,5,0
121900098,0,0,0
121900099,0,0,0
121900100,8,9,-1
121900101,8,8,0
121900102,0,1,-1
121900103,34,5,29
121900104,57,20,37
121900105,0,1,-1
121900106,0,0,0
121900107,0,0,0
121900108,0,0,0
121900109,26,8,18
121900110,5,103,-98
121900111,249,15,234
121900112,3,0,3
121900113,0,1,-1
121900114,0,0,0
121900117,9,0,9
121900118,123,10,113
121900119,4,19,-15
121900120,0,134,-134
121900121,0,0,0
121900122,0,0,0
121900123,7,46,-39
121900124,4,21,-17
121900125,92,140,-48
121900127,2,3,-1
121900128,0,6,-6
121900129,86,11,75
121900130,3,7,-4
121900131,4,8,-4
121900132,0,0,0
121900133,0,0,0
121900134,0,2,-2
121900135,77,12,65
121900136,3,33,-30
121900137,2,2,0
121900138,0,2,-2
121900139,55,23,32
121900140,1,7,-6
121900141,2,0,2
121900142,1,1,0
121900143,0,1,-1
121900144,94,45,49
121900145,2,5,-3
121900146,13,32,-19
121900147,21,19,2
121900148,6,12,-6
121900149,8,59,-51
121900150,39,42,-3
121900151,1,14,-13
121900152,3,8,-5
121900153,3,22,-19
121900154,0,3,-3
121900155,0,2,-2
121900156,10,20,-10
121900157,0,58,-58
121900158,16,52,-36
121900159,0,8,-8
121900160,0,17,-17
121900161,47,11,36
121900162,8,14,-6
121900163,6,120,-114
121900164,7,6,1
121900165,2,6,-4
121900166,16,16,0
121900167,2,5,-3
121900168,1,11,-10
121900169,0,66,-66
121900170,0,20,-20
121900171,11,11,0
121900172,3,26,-23
121900173,21,9,12
121900174,0,0,0
121900175,4,12,-8
121900176,79,330,-251
121900177,3,7,-4
121900178,0,3,-3
121900179,1,4,-3
121900180,824,181,643
121900182,9,12,-3
121900183,66,13,53
121900184,2,17,-15
121900186,0,0,0
121900187,4,11,-7
121900188,41,12,29
121900189,1,5,-4
121900190,11,32,-21
121900191,0,0,0
121900192,45,33,12
121900193,0,4,-4
121900194,0,1,-1
121900195,0,9,-9
121900196,17,30,-13
121900197,58,273,-215
121900198,117,12,105
121900199,0,1,-1
121900200,2,7,-5
121900201,36,20,16
121900202,11,25,-14
121900203,1,10,-9
121900204,80,31,49
121900205,0,1,-1
121900206,0,0,0
121900207,0,0,0
121900208,5,13,-8
121900209,22,0,22
121900210,17,9,8
121900211,0,1,-1
121900212,0,8,-8
121900213,0,10,-10
121900214,0,8,-8
121900215,1,2,-1
121900216,1,3,-2
121900217,2,2,0
121900218,6,12,-6
121900220,5,0,5
121900221,17,24,-7
121900222,1,4,-3
121900223,0,0,0
121900224,0,0,0
121900225,1,1,0
121900226,2,0,2
121900227,1,11,-10
121900228,9,12,-3
121900230,6,2,4
121900231,5,4,1
121900232,8,15,-7
121900233,10,5,5
121900234,2,7,-5
121900235,3,9,-6
121900236,7,6,1
121900237,27,93,-66
121900238,15,27,-12
121900239,9,0,9
121900240,9,9,0
121900241,0,5,-5
121900242,0,0,0
121900243,0,0,0
121900244,0,0,0
121900245,2,2,0
121900246,1,0,1
121900248,23,34,-11
121900250,9,9,0
121900251,7,0,7
121900252,60,14,46
121900253,45,88,-43
121900254,14,8,6
121900255,6,5,1
121900258,28,17,11
121900259,12,17,-5
121900260,0,5,-5
121900261,11,20,-9
121900262,12,27,-15
121900263,1,6,-5
121900264,125,51,74
121900265,6,19,-13
121900266,4,0,4
121900267,0,0,0
121900269,1,2,-1
121900270,0,12,-12
121900271,0,17,-17
121900273,16,80,-64
121900274,9,25,-16
121900277,7,155,-148
121900278,3,113,-110
121900279,6,53,-47
121900280,7,31,-24
121900281,15,0,15
121900284,0,0,0
121900286,0,2,-2
121900287,0,0,0
121900288,0,0,0
121900290,6,19,-13
121900291,62,53,9
121900292,3,29,-26
121900293,99,631,-532
121900294,2,0,2
121900295,2,7,-5
121900296,0,0,0
121900298,9,27,-18
121900299,0,0,0
121900300,0,0,0
121900301,0,0,0
121900302,0,1,-1
121900303,7,19,-12
121900304,0,0,0
121900305,0,0,0
121900306,0,0,0
121900307,0,0,0
121900308,1,58,-57
121900309,0,31,-31
121900310,1,101,-100
121900311,18,0,18
121900312,5,0,5
121900313,7,0,7
121900314,0,7,-7
121900315,0,0,0
121900316,0,3,-3
121900317,0,0,0
121900318,0,0,0
121900319,0,0,0
121900320,1,0,1
121900321,0,0,0
121900322,0,0,0
121900323,0,0,0
121900324,0,0,0
121900325,0,0,0
121900326,0,0,0
121900327,0,6,-6
121900328,0,3,-3
121900329,0,24,-24
121900330,0,0,0
121900331,0,0,0
121900332,0,0,0
121900333,3,1,2
121900334,0,0,0
122000001,191,396,-205
122000002,410,150,260
122000003,178,188,-10
122000004,283,120,163
122000005,320,154,166
122000006,194,68,126
122000007,170,143,27
122000008,420,279,141
122000009,91,25,66
122000010,541,415,126
122000011,358,221,137
122000012,193,271,-78
122000013,208,121,87
122000014,299,154,145
122000015,200,132,68
122000016,62,129,-67
122000017,199,206,-7
122000018,259,267,-8
122000019,105,231,-126
122000020,32,34,-2
122000021,51,71,-20
122000022,69,67,2
122000023,47,104,-57
122000024,108,190,-82
122000025,121,211,-90
122000026,274,99,175
122000027,163,340,-177
122000028,81,41,40
122000029,54,35,19
122000030,68,28,40
122000031,6,14,-8
122000032,139,232,-93
122000033,109,122,-13
122000034,77,104,-27
122000035,92,101,-9
122000036,58,108,-50
122000037,103,41,62
122000038,54,56,-2
122000039,166,124,42
122000040,96,46,50
122000041,47,125,-78
122000042,44,132,-88
122000043,17,21,-4
122000044,11,17,-6
122000045,160,117,43
122000046,96,113,-17
122000047,53,32,21
122000048,357,321,36
122000049,537,365,172
122000050,285,144,141
122000051,43,19,24
122000052,53,30,23
122000053,10,110,-100
122000054,351,293,58
122000055,340,309,31
122000056,558,516,42
122000057,396,282,114
122000058,562,252,310
122000059,599,381,218
122000060,209,123,86
122000061,72,45,27
122000062,204,57,147
122000063,82,81,1
122000064,625,566,59
122000065,689,434,255
122000066,86,113,-27
122000067,178,214,-36
122000068,125,105,20
122000069,195,147,48
122000070,44,150,-106
122000071,87,83,4
122000072,66,29,37
122000073,37,45,-8
122000074,129,76,53
122000075,42,82,-40
122000076,216,150,66
122000077,170,124,46
122000078,560,512,48
122000079,170,120,50
122000080,51,27,24
122000081,17,17,0
122000082,90,73,17
122000083,154,291,-137
122000084,104,89,15
122000085,51,174,-123
122000086,311,364,-53
122000087,56,68,-12
122000088,17,19,-2
122000089,653,357,296
122000090,29,59,-30
122000091,29,20,9
122000092,8,2,6
122000093,179,244,-65
122000094,1003,385,618
122000095,289,202,87
122000096,142,86,56
122000098,357,240,117
122000099,147,102,45
122000100,96,62,34
122000101,32,106,-74
122000102,341,165,176
122000103,116,176,-60
122000104,37,36,1
122000105,23,32,-9
122000106,45,70,-25
122000107,70,93,-23
122000108,107,150,-43
122000109,20,49,-29
122000110,51,100,-49
122000111,402,133,269
122000112,73,157,-84
122000113,68,101,-33
122000114,412,272,140
122000115,514,280,234
122000116,70,50,20
122000117,108,28,80
122000118,71,55,16
122000119,305,199,106
122000120,372,330,42
122000121,361,306,55
122000122,156,151,5
122000123,179,62,117
122000124,99,56,43
122000125,42,52,-10
122000126,98,81,17
122000127,140,134,6
122000128,74,105,-31
122000129,48,40,8
122000130,125,39,86
122000131,294,72,222
122000132,178,36,142
122000133,140,283,-143
122000134,69,101,-32
122000135,127,178,-51
122000136,49,50,-1
122000137,58,166,-108
122000139,233,290,-57
122000140,170,78,92
122000141,708,101,607
122000142,53,123,-70
122000143,83,44,39
122000144,266,110,156
122000145,135,97,38
122000146,38,58,-20
122000147,70,51,19
122000148,183,92,91
122000149,236,115,121
122000150,154,79,75
122000151,4,8,-4
122000152,129,124,5
122000153,7,10,-3
122000154,20,15,5
122000155,221,136,85
122000156,467,269,198
122000157,704,728,-24
122000158,57,90,-33
122000159,100,170,-70
122000160,419,87,332
122000161,132,97,35
122000162,161,230,-69
122000163,36,9,27
122000164,21,10,11
122000165,139,99,40
122000166,164,124,40
122000167,64,116,-52
122000168,33,86,-53
122000169,76,50,26
122000170,54,56,-2
122000171,7,14,-7
122000172,284,222,62
122000173,140,353,-213
122000174,329,240,89
122000175,352,90,262
122000176,86,95,-9
122000177,338,404,-66
122000178,539,138,401
122000179,363,350,13
122000180,378,315,63
122000181,504,747,-243
122000182,290,86,204
122000183,148,32,116
122000184,1536,354,1182
122000185,815,288,527
122000186,102,179,-77
122000187,88,222,-134
122000188,94,28,66
122000189,57,22,35
122000190,58,298,-240
122000191,70,53,17
122000192,103,19,84
122000193,13,77,-64
122000194,76,12,64
122000195,27,59,-32
122000196,45,82,-37
122000197,40,11,29
122000198,123,173,-50
122000199,85,28,57
122000200,209,57,152
122000201,487,455,32
122000202,410,633,-223
122000203,248,214,34
122000204,326,469,-143
122000205,103,128,-25
122000206,342,87,255
122000207,157,124,33
122000208,221,219,2
122000209,242,30,212
122000210,240,396,-156
122000211,145,232,-87
122000212,62,56,6
122000213,94,154,-60
122000214,190,162,28
122000215,282,333,-51
122000217,403,254,149
122000218,17,4,13
122000219,401,200,201
122000220,151,111,40
122000221,13,71,-58
122000222,69,16,53
122000223,191,70,121
122000225,97,37,60
122000226,214,343,-129
122000227,47,238,-191
122000228,45,61,-16
122000229,6,45,-39
122000230,26,122,-96
122000231,27,143,-116
122000232,44,136,-92
122000233,1,11,-10
122000234,18,45,-27
122000235,78,45,33
122000236,70,22,48
122000237,6,5,1
122000238,11,15,-4
122000239,41,10,31
122000240,115,34,81
122000241,87,59,28
122000242,31,10,21
122000243,12,10,2
122000244,7,108,-101
122000245,12,50,-38
122000246,14,12,2
122000247,53,131,-78
122000248,348,309,39
122000249,50,68,-18
122000250,151,43,108
122000251,58,48,10
122000252,93,5,88
122000253,3,32,-29
122000254,15,8,7
122000255,77,190,-113
122000256,94,285,-191
122000257,36,95,-59
122000258,3,29,-26
122000259,11,125,-114
122000260,37,227,-190
122000261,1,33,-32
122000262,0,12,-12
122000263,21,26,-5
122000264,20,34,-14
122000265,107,67,40
122000266,249,43,206
122000267,10,23,-13
122000268,18,81,-63
122000269,86,60,26
122000270,36,25,11
122000271,43,253,-210
122000272,56,212,-156
122000273,42,110,-68
122000274,15,60,-45
122000275,16,72,-56
122000276,22,86,-64
122000277,47,180,-133
122000278,73,194,-121
122000279,28,65,-37
122000280,133,157,-24
122000281,73,107,-34
122000282,14,34,-20
122000283,448,6,442
122000284,17,14,3
122000285,167,28,139
122000286,72,18,54
122000287,79,137,-58
122000288,55,18,37
122000291,114,122,-8
122000293,90,47,43
122000294,8,2,6
122000295,159,25,134
122000296,36,74,-38
122000297,420,235,185
122000299,89,72,17
122000300,45,97,-52
122000301,2154,328,1826
122000302,217,81,136
122000303,972,218,754
122000304,1,40,-39
122000305,127,164,-37
122000306,1,193,-192
122000307,38,20,18
122000309,7,20,-13
122000310,4,4,0
122000311,35,9,26
122000312,38,17,21
122000313,2,8,-6
122000314,20,44,-24
122000315,10,0,10
122000316,35,22,13
122000317,147,29,118
122000318,19,14,5
122000319,76,100,-24
122000320,93,891,-798
122000321,25,84,-59
122000322,334,170,164
122000323,256,267,-11
122000324,325,223,102
122000325,113,125,-12
122000326,0,11,-11
122000327,52,75,-23
122000328,142,144,-2
122000330,131,64,67
122000333,1,57,-56
122000337,57,487,-430
122000338,105,124,-19
122000340,60,36,24
122000342,416,129,287
122000343,29,290,-261
122000344,0,0,0
122000345,20,29,-9
122000346,37,92,-55
122000348,53,159,-106
122000349,5,93,-88
122000351,2,15,-13
122000352,50,5,45
122000353,12,38,-26
122000355,16,38,-22
122000356,346,260,86
122000357,1,1,0
122000358,0,7,-7
122000359,0,9,-9
122000360,0,2,-2
122000362,1,12,-11
122000364,3,91,-88
122000365,0,4,-4
122000366,3,2,1
122000368,61,149,-88
122000370,2,22,-20
122000371,0,0,0
122000372,0,0,0
122000381,1,90,-89
122000382,10,62,-52
122000384,288,235,53
122000385,0,0,0
122000386,19,94,-75
122000387,130,179,-49
122000388,119,82,37
122000389,44,179,-135
122000390,40,31,9
122000391,3,2,1
122000392,37,51,-14
122000393,3,170,-167
122000394,92,74,18
122000395,25,47,-22
122000396,44,15,29
122000399,22,14,8
122000400,8,30,-22
122000401,22,29,-7
122000402,1,5,-4
122000403,62,342,-280
122000404,12,4,8
122000408,99,194,-95
122000503,0,9,-9
122000524,13,14,-1
122000544,6,169,-163
122000614,77,17,60
122000616,128,1,127
122000640,5,42,-37
122000641,2,128,-126
122000642,348,242,106
122000643,3,24,-21
122000644,74,47,27
122000645,78,135,-57
122000651,135,164,-29
122000664,7,5,2
122000665,164,97,67
122000666,80,143,-63
122000673,9,86,-77
122000674,28,14,14
122000675,144,249,-105
122000686,3,86,-83
122000687,24,6,18
122000688,17,118,-101
122000689,32,13,19
122000690,45,108,-63
122000691,39,337,-298
122000692,43,219,-176
122000693,56,369,-313
122000695,16,155,-139
122000696,12,34,-22
122000698,64,326,-262
122000699,17,3,14
122000701,155,138,17
122000702,100,293,-193
122000703,5,5,0
122000712,0,0,0
122000717,506,17,489
122000718,362,85,277
122000719,1,11,-10
122000720,29,47,-18
122000724,32,35,-3
122900001,0,0,0
122900002,62,73,-11
122900003,15,6,9
122900004,13,0,13
122900005,6,2,4
122900006,134,4,130
122900007,1,2,-1
122900008,150,0,150
122900009,12,3,9
122900010,0,0,0
122900012,2,5,-3
122900014,9,70,-61
122900015,111,7,104
122900016,4,43,-39
122900017,27,81,-54
122900018,9,0,9
122900020,185,64,121
122900021,9,38,-29
122900022,28,233,-205
122900023,21,41,-20
122900024,8,24,-16
122900025,3,9,-6
122900026,19,41,-22
122900027,11,159,-148
122900028,20,16,4
122900029,476,39,437
122900030,377,41,336
122900031,6,16,-10
122900032,15,59,-44
122900033,9,13,-4
122900034,159,212,-53
122900035,0,0,0
122900036,4,6,-2
122900037,15,8,7
122900038,4,267,-263
122900039,10,37,-27
122900040,3,6,-3
122900041,3,2,1
122900042,2,4,-2
122900043,6,9,-3
122900044,3,4,-1
122900045,11,8,3
122900046,11,5,6
122900047,8,15,-7
122900048,0,14,-14
122900049,336,10,326
122900051,19,21,-2
122900052,9,19,-10
122900053,0,3,-3
122900055,10,8,2
122900057,3,4,-1
122900061,78,12,66
122900062,85,90,-5
122900063,10,70,-60
122900064,344,66,278
122900065,33,51,-18
122900066,47,48,-1
122900067,198,75,123
122900069,21,79,-58
122900070,7,1,6
122900071,9,111,-102
122900073,2,45,-43
122900074,18,113,-95
122900075,0,18,-18
122900076,1,36,-35
122900077,0,63,-63
122900078,4,30,-26
122900080,1,1,0
122900081,0,0,0
122900082,2,0,2
122900083,0,1,-1
122900084,0,21,-21
122900086,0,0,0
122900087,13,165,-152
122900088,2,7,-5
122900089,7,43,-36
122900090,2,139,-137
122900091,0,0,0
122900092,0,15,-15
122900093,0,26,-26
122900094,0,22,-22
122900095,0,0,0
122900096,0,27,-27
122900097,0,0,0
122900098,3,11,-8
122900099,0,0,0
122900100,22,7,15
122900101,13,4,9
122900102,0,2,-2
122900103,0,0,0
122900104,2,0,2
122900105,0,0,0
122900106,0,14,-14
122900107,0,41,-41
122900108,0,50,-50
122900109,27,60,-33
123000001,232,111,121
123000002,726,324,402
123000003,783,454,329
123000004,733,772,-39
123000005,318,415,-97
123000006,545,822,-277
123000007,509,374,135
123000008,509,869,-360
123000009,837,816,21
123000010,1230,1217,13
123000011,277,169,108
123000012,384,877,-493
123000013,338,152,186
123000014,310,770,-460
123000015,417,108,309
123000016,459,943,-484
123000017,642,444,198
123000018,9,46,-37
123000019,10,70,-60
123000020,5,32,-27
123000021,2,52,-50
123000022,31,434,-403
123000023,263,268,-5
123000024,151,81,70
123000025,13,32,-19
123000026,1,27,-26
123000027,58,46,12
123000028,434,15,419
123000029,792,71,721
123000030,16,189,-173
123000031,11,93,-82
123000032,13,52,-39
123000033,9,22,-13
123000034,191,255,-64
123000035,36,53,-17
123000036,38,92,-54
123000037,29,54,-25
123000038,27,63,-36
123000039,210,155,55
123000040,239,57,182
123000041,78,84,-6
123000042,91,79,12
123000043,197,245,-48
123000044,748,334,414
123000045,1196,292,904
123000046,104,112,-8
123000047,265,99,166
123000048,4,26,-22
123000049,626,505,121
123000050,260,203,57
123000051,13,24,-11
123000052,120,262,-142
123000053,375,304,71
123000054,282,210,72
123000055,183,196,-13
123000056,191,262,-71
123000057,2771,961,1810
123000058,127,120,7
123000059,218,269,-51
123000060,178,76,102
123000061,574,123,451
123000063,57,75,-18
123000064,157,32,125
123000065,888,451,437
123000066,284,150,134
123000067,55,118,-63
123000068,678,601,77
123000069,1618,951,667
123000070,23,38,-15
123000071,64,179,-115
123000072,194,182,12
123000073,138,143,-5
123000074,471,493,-22
123000075,40,133,-93
123000076,189,247,-58
123000077,280,574,-294
123000078,128,313,-185
123000079,125,447,-322
123000080,478,680,-202
123000081,41,172,-131
123000082,65,132,-67
123000083,105,72,33
123000084,64,193,-129
123000085,16,38,-22
123000086,28,99,-71
123000087,42,254,-212
123000088,293,501,-208
123000089,88,180,-92
123000090,229,346,-117
123000091,285,292,-7
123000092,415,448,-33
123000094,71,101,-30
123000095,32,141,-109
123000096,61,65,-4
123000097,115,257,-142
123000098,79,115,-36
123000099,125,217,-92
123000100,136,129,7
123000101,163,68,95
123000102,29,93,-64
123000104,145,79,66
123000105,156,134,22
123000106,83,65,18
123000107,67,141,-74
123000108,513,169,344
123000111,84,30,54
123000112,101,70,31
123000113,159,226,-67
123000114,139,139,0
123000115,26,57,-31
123000116,2,42,-40
123000117,62,199,-137
123000118,49,117,-68
123000119,174,257,-83
123000120,229,235,-6
123000121,68,118,-50
123000122,118,114,4
123000123,134,154,-20
123000124,117,132,-15
123000125,108,98,10
123000126,217,252,-35
123000127,452,316,136
123000128,45,138,-93
123000129,9,5,4
123000130,10,1,9
123000131,81,70,11
123000132,63,167,-104
123000133,45,77,-32
123000134,117,31,86
123000135,76,149,-73
123000136,31,326,-295
123000137,15,106,-91
123000138,7,97,-90
123000139,3,8,-5
123000140,32,121,-89
123000141,21,0,21
123000142,174,194,-20
123000143,302,554,-252
123000144,1,1,0
123000145,32,24,8
123000146,3,21,-18
123000147,15,30,-15
123000149,37,42,-5
123000150,13,23,-10
123000151,50,81,-31
123000152,6,72,-66
123000153,21,56,-35
123000154,427,138,289
123000155,465,100,365
123000156,15,13,2
123000157,83,161,-78
123000158,34,62,-28
123000159,317,175,142
123000160,86,92,-6
123000161,117,36,81
123000162,37,168,-131
123000163,16,7,9
123000164,59,28,31
123000165,48,275,-227
123000166,3,23,-20
123000167,9,75,-66
123000168,37,89,-52
123000169,23,9,14
123000170,0,86,-86
123000171,2,16,-14
123000172,44,160,-116
123000173,15,5,10
123000174,17,4,13
123000175,193,256,-63
123000176,65,16,49
123000177,43,297,-254
123000178,107,3,104
123000179,0,62,-62
123000180,251,60,191
123000181,63,246,-183
123000183,25,28,-3
123000186,22,157,-135
123000187,19,0,19
123000188,8,11,-3
123000189,13,40,-27
123000190,0,9,-9
123000192,1,135,-134
123000193,19,288,-269
123000194,43,65,-22
123000195,6,0,6
123000196,27,0,27
123000197,27,3,24
123000198,2,52,-50
123000199,4,118,-114
123000200,12,5,7
123000201,29,2,27
123000202,5,451,-446
123000203,69,22,47
123000204,11,414,-403
123000205,44,502,-458
123000206,143,24,119
123000207,19,310,-291
123000208,66,19,47
123000209,163,42,121
123000210,34,416,-382
123000211,172,1089,-917
123000212,199,55,144
123000213,91,4,87
123000215,49,20,29
123000216,40,37,3
123000217,13,1,12
123000218,21,70,-49
123000219,78,15,63
123000220,20,1,19
123000222,44,49,-5
123000223,21,41,-20
123000224,37,107,-70
123000225,5,20,-15
123000226,5,108,-103
123000227,8,81,-73
123000228,0,12,-12
123000229,207,609,-402
123000232,10,147,-137
123000233,34,5,29
123000234,19,181,-162
123000235,7,18,-11
123000236,30,232,-202
123000237,37,4,33
123000238,5,197,-192
123000239,65,431,-366
123000240,1,50,-49
123000241,129,17,112
123000243,426,268,158
123000244,335,169,166
123000245,1,66,-65
123000249,183,204,-21
123000252,37,1,36
123000253,31,30,1
123000254,48,180,-132
123000255,107,133,-26
123000256,28,129,-101
123000257,341,370,-29
123000258,336,283,53
123000259,66,29,37
123000260,16,88,-72
123000261,80,155,-75
123000262,10,68,-58
123000263,66,17,49
123000264,31,4,27
123000265,13,45,-32
123000266,67,135,-68
123000267,50,46,4
123000268,4,20,-16
123000269,22,11,11
123000270,0,2,-2
123000271,20,31,-11
123000272,114,29,85
123000273,21,150,-129
123000274,72,37,35
123000275,49,300,-251
123000278,808,726,82
123000279,13,16,-3
123000280,108,72,36
123000281,41,8,33
123000282,8,69,-61
123000283,37,10,27
123000284,8,64,-56
123000286,61,110,-49
123000287,176,68,108
123000288,33,69,-36
123000289,36,81,-45
123000291,50,254,-204
123000294,95,202,-107
123000295,107,389,-282
123000296,69,170,-101
123000297,75,209,-134
123000298,23,118,-95
123000299,22,119,-97
123000300,202,218,-16
123000301,7,59,-52
123000302,4,68,-64
123000303,8,14,-6
123000305,313,295,18
123000306,7,122,-115
123000309,12,15,-3
123000310,12,5,7
123000311,2,53,-51
123000312,136,295,-159
123000313,74,116,-42
123000315,4,92,-88
123000316,56,72,-16
123000317,24,8,16
123000318,9,96,-87
123000329,30,5,25
123000337,20,48,-28
123000338,69,3,66
123000339,7,174,-167
123000340,41,174,-133
123000342,0,69,-69
123000343,0,0,0
123000344,289,68,221
123000345,108,144,-36
123000346,33,30,3
123000352,365,211,154
123000353,1,23,-22
123000354,97,7,90
123000355,4,213,-209
123000356,9,0,9
123000357,0,68,-68
123000359,1,56,-55
123000360,0,0,0
123000361,109,54,55
123000362,6,49,-43
123000363,4,55,-51
123000364,183,88,95
123000365,7,48,-41
123000366,54,226,-172
123000367,174,471,-297
123000370,4,81,-77
123000371,0,1,-1
123000372,28,2,26
123000373,0,85,-85
123000374,0,68,-68
123000375,13,11,2
123000376,68,109,-41
123000377,7,5,2
123000378,0,111,-111
123000379,1,68,-67
123000380,0,29,-29
123000381,12,3,9
123000382,96,10,86
123000383,24,76,-52
123000384,22,0,22
123000385,7,153,-146
123000436,21,384,-363
123000507,71,45,26
123000508,95,124,-29
123000517,20,5,15
123000518,7,39,-32
123000519,37,6,31
123000520,23,53,-30
123000521,93,46,47
123000522,53,205,-152
123000541,0,0,0
123000542,0,8,-8
123000565,43,8,35
123000566,23,198,-175
123000567,32,66,-34
123000575,10,217,-207
123000576,34,0,34
123000577,64,134,-70
123000578,55,12,43
123000579,629,422,207
123000580,42,0,42
123000582,6,0,6
123000583,3,111,-108
123000584,32,21,11
123000585,0,12,-12
123000586,1,0,1
123000596,26,41,-15
123000597,20,24,-4
123000602,0,0,0
123000603,16,2,14
123000604,92,259,-167
123000605,75,4,71
123000606,0,108,-108
123000609,3,125,-122
123000610,11,15,-4
123000613,4,33,-29
123000615,9,73,-64
123000616,9,2,7
123000617,6,111,-105
123000618,8,147,-139
123000619,12,1,11
123000620,29,599,-570
123000622,51,5,46
123000624,21,7,14
123000630,126,174,-48
123000631,1298,785,513
123000632,641,394,247
123000633,19,69,-50
123000634,7,0,7
123000635,60,13,47
123000636,7,69,-62
123000637,9,2,7
123000638,22,24,-2
123000639,175,217,-42
123000640,0,282,-282
123000648,60,25,35
123000649,48,336,-288
123000650,9,26,-17
123000651,35,87,-52
123000652,5,13,-8
123000653,17,139,-122
123000654,75,111,-36
123000655,14,71,-57
123000656,53,20,33
123000657,0,20,-20
123000658,16,0,16
123900001,445,14,431
123900002,3,266,-263
123900003,51,78,-27
123900005,18,8,10
123900006,7,3,4
124000001,194,3,191
124000002,7,184,-177
124000003,23,1,22
124000004,15,151,-136
124000005,37,5,32
124000006,102,501,-399
124000007,32,4,28
124000008,3,79,-76
124000009,44,14,30
124000010,24,165,-141
124000011,13,9,4
124000012,50,225,-175
124000017,0,0,0
124000018,10,25,-15
124000019,0,0,0
124000020,1,76,-75
124000021,0,0,0
124000022,16,63,-47
124000023,252,29,223
124000024,248,187,61
124000025,284,35,249
124000026,288,137,151
124000027,445,63,382
124000028,503,269,234
124000031,144,61,83
124000032,1351,333,1018
124000033,132,26,106
124000034,220,324,-104
124000035,47,16,31
124000036,21,170,-149
124000037,37,21,16
124000038,0,36,-36
124000039,100,25,75
124000040,42,65,-23
124000041,32,8,24
124000042,16,70,-54
124000043,5,16,-11
124000044,5,91,-86
124000045,35,52,-17
124000046,19,197,-178
124000047,68,88,-20
124000048,58,497,-439
124000049,89,98,-9
124000050,72,689,-617
124000051,30,42,-12
124000052,50,391,-341
124000053,44,110,-66
124000054,117,238,-121
124000055,173,93,80
124000056,933,406,527
124000057,120,73,47
124000058,97,475,-378
124000059,74,96,-22
124000060,149,255,-106
124000061,154,428,-274
124000062,2301,424,1877
124000063,441,407,34
124000064,667,448,219
124000065,48,53,-5
124000066,38,7,31
124000067,7,27,-20
124000068,9,19,-10
124000069,33,52,-19
124000070,42,133,-91
124000071,8,7,1
124000072,28,100,-72
124000073,61,17,44
124000074,43,230,-187
124000075,0,0,0
124000076,1,69,-68
124000077,114,106,8
124000078,352,35,317
124000079,103,119,-16
124000080,11,25,-14
124000081,19,180,-161
124000082,0,16,-16
124000083,7,32,-25
124000084,3,31,-28
124000085,10,8,2
124000086,3,9,-6
124000087,14,5,9
124000088,13,27,-14
124000089,39,64,-25
124000090,16,99,-83
124000091,28,21,7
124000092,15,196,-181
124000093,21,12,9
124000094,10,87,-77
124000095,16,21,-5
124000096,14,88,-74
124000097,39,34,5
124000098,18,67,-49
124000099,3,16,-13
124000100,9,23,-14
124000101,18,31,-13
124000102,18,34,-16
124000103,8,43,-35
124000104,13,40,-27
124000105,4,16,-12
124000106,23,28,-5
124000107,5,25,-20
124000108,19,15,4
124000109,14,17,-3
124000110,25,44,-19
124000111,34,55,-21
124000112,77,177,-100
124000113,20,24,-4
124000114,37,215,-178
124000115,100,210,-110
124000116,28,20,8
124000117,25,18,7
124000118,10,11,-1
124000119,63,85,-22
124000120,19,100,-81
124000121,422,144,278
124000122,129,198,-69
124000123,98,70,28
124000124,43,192,-149
124000125,28,62,-34
124000126,65,143,-78
124000127,155,104,51
124000128,86,301,-215
124000129,333,259,74
124000130,207,189,18
124000131,159,117,42
124000132,290,260,30
124000133,88,90,-2
124000134,128,190,-62
124000135,171,168,3
124000136,186,279,-93
124000137,73,66,7
124000138,275,207,68
124000139,138,2,136
124000140,17,126,-109
124000141,62,3,59
124000142,7,124,-117
124000143,12,6,6
124000144,1,53,-52
124000145,4,7,-3
124000146,2,39,-37
124000148,4,2,2
124000149,72,44,28
124000150,39,135,-96
124000151,50,38,12
124000152,111,228,-117
124000153,67,65,2
124000154,51,221,-170
124000155,126,73,53
124000156,212,203,9
124000169,4,33,-29
124000170,134,95,39
124000171,7,23,-16
124000172,44,147,-103
124000173,13,80,-67
124000174,23,187,-164
124000175,2,43,-41
124000176,0,0,0
124000177,3,13,-10
124000178,0,0,0
124000185,2,0,2
124000186,0,9,-9
124000187,5,24,-19
124000188,6,1,5
124000190,25,7,18
124000191,40,7,33
124000192,43,3,40
124000193,97,292,-195
124000194,66,189,-123
124000195,27,83,-56
124000196,163,366,-203
124000197,36,12,24
124000198,9,16,-7
124000201,58,242,-184
124000202,15,8,7
124000203,20,295,-275
124000204,4,91,-87
124000205,25,181,-156
124000206,10,57,-47
124000207,0,32,-32
124000209,25,93,-68
124000210,22,42,-20
124000211,12,0,12
124000212,2,166,-164
124000213,11,113,-102
124000214,1,130,-129
124000215,4,0,4
124000216,0,178,-178
124000329,7,587,-580
124000338,5,226,-221
124000339,21,11,10
124000341,58,14,44
124000344,0,1,-1
124000357,252,303,-51
124000358,356,379,-23
124000359,108,55,53
124000360,39,44,-5
124000361,128,66,62
124000362,300,464,-164
124000363,70,207,-137
124000364,83,381,-298
124000365,220,512,-292
124000366,872,538,334
124000367,43,139,-96
124000368,20,22,-2
124000369,7,16,-9
124000370,13,104,-91
124000402,3,1,2
124000403,5,0,5
124000404,2,54,-52
124000405,87,127,-40
124000406,106,311,-205
124000407,2,12,-10
124000411,0,27,-27
124000412,6,3,3
124000413,43,4,39
124000414,26,51,-25
124000415,11,48,-37
124000416,31,112,-81
124000417,13,29,-16
124000418,22,22,0
124000419,21,53,-32
124000420,8,9,-1
124000421,5,76,-71
124000422,0,3,-3
124000423,4,7,-3
124000424,1,11,-10
124000425,2,2,0
124000426,0,36,-36
124000427,7,0,7
124000428,10,4,6
124000429,4,22,-18
124000430,66,118,-52
124000431,28,156,-128
124000432,15,199,-184
124000439,2,1,1
124000443,3,18,-15
124000445,131,44,87
124000446,462,4,458
124000447,2,8,-6
124000448,4,4,0
124000449,8,3,5
124000450,1,70,-69
124000451,2,45,-43
124000452,299,24,275
124000453,474,307,167
124000454,663,981,-318
124000455,0,244,-244
124000456,37,0,37
124000457,3,209,-206
124000458,4,92,-88
124000459,3,0,3
124000460,0,73,-73
124900001,26,38,-12
124900002,14,118,-104
124900003,48,134,-86
124900004,19,61,-42
124900005,11,49,-38
124900006,20,47,-27
124900008,139,48,91
124900009,17,10,7
124900010,4,4,0
124900011,21,14,7
124900012,16,15,1
124900013,22,22,0
124900014,10,11,-1
124900015,7,2,5
124900016,5,1,4
124900017,50,24,26
124900018,3,1,2
124900020,5,0,5
124900021,3,0,3
124900022,1,0,1
124900024,4,0,4
124900026,2,1,1
124900027,2,6,-4
124900028,66,12,54
124900029,1,32,-31
124900030,3,26,-23
124900031,0,74,-74
124900032,47,34,13
124900033,9,54,-45
124900034,1,25,-24
124900035,14,70,-56
124900036,1,7,-6
124900037,9,63,-54
124900038,35,90,-55
124900039,1,6,-5
124900040,9,29,-20
124900041,52,297,-245
124900042,3,0,3
124900043,46,286,-240
124900044,2,0,2
124900045,47,97,-50
124900047,4,28,-24
124900048,23,26,-3
124900050,18,35,-17
124900052,9,62,-53
124900053,12,57,-45
124900054,657,64,593
124900055,0,16,-16
124900057,1,176,-175
124900060,11,54,-43
124900061,2,0,2
124900062,12,0,12
124900066,0,5,-5
124900067,2,28,-26
124900068,16,19,-3
124900070,0,1,-1
124900072,6,0,6
124900075,9,51,-42
124900076,1,44,-43
124900077,10,16,-6
124900078,3,0,3
124900079,80,10,70
124900080,20,213,-193
124900081,61,57,4
124900082,60,248,-188
124900083,22,106,-84
124900085,234,37,197
124900086,2,45,-43
124900087,36,10,26
124900088,76,14,62
124900089,241,0,241
124900090,1,18,-17
124900091,40,104,-64
124900092,29,81,-52
124900093,23,14,9
124900094,7,20,-13
124900095,15,19,-4
124900096,18,10,8
124900097,9,12,-3
124900098,14,75,-61
124900099,48,39,9
124900100,2,0,2
124900101,3,2,1
124900102,2,0,2
124900103,1,91,-90
124900104,0,55,-55
124900105,8,34,-26
124900106,1,0,1
124900107,6,0,6
124900108,24,1,23
124900111,0,8,-8
124900112,6,137,-131
124900113,0,22,-22
124900114,0,6,-6
124900115,0,0,0
124900116,3,2,1
124900117,89,6,83
124900118,20,1,19
124900119,17,27,-10
124900120,19,61,-42
124900121,20,8,12
124900122,98,28,70
124900123,33,2,31
124900124,8,18,-10
124900125,24,0,24
124900126,1,179,-178
204000001,3,1,2
204000002,2,2,0
204000003,0,1,-1
204000004,1,1,0
204000005,91,51,40
204000006,118,69,49
204000011,3,20,-17
204000012,4,61,-57
204000019,158,178,-20
204000020,61,142,-81
204000021,275,164,111
204000022,88,119,-31
204000023,76,380,-304
204000031,5,0,5
204000032,65,2,63
204000034,16,15,1
204000035,3,0,3
204000036,7,5,2
204000037,1,12,-11
204000038,0,9,-9
204000039,0,15,-15
204000040,1,7,-6
204000041,0,6,-6
204000042,0,0,0
204000043,1,0,1
204000044,0,1,-1
204000045,1,0,1
204000046,0,0,0
204000057,4,11,-7
204000062,13,95,-82
204000068,7,96,-89
204000069,6,54,-48
204000070,5,7,-2
204000080,20,34,-14
204000085,170,382,-212
204000086,744,450,294
204000087,38,19,19
204000088,13,40,-27
204000090,10,131,-121
204000093,0,4,-4
204000096,70,64,6
204000097,3,0,3
204000099,192,118,74
204000100,84,122,-38
204000105,413,354,59
204000110,149,388,-239
204000111,144,249,-105
204000112,113,282,-169
204000113,143,251,-108
204000114,77,65,12
204000115,50,85,-35
204000116,53,100,-47
204000119,169,120,49
204000132,87,24,63
204000133,96,33,63
204000134,26,20,6
204000135,81,6,75
204000136,35,19,16
204000138,75,46,29
204000140,23,33,-10
204000141,27,12,15
204000144,0,5,-5
204000145,22,2,20
204000146,40,260,-220
204000147,11,42,-31
204000148,58,45,13
204000154,0,0,0
204000155,0,4,-4
204000177,4,6,-2
204000179,0,0,0
204000180,0,40,-40
204000222,0,4,-4
204000236,19,203,-184
204000238,2,0,2
204000240,35,12,23
204000263,156,472,-316
204000268,90,56,34
204000308,0,0,0
204000317,4,13,-9
204000322,10,6,4
204000323,5,0,5
204000328,14,11,3
204000329,67,121,-54
204000330,10,9,1
204000331,64,235,-171
205000001,210,331,-121
205000013,0,26,-26
205000014,3,58,-55
205000015,7,94,-87
205000016,8,50,-42
205000017,22,22,0
205000022,89,188,-99
205000025,592,286,306
205000029,40,8,32
205000045,8,68,-60
205000046,33,172,-139
205000047,5,157,-152
205000048,23,249,-226
205000049,21,201,-180
205000050,372,80,292
205000059,0,103,-103
205000060,0,15,-15
205000061,4,17,-13
205000062,1,18,-17
205000063,3,6,-3
205000064,6,45,-39
205000065,20,154,-134
205000066,22,261,-239
205000067,9,381,-372
205000069,150,28,122
205000082,7,6,1
205000110,11,78,-67
205000111,36,73,-37
205000112,2,10,-8
205000113,54,34,20
205000121,1,16,-15
205000123,20,86,-66
205000126,0,0,0
205000127,0,0,0
205000128,0,12,-12
205000129,0,0,0
205000130,0,0,0
205000131,0,0,0
205000132,0,0,0
205000133,0,0,0
205000134,0,0,0
205000137,23,44,-21
205000138,68,73,-5
205000139,8,28,-20
205000144,9,5,4
205000145,12,2,10
205000151,0,0,0
205000152,0,2,-2
205000153,0,0,0
205000154,1,0,1
205000155,2,1,1
205000207,57,83,-26
205000233,0,0,0
205000234,0,0,0
205000243,0,0,0
205000244,0,1,-1
205000245,37,115,-78
205000249,0,11,-11
205000250,0,0,0
205000264,1,26,-25
206000027,0,0,0
206000028,0,0,0
206000043,2,66,-64
206000053,13,15,-2
206000054,18,13,5
206000055,0,9,-9
206000075,2,2,0
206000076,9,2,7
206000077,6,4,2
206000078,9,12,-3
206000079,7,7,0
206000082,119,8,111
206000100,20,126,-106
206000103,11,22,-11
206000104,8,29,-21
206000105,5,24,-19
206000106,9,21,-12
206000125,7,0,7
206000157,139,201,-62
206000170,0,102,-102
206000171,3,97,-94
206000172,3,356,-353
206000173,0,128,-128
206000174,2,98,-96
206000175,1,142,-141
206000176,4,168,-164
206000177,0,102,-102
206000178,3,71,-68
206000179,2,55,-53
206000180,29,67,-38
206000181,7,76,-69
206000182,26,105,-79
206000183,24,195,-171
206000184,5,136,-131
206000185,6,142,-136
206000186,29,555,-526
206000223,3,94,-91
206000226,0,0,0
206000227,0,0,0
206000237,8,161,-153
206000238,21,287,-266
206000239,240,613,-373
206000240,1,41,-40
206000241,1,65,-64
206000242,6,231,-225
206000243,9,228,-219
206000244,31,361,-330
206000245,84,13,71
206000246,19,1,18
206000247,17,3,14
206000248,31,1,30
206000252,37,11,26
206000258,16,10,6
206000315,12,4,8
206000317,58,13,45
206000318,21,5,16
206000319,67,16,51
206000320,13,5,8
206000321,15,4,11
206000322,28,5,23
206000323,19,0,19
206000324,11,4,7
206000325,20,2,18
206000326,16,4,12
206000327,49,6,43
206000328,21,0,21
206000329,30,4,26
206000330,7,2,5
206000331,6,4,2
206000332,4,3,1
206000333,42,1,41
206000334,20,1,19
206000335,0,10,-10
206000361,9,117,-108
206000392,1,17,-16
206000405,36,0,36
206000441,0,0,0
206000498,1,1,0
206000515,71,25,46
206000530,15,6,9
206000531,4,5,-1
206000532,101,18,83
206000535,69,408,-339
206000536,9,90,-81
206000537,14,38,-24
206000613,97,17,80
206000784,296,18,278
207000001,35,165,-130
207000002,16,134,-118
207000003,19,108,-89
207000007,49,24,25
207000008,3,7,-4
207000009,24,8,16
207000010,110,328,-218
207000012,11,13,-2
207000015,141,535,-394
207000019,42,31,11
207000021,62,28,34
207000022,30,8,22
207000023,29,8,21
207000024,1,3,-2
207000025,0,12,-12
207000026,24,31,-7
207000027,6,16,-10
207000028,7,71,-64
207000029,53,176,-123
207000033,105,71,34
207000034,43,19,24
207000039,7,2,5
207000040,1,2,-1
207000041,0,0,0
207000042,0,1,-1
207000043,0,0,0
207000051,17,130,-113
207000052,4,100,-96
207000053,98,223,-125
207000054,8,43,-35
207000055,15,84,-69
207000056,51,169,-118
207000057,47,120,-73
207000058,21,236,-215
207000059,28,344,-316
207000060,16,103,-87
207000061,20,15,5
207000062,49,9,40
207000063,23,63,-40
207000064,52,43,9
207000065,34,65,-31
207000066,24,80,-56
207000067,9,51,-42
207000068,15,15,0
207000069,184,88,96
207000082,6,85,-79
207000083,32,130,-98
207000084,8,9,-1
207000085,24,0,24
207000086,17,9,8
207000106,0,0,0
207000107,0,0,0
207000108,0,0,0
207000109,0,0,0
207000110,0,0,0
207000111,0,0,0
207000112,0,0,0
207000114,11,9,2
207000115,1,35,-34
207000116,5,75,-70
207000117,2,48,-46
207000118,4,37,-33
207000119,6,31,-25
207000123,0,0,0
207000124,0,0,0
207000125,0,0,0
207000126,0,0,0
207000134,8,89,-81
207000135,8,84,-76
207000148,0,0,0
207000149,16,18,-2
207000152,57,141,-84
207000153,264,294,-30
207000154,89,52,37
207000159,22,113,-91
207000160,25,260,-235
207000238,1,29,-28
207000242,0,39,-39
207000248,12,5,7
207000249,18,16,2
207000250,116,15,101
207000251,17,15,2
207000252,12,29,-17
207000278,2,3,-1
207000279,5,96,-91
207000280,23,6,17
207000281,21,318,-297
207000282,5,7,-2
207000283,13,34,-21
207000284,6,12,-6
207000285,32,3,29
207000291,1,45,-44
207000304,23,27,-4
207000306,19,155,-136
207000310,0,0,0
207000353,0,0,0
207000356,3,7,-4
207000357,0,1,-1
207000358,0,1,-1
207000415,4,46,-42
207000417,0,0,0
207000418,20,38,-18
207000438,0,2,-2
207000439,294,85,209
207000446,0,0,0
207000460,1,4,-3
207000466,39,59,-20
207000467,6,2,4
207000468,11,266,-255
207000476,5,32,-27
207000477,30,26,4
207000478,0,2,-2
207000523,0,6,-6
207000524,0,1,-1
207000527,36,42,-6
207000530,0,0,0
207000531,0,0,0
207000532,0,0,0
207000534,0,0,0
207000535,25,51,-26
207000537,6,20,-14
207000540,2,35,-33
207000541,0,99,-99
207000548,0,69,-69
207000549,0,0,0
207000561,0,0,0
207000562,11,63,-52
207000567,38,90,-52
207000568,8,22,-14
207000569,28,318,-290
207000584,37,33,4
207000585,0,0,0
207000587,0,0,0
207000616,0,62,-62
207000617,3,0,3
207000624,0,0,0
207000631,0,0,0
207900008,20,124,-104
208000001,64,74,-10
208000002,81,94,-13
208000003,110,81,29
208000004,93,76,17
208000005,2,9,-7
208000019,14,68,-54
208000020,9,41,-32
208000021,10,127,-117
208000022,94,212,-118
208000028,66,47,19
208000033,64,179,-115
208000034,260,308,-48
208000037,5,0,5
208000040,2,11,-9
208000041,29,42,-13
208000042,27,38,-11
208000047,31,85,-54
208000064,234,102,132
208000066,105,48,57
208000070,27,74,-47
208000071,35,114,-79
208000072,17,166,-149
208000080,49,51,-2
208000081,31,35,-4
208000082,28,90,-62
208000083,22,80,-58
208000084,1,1,0
208000085,220,137,83
208000086,135,258,-123
208000087,48,169,-121
208000089,111,152,-41
208000090,90,285,-195
208000093,5,29,-24
208000094,81,85,-4
208000095,233,86,147
208000104,91,104,-13
208000105,45,122,-77
208000114,0,0,0
208000115,34,85,-51
208000116,14,106,-92
208000117,3,29,-26
208000118,15,18,-3
208000155,91,201,-110
208000158,678,492,186
208000186,169,104,65
208000204,104,201,-97
208000205,189,366,-177
208000282,552,188,364
209000004,14,41,-27
209000005,3,5,-2
209000006,63,30,33
209000007,19,44,-25
209000010,80,39,41
209000011,38,58,-20
209000012,31,67,-36
209000013,26,198,-172
209000014,132,505,-373
209000025,46,21,25
209000026,90,19,71
209000027,60,303,-243
209000028,98,314,-216
209000029,132,318,-186
209000030,97,570,-473
209000031,1091,742,349
209000034,53,70,-17
209000035,27,68,-41
209000036,31,47,-16
209000037,28,116,-88
209000038,21,112,-91
209000039,22,73,-51
209000040,60,162,-102
209000041,57,159,-102
209000042,68,147,-79
209000043,126,221,-95
209000044,103,160,-57
209000045,49,55,-6
209000046,15,77,-62
209000047,16,24,-8
209000048,9,39,-30
209000049,32,67,-35
209000050,46,119,-73
209000051,39,87,-48
209000052,40,101,-61
209000062,11,40,-29
209000063,1,38,-37
209000064,2,56,-54
209000065,7,10,-3
209000066,4,10,-6
209000067,4,36,-32
209000080,6,71,-65
209000082,5,24,-19
209000091,10,14,-4
209000093,25,8,17
209000094,46,11,35
209000110,21,12,9
209000111,88,148,-60
209000112,60,76,-16
209000113,102,82,20
209000114,50,47,3
209000115,15,64,-49
209000116,306,138,168
209000118,13,11,2
209000119,4,0,4
209000121,31,192,-161
209000135,43,30,13
209000142,224,92,132
209000143,10,22,-12
209000144,6,9,-3
209000229,10,47,-37
209000240,31,190,-159
209000259,18,41,-23
209000260,12,230,-218
209000261,0,185,-185
209000262,0,111,-111
209000263,0,27,-27
209000264,0,9,-9
209000265,0,0,0
209000266,0,0,0
209000267,0,0,0
209000268,0,0,0
210000037,0,5,-5
210000047,0,0,0
210000048,0,0,0
210000049,0,0,0
210000052,4,51,-47
210000053,5,38,-33
210000054,16,35,-19
210000070,0,0,0
210000071,0,0,0
210000072,0,0,0
210000073,0,6,-6
210000074,0,40,-40
210000075,0,18,-18
210000076,0,42,-42
210000077,4,5,-1
210000078,6,8,-2
210000079,0,0,0
210000080,1,0,1
210000081,0,0,0
210000082,4,0,4
210000083,4,0,4
210000084,2,0,2
210000085,0,23,-23
210000086,1,36,-35
210000099,4,62,-58
210000100,14,106,-92
210000101,13,109,-96
210000105,24,32,-8
210000159,1,42,-41
210000163,67,63,4
210000164,28,4,24
210000168,20,2,18
210000187,0,4,-4
210000188,0,7,-7
210000214,0,0,0
210000219,1,7,-6
210000220,4,11,-7
210000232,0,4,-4
210000233,2,11,-9
210000234,3,33,-30
210000235,10,61,-51
210000245,0,15,-15
210000246,0,0,0
210000258,0,52,-52
210000259,10,2,8
210000282,3,50,-47
210000285,0,36,-36
210000286,6,72,-66
210000290,0,1,-1
210000295,9,25,-16
210000296,6,9,-3
210000320,11,6,5
210000321,0,1,-1
210000338,7,53,-46
210000339,144,124,20
210000340,51,65,-14
210000341,58,91,-33
210000342,26,68,-42
210000343,65,78,-13
210000344,55,19,36
210000345,64,17,47
210000346,26,25,1
210000347,4,5,-1
210000348,14,1,13
210000349,7,9,-2
210000350,14,18,-4
210000351,7,34,-27
210000352,7,15,-8
210000353,5,18,-13
210000354,14,30,-16
210000355,6,26,-20
210000356,2,11,-9
210000357,15,2,13
210000358,102,18,84
210000359,8,5,3
210000360,8,6,2
210000361,4,11,-7
210000362,10,4,6
210000363,32,3,29
210000364,5,2,3
210000365,3,1,2
210000366,19,0,19
210000367,0,0,0
210000368,6,0,6
210000369,1,9,-8
210000370,8,3,5
210000372,1,2,-1
210000373,7,1,6
210000374,3,1,2
210000375,5,26,-21
210000376,10,48,-38
210000404,53,59,-6
210000439,0,0,0
210000472,0,0,0
210000482,5,4,1
210000564,11,3,8
210000567,2,2,0
210000568,0,0,0
211000092,2,24,-22
211000094,0,1,-1
211000169,35,0,35
211000172,2,29,-27
211000209,0,1,-1
211000226,3,5,-2
211000270,0,3,-3
211000275,3,13,-10
211000276,10,3,7
211000279,2,8,-6
211000281,4,15,-11
211000302,0,22,-22
211507980,0,4,-4
211977296,4,0,4
212000003,4,9,-5
212000004,3,9,-6
212000005,8,14,-6
212000006,6,18,-12
212000008,26,74,-48
212000009,7,56,-49
212000012,11,33,-22
212000013,2,25,-23
212000014,83,43,40
212000015,30,72,-42
212000016,98,197,-99
212000027,54,47,7
212000028,15,33,-18
212000029,15,22,-7
212000030,1,10,-9
212000031,2,15,-13
212000048,7,14,-7
212000049,10,14,-4
212000050,9,6,3
212000051,59,74,-15
212000052,40,130,-90
212000053,65,202,-137
212000054,17,14,3
212000055,13,42,-29
212000056,0,0,0
212000057,0,0,0
212000058,17,2,15
212000070,25,93,-68
212000077,29,191,-162
212000099,17,54,-37
212000108,18,16,2
212000111,38,14,24
212000120,35,37,-2
212000138,6,6,0
212000156,3,31,-28
212000158,0,2,-2
212000159,14,5,9
212000160,28,27,1
212000161,1,2,-1
212000310,4,4,0
212000311,0,2,-2
212000374,3,4,-1
213000001,10,208,-198
213000005,21,8,13
213000006,99,12,87
213000007,2,1,1
213000009,14,5,9
213000010,15,7,8
213000011,7,7,0
213000012,32,83,-51
213000014,8,1,7
213000015,1,0,1
213000016,7,1,6
213000017,0,0,0
213000018,2,32,-30
213000019,0,38,-38
213000020,28,59,-31
213000021,2,16,-14
213000023,0,1,-1
213000033,30,120,-90
213000034,15,13,2
213000035,8,3,5
213000045,11,106,-95
213000046,11,54,-43
213000047,117,115,2
213000056,4,2,2
213000069,4,0,4
213000073,0,2,-2
213000074,40,146,-106
213000075,11,1,10
213000076,2,0,2
213000085,2,11,-9
213000086,2,78,-76
213000091,0,0,0
213000092,0,0,0
213000099,49,233,-184
213000100,34,2,32
213000101,1,35,-34
213000102,1,136,-135
213000103,37,221,-184
213000104,18,132,-114
213000105,0,20,-20
213000106,4,79,-75
213000107,12,191,-179
213000108,10,110,-100
213000109,0,59,-59
213000110,0,9,-9
213000111,0,7,-7
213000112,24,34,-10
213000115,0,0,0
213000116,34,152,-118
213000117,2,161,-159
213000118,30,89,-59
213000119,8,230,-222
213000120,19,189,-170
213000122,45,201,-156
213000123,195,276,-81
213000124,8,354,-346
213000125,0,4,-4
213000126,11,19,-8
213000127,18,40,-22
213000128,102,67,35
213000129,0,3,-3
213000130,8,2,6
213000132,5,2,3
213000133,5,0,5
213000134,15,3,12
213000136,19,4,15
213000137,68,9,59
213000139,41,2,39
213000147,2,0,2
213000148,1,2,-1
213000149,0,0,0
213000150,0,21,-21
213000151,0,18,-18
213000152,1,14,-13
213000153,0,2,-2
213000154,3,67,-64
213000155,3,64,-61
213000156,21,111,-90
213000157,154,163,-9
213000158,34,85,-51
213000159,26,46,-20
213000163,18,1,17
213000165,15,2,13
213000171,3,53,-50
213000172,1,81,-80
213000173,0,20,-20
213000174,0,2,-2
213000175,7,14,-7
213000176,2,30,-28
213000177,0,0,0
213000178,3,1,2
213000179,9,2,7
213000180,8,20,-12
213000184,15,93,-78
213000188,10,3,7
213000189,13,3,10
213000190,35,134,-99
213000191,22,160,-138
213000192,11,208,-197
213000193,464,47,417
213000194,0,9,-9
213000195,2,151,-149
213000196,21,235,-214
213000197,22,18,4
213000198,2,0,2
213000200,14,243,-229
213000201,10,15,-5
213000202,2,215,-213
213000203,253,27,226
213000204,46,1,45
213000205,13,13,0
213000206,21,2,19
213000207,11,0,11
213000208,1,0,1
213000209,2,0,2
213000210,6,0,6
213000211,0,0,0
213000212,1,12,-11
213000213,1,7,-6
213000218,36,190,-154
213000219,0,0,0
213000220,0,0,0
213000223,22,11,11
213000224,0,4,-4
213000225,3,0,3
213000226,2,1,1
213000227,52,22,30
213000228,4,3,1
213000229,17,1,16
213000230,19,1,18
213000232,11,138,-127
213000233,0,4,-4
213000234,0,11,-11
213000293,1,13,-12
213000294,8,0,8
213000295,1,13,-12
213000296,0,7,-7
213000297,2,15,-13
213000298,6,9,-3
213000299,1,1,0
213000300,1,1,0
213000303,2,9,-7
213000304,0,0,0
213000305,1,0,1
213000306,16,6,10
213000307,5,9,-4
213000308,20,68,-48
213000309,9,5,4
213000310,35,0,35
213000311,22,147,-125
213000315,4,35,-31
213000316,7,7,0
213000322,1,12,-11
213000323,0,3,-3
213000340,26,285,-259
213000341,5,2,3
213000346,5,2,3
213000347,67,3,64
213000348,1,37,-36
213000349,0,4,-4
213000350,36,366,-330
213000366,2,56,-54
213000367,7,1,6
213000379,1,62,-61
213000386,1,46,-45
213000406,18,49,-31
213000417,116,43,73
213000425,6,6,0
213000426,7,10,-3
213000427,5,111,-106
213000428,13,63,-50
213000429,2,0,2
213000430,12,229,-217
213000431,40,0,40
213000432,0,2,-2
213000433,9,58,-49
213000434,18,7,11
213000435,6,14,-8
213000439,5,1,4
213000441,1,0,1
213000443,46,42,4
213000445,0,13,-13
213000446,0,0,0
213000447,0,5,-5
213000448,2,0,2
213000449,39,0,39
213000450,3,10,-7
213000451,1,6,-5
213000452,0,7,-7
213000453,15,64,-49
213000455,13,1,12
213000456,1,7,-6
213000481,3,0,3
213000482,6,0,6
213000489,96,11,85
213000491,1,20,-19
213000492,7,0,7
213000493,0,8,-8
213000494,2,1,1
213000495,0,5,-5
213000496,2,0,2
213000497,4,52,-48
213000498,10,66,-56
213000499,13,144,-131
213000500,18,1,17
213000501,1,2,-1
213000502,2,0,2
213000503,2,11,-9
213000504,0,45,-45
213000505,0,18,-18
213000506,0,0,0
213000507,1,45,-44
213900244,0,0,0
213900245,0,15,-15
218000003,0,4,-4
218000004,3,6,-3
218000005,4,5,-1
218000006,2,24,-22
218000007,0,5,-5
218000012,69,26,43
218000013,18,52,-34
218000014,99,96,3
218000019,211,120,91
218000020,108,112,-4
218000040,1,4,-3
218000046,5,37,-32
218000047,1,68,-67
218000048,4,127,-123
218000049,13,66,-53
218000050,40,128,-88
218000051,5,198,-193
218000052,0,14,-14
218000053,1,3,-2
218000054,0,5,-5
218000055,1,4,-3
218000056,2,10,-8
218000057,1,12,-11
218000064,0,2,-2
218000065,17,9,8
218000066,4,12,-8
218000067,4,38,-34
218000068,13,31,-18
218000069,25,58,-33
218000070,67,76,-9
218000071,52,98,-46
218000072,87,74,13
218000078,111,402,-291
218000079,9,14,-5
218000080,14,18,-4
218000081,36,67,-31
218000082,3,28,-25
218000083,5,17,-12
218000084,39,53,-14
218000085,76,154,-78
218000086,15,81,-66
218000087,38,81,-43
218000090,9,18,-9
218000091,173,85,88
218000092,20,69,-49
218000093,29,56,-27
218000094,118,236,-118
218000099,68,110,-42
218000100,93,94,-1
218000101,86,36,50
218000102,44,91,-47
218000103,3,94,-91
218000104,12,14,-2
218000105,2,4,-2
218000106,6,3,3
218000107,12,32,-20
218000108,0,17,-17
218000112,15,2,13
218000117,3,23,-20
218000134,104,254,-150
218000135,1,49,-48
218000136,27,14,13
218000137,17,43,-26
218000138,0,10,-10
218000139,5,98,-93
218000140,18,45,-27
218000141,15,9,6
218000142,16,32,-16
218000143,4,21,-17
218000144,12,6,6
218000145,30,105,-75
218000146,3,19,-16
218000151,14,6,8
218000152,14,21,-7
218000170,3,10,-7
218000171,23,1,22
218000172,2,0,2
218000173,2,1,1
218000174,1,2,-1
218000176,26,6,20
218000177,112,20,92
218000178,31,25,6
218000179,26,17,9
218000180,27,10,17
218000181,37,8,29
218000187,0,2,-2
218000188,3,9,-6
218000189,4,20,-16
218000190,0,0,0
218000191,21,87,-66
218000192,35,181,-146
218000193,124,173,-49
218000194,24,189,-165
218000195,34,27,7
218000196,75,83,-8
218000197,38,123,-85
218000198,2,53,-51
218000199,22,8,14
218000200,2,10,-8
218000201,4,14,-10
218000202,65,74,-9
218000207,5,4,1
218000208,6,16,-10
218000211,5,8,-3
218000213,21,12,9
218000214,3,0,3
218000215,13,50,-37
218000217,2,23,-21
218000218,71,13,58
218000219,6,4,2
218000220,29,65,-36
218000221,45,43,2
218000222,2,10,-8
218000223,27,36,-9
218000224,3,13,-10
218000225,45,7,38
218000226,12,22,-10
218000232,5,16,-11
218000239,0,0,0
218000240,0,0,0
218000241,0,0,0
218000242,0,0,0
218000243,0,0,0
218000244,0,0,0
218000245,0,0,0
218000246,0,0,0
218000247,0,0,0
218000248,0,10,-10
218000249,0,0,0
218000250,0,3,-3
218000251,0,11,-11
218000252,0,14,-14
218000253,0,0,0
218000254,0,2,-2
218000255,0,0,0
218000256,1,5,-4
218000267,175,310,-135
218000268,1,13,-12
218000269,0,4,-4
218000270,11,36,-25
218000271,16,33,-17
218000273,4,3,1
218000274,1,2,-1
218000275,6,2,4
218000276,3,30,-27
218000278,9,27,-18
218000279,15,37,-22
218000280,0,24,-24
218000281,0,9,-9
218000282,66,18,48
218000284,28,2,26
218000301,3,11,-8
218000302,23,9,14
218000303,22,20,2
218000316,152,316,-164
218000317,132,370,-238
218000318,61,284,-223
218000319,165,510,-345
218000320,173,367,-194
218000338,2,3,-1
218000345,17,19,-2
218000346,3,7,-4
218000459,18,80,-62
218000490,3,6,-3
218000501,18,2,16
218000502,7,40,-33
218000503,12,5,7
218000504,10,3,7
218000505,8,57,-49
218000506,16,46,-30
218000508,0,2,-2
218000510,28,4,24
218000520,7,30,-23
218000521,2,15,-13
218000522,0,48,-48
218000523,5,7,-2
218000524,7,15,-8
218000525,2,2,0
218000526,18,11,7
218000529,2,59,-57
218000531,3,8,-5
218000532,3,9,-6
218000534,4,5,-1
218000537,0,4,-4
218000538,24,16,8
218000540,85,25,60
218000543,18,15,3
218000544,38,55,-17
218000545,6,21,-15
218000546,7,41,-34
218000547,13,21,-8
218000548,20,51,-31
218000549,33,25,8
218000550,59,115,-56
218000551,28,67,-39
218000552,42,10,32
218000553,1,20,-19
218000554,10,8,2
218000555,0,7,-7
218000556,25,113,-88
218000557,50,24,26
218000558,0,0,0
218000559,0,3,-3
218000560,0,4,-4
218000561,0,0,0
218000562,9,38,-29
218000563,11,4,7
218000564,0,16,-16
218000565,6,2,4
218000566,3,5,-2
218000567,1,2,-1
218000568,0,0,0
218000569,0,6,-6
218000570,3,6,-3
218000571,0,10,-10
218000572,0,0,0
218000573,3,6,-3
218000574,0,4,-4
218000575,0,0,0
218000576,0,12,-12
218000577,0,0,0
218000578,0,21,-21
218000585,2,1,1
218000586,0,14,-14
218000587,5,1,4
218000589,0,0,0
218000590,0,0,0
218000591,1,0,1
218000592,0,0,0
218000593,0,0,0
218000594,9,0,9
218000597,0,0,0
218000598,0,0,0
218000599,1,0,1
218000600,0,0,0
218000601,0,0,0
218000602,0,4,-4
218000603,0,0,0
218000604,2,2,0
218000605,0,2,-2
218000606,2,0,2
218000607,2,7,-5
218000608,2,9,-7
218000609,0,13,-13
218000610,3,3,0
218000611,5,1,4
218000612,1,22,-21
218000613,9,5,4
218000614,5,6,-1
218000615,3,1,2
218000616,0,15,-15
218000617,1,0,1
218000618,0,6,-6
218000619,2,0,2
218000620,0,5,-5
218000621,0,0,0
218000622,0,0,0
218000623,0,0,0
218000624,0,0,0
218000625,0,0,0
218000626,0,0,0
218000628,13,5,8
218000631,1,7,-6
218000632,0,12,-12
218000633,0,0,0
218000634,2,6,-4
218000635,2,2,0
218000636,125,400,-275
218000637,110,148,-38
218000638,9,11,-2
218000639,4,79,-75
218000640,10,8,2
218000641,2,88,-86
218000652,22,29,-7
218000653,48,21,27
218000663,1,35,-34
218000675,0,3,-3
218000680,22,166,-144
218000681,10,4,6
218000691,17,156,-139
218000693,0,3,-3
218000718,78,48,30
218000719,8,9,-1
218000720,1,7,-6
218000721,0,0,0
218001147,0,89,-89
218001214,5,2,3
218001258,13,0,13
218001329,1,1,0
218001330,13,23,-10
218001351,0,6,-6
218001352,1,7,-6
218001353,1,3,-2
218001354,0,0,0
218001355,5,74,-69
218001356,19,0,19
218001357,2,57,-55
218001358,33,1,32
218001361,19,0,19
218001362,2,172,-170
219000001,8,40,-32
219000002,28,26,2
219000003,45,10,35
219000004,54,21,33
219000017,18,3,15
219000020,10,2,8
219000022,27,1,26
219000023,30,0,30
219000029,0,36,-36
219000034,6,1,5
219000039,31,14,17
219000040,4,4,0
219000041,13,13,0
219000051,0,28,-28
219000052,0,12,-12
219000053,0,97,-97
219000055,7,0,7
219000056,0,1,-1
219000057,10,1,9
219000062,4,105,-101
219000063,14,6,8
219000064,1,19,-18
219000110,44,11,33
219000111,34,18,16
219000112,35,8,27
219000113,26,12,14
219000114,66,11,55
219000116,23,17,6
219000117,101,42,59
219000118,15,46,-31
219000123,83,30,53
219000124,20,17,3
219000125,7,11,-4
219000126,21,39,-18
219000127,0,3,-3
219000128,16,66,-50
219000129,5,109,-104
219000130,495,376,119
219000131,588,302,286
219000133,8,15,-7
219000134,7,6,1
219000135,25,25,0
219000136,50,83,-33
219000138,12,20,-8
219000139,5,30,-25
219000140,11,0,11
219000141,7,41,-34
219000142,5,24,-19
219000143,5,53,-48
219000145,0,15,-15
219000146,1,29,-28
219000147,1,20,-19
219000148,0,42,-42
219000149,17,87,-70
219000150,0,41,-41
219000151,0,32,-32
219000157,25,34,-9
219000158,34,69,-35
219000161,63,8,55
219000163,584,131,453
219000166,20,68,-48
219000167,21,103,-82
219000168,43,9,34
219000174,69,27,42
219000175,17,2,15
219000176,19,2,17
219000177,5,2,3
219000178,1,1,0
219000179,1,2,-1
219000180,8,12,-4
219000182,8,4,4
219000183,3,9,-6
219000184,11,0,11
219000185,1,71,-70
219000186,4,13,-9
219000187,0,45,-45
219000189,44,65,-21
219000190,34,90,-56
219000191,293,287,6
219000192,82,55,27
219000193,180,124,56
219000195,2,20,-18
219000196,1,54,-53
219000198,3,70,-67
219000199,10,46,-36
219000200,10,53,-43
219000201,39,62,-23
219000203,8,65,-57
219000204,43,89,-46
219000205,9,73,-64
219000207,39,99,-60
219000209,3,28,-25
219000210,22,19,3
219000213,8,86,-78
219000239,29,57,-28
219000240,25,82,-57
219000241,15,59,-44
219000242,11,58,-47
219000243,10,101,-91
219000244,1,37,-36
219000245,2,8,-6
219000246,0,1,-1
219000247,8,12,-4
219000248,89,16,73
219000249,10,5,5
219000250,9,0,9
219000251,55,0,55
219000252,0,0,0
219000253,0,0,0
219000255,3,13,-10
219000256,20,18,2
219000257,0,0,0
219000262,19,136,-117
219000263,12,120,-108
219000267,1,73,-72
219000268,0,7,-7
219000269,1,0,1
219000270,1,0,1
219000271,25,1,24
219000278,0,4,-4
219000279,2,1,1
219000283,0,4,-4
219000295,9,58,-49
219000296,30,196,-166
219000297,13,74,-61
219000298,15,65,-50
219000299,33,10,23
219000300,15,109,-94
219000301,57,85,-28
219000302,6,48,-42
219000307,25,24,1
219000308,21,15,6
219000311,12,7,5
219000312,39,4,35
219000313,18,1,17
219000314,36,146,-110
219000315,9,1,8
219000316,18,0,18
219000317,5,0,5
219000320,0,16,-16
219000321,0,11,-11
219000323,2,37,-35
219000325,0,18,-18
219000326,19,62,-43
219000327,20,16,4
219000328,7,18,-11
219000329,173,46,127
219000330,4,19,-15
219000331,7,20,-13
219000332,8,14,-6
219000333,6,1,5
219000335,4,0,4
219000337,0,0,0
219000338,0,0,0
219000344,10,40,-30
219000345,37,74,-37
219000346,20,67,-47
219000348,43,66,-23
219000349,14,83,-69
219000350,50,34,16
219000351,0,2,-2
219000352,65,10,55
219000353,25,17,8
219000354,36,40,-4
219000355,20,6,14
219000356,410,113,297
219000363,82,19,63
219000364,57,11,46
219000365,38,6,32
219000366,217,45,172
219000368,170,66,104
219000370,293,66,227
219000371,3,7,-4
219000382,3,7,-4
219000383,194,218,-24
219000385,201,155,46
219000386,389,384,5
219000387,0,2,-2
219000390,4,4,0
219000391,0,0,0
219000397,16,26,-10
219000398,46,18,28
219000401,2,24,-22
219000402,2,21,-19
219000403,2,33,-31
219000404,5,18,-13
219000407,3,8,-5
219000409,0,0,0
219000410,0,0,0
219000411,0,0,0
219000446,80,185,-105
219000447,0,6,-6
219000448,0,0,0
219000452,3,8,-5
219000453,14,38,-24
219000454,70,33,37
219000556,25,5,20
219000558,25,106,-81
219000590,7,55,-48
219000591,9,0,9
219000592,29,160,-131
219000595,3,11,-8
219000635,10,1,9
219000636,3,75,-72
219000657,2,2,0
219000658,3,12,-9
219000673,0,9,-9
219000676,0,0,0
219000679,8,5,3
219000684,5,0,5
219000685,0,35,-35
219000686,1,0,1
219000688,0,65,-65
219000689,29,41,-12
219000690,0,0,0
219000691,34,24,10
219000692,0,8,-8
219000693,0,5,-5
219000694,0,0,0
219000695,0,0,0
219000698,0,0,0
219000699,0,1,-1
219000727,1,73,-72
219000728,39,0,39
219000770,0,0,0
219000771,1,15,-14
219000788,130,91,39
219001150,0,3,-3
219001151,0,1,-1
219001166,0,0,0
219001167,2,34,-32
219001178,15,1,14
220000001,0,8,-8
220000002,2,23,-21
220000003,53,66,-13
220000004,101,119,-18
220000005,252,301,-49
220000006,53,260,-207
220000007,96,263,-167
220000008,73,302,-229
220000009,54,122,-68
220000010,37,58,-21
220000011,150,170,-20
220000012,37,45,-8
220000014,42,119,-77
220000015,8,14,-6
220000017,9,66,-57
220000018,815,78,737
220000019,15,41,-26
220000020,37,21,16
220000021,62,38,24
220000022,91,107,-16
220000023,16,43,-27
220000024,220,100,120
220000025,97,92,5
220000026,53,39,14
220000027,3,13,-10
220000028,6,22,-16
220000029,174,125,49
220000030,26,41,-15
220000031,14,62,-48
220000064,0,9,-9
221000046,4,0,4
221000047,0,1,-1
221000048,0,0,0
221000049,0,1,-1
221000050,3,0,3
221000055,20,14,6
221000057,12,2,10
221000068,79,26,53
221000069,86,10,76
221000070,44,9,35
221000071,12,3,9
221000072,81,3,78
221000073,23,14,9
221000074,0,8,-8
221000075,2,4,-2
221000076,6,14,-8
221000077,10,36,-26
221000081,1,0,1
221000082,12,0,12
221000083,4,0,4
221000084,3,0,3
221000085,2,14,-12
221000086,10,52,-42
221000087,0,60,-60
221000088,9,48,-39
221000089,9,75,-66
221000090,59,160,-101
221000098,10,5,5
221000099,35,4,31
221000100,10,2,8
221000101,35,1,34
221000102,18,1,17
221000109,1,46,-45
221000110,1,69,-68
221000111,6,86,-80
221000112,0,60,-60
221000113,4,53,-49
221000114,2,94,-92
221000120,0,1,-1
221000121,1,15,-14
221000122,0,1,-1
221000123,8,9,-1
221000124,3,62,-59
221000155,23,2,21
221000156,2,2,0
221000175,0,2,-2
221000176,0,0,0
221000182,3,0,3
221000241,207,44,163
221000242,136,124,12
221000243,66,36,30
221000244,71,150,-79
221000245,13,14,-1
221000246,8,88,-80
221000247,19,20,-1
221000248,9,80,-71
221000267,10,144,-134
221000325,6,9,-3
221000331,0,12,-12
221000338,1,0,1
221000378,25,2,23
221000381,21,23,-2
222000282,0,0,0
222000296,0,2,-2
222000568,13,0,13
222000569,3,0,3
222000570,6,0,6
222000571,6,1,5
222000577,1,59,-58
222000578,3,40,-37
222000579,6,38,-32
222000580,29,161,-132
222000599,0,51,-51
222000600,0,69,-69
222000601,1,190,-189
222000603,5,4,1
222000604,1,16,-15
222000605,0,5,-5
222000606,0,3,-3
222000607,0,0,0
222000608,1,4,-3
222000609,3,80,-77
222000616,4,0,4
222000617,0,0,0
222000618,0,0,0
222000620,0,0,0
222000621,0,0,0
222000623,0,0,0
222000624,0,0,0
222000625,0,6,-6
222000636,16,0,16
222000686,0,0,0
222000687,0,0,0
222001066,9,0,9
222001067,0,0,0
222001068,0,3,-3
222001069,0,3,-3
222001082,0,10,-10
222001083,0,19,-19
222001084,0,7,-7
222001085,0,40,-40
222001111,2,81,-79
222001112,1,0,1
222001313,0,0,0
222001314,1,18,-17
222001464,2,0,2
222001465,2,44,-42
222001484,0,0,0
222001485,5,16,-11
222001494,25,13,12
222001495,2,116,-114
222001496,12,4,8
222001497,4,132,-128
222001502,2,56,-54
222001503,0,0,0
222001504,6,72,-66
222001505,0,0,0
222001506,7,50,-43
222001507,0,0,0
222001510,0,0,0
222001511,4,114,-110
222001514,0,0,0
222001515,47,197,-150
222001518,0,0,0
222001519,9,147,-138
222001527,0,0,0
222001528,6,57,-51
222001529,0,0,0
222001530,5,78,-73
222001533,27,117,-90
222001534,0,0,0
222001535,9,5,4
222001536,17,104,-87
222001537,0,0,0
222001538,9,186,-177
222001563,0,0,0
222001564,21,271,-250
222001568,10,22,-12
222001576,0,0,0
222001579,0,2,-2
222001583,7,77,-70
222001584,0,1,-1
222001596,52,330,-278
222001597,19,4,15
222001626,0,37,-37
222001650,3,9,-6
222001651,1,14,-13
222001914,0,0,0
222001915,6,63,-57
222001968,23,5,18
222001969,43,151,-108
222001970,3,22,-19
222001971,0,2,-2
222001972,0,3,-3
225000001,16,12,4
225000002,21,7,14
225000003,27,6,21
225000004,16,10,6
225000005,0,2,-2
225000006,0,29,-29
225000007,1116,306,810
225000010,30,1,29
225000011,42,77,-35
225000012,12,27,-15
225000013,14,14,0
225000014,14,3,11
225000015,35,104,-69
225000021,18,3,15
225000027,29,134,-105
225000032,30,2,28
225000042,24,156,-132
225000049,3,14,-11
225000050,17,1,16
225000053,1,30,-29
225000058,29,5,24
225000067,17,111,-94
225000068,22,194,-172
225000069,26,149,-123
225000070,13,133,-120
225000071,7,130,-123
225000075,10,165,-155
225000076,26,27,-1
225000078,3,3,0
225000085,0,0,0
225000086,0,0,0
225000087,0,0,0
225000088,0,26,-26
225000089,87,98,-11
225000090,7,94,-87
225000091,24,72,-48
225000092,4,23,-19
225000093,26,149,-123
225000094,4,158,-154
225000095,34,132,-98
225000096,38,123,-85
225000098,63,15,48
225000099,22,11,11
225000100,16,9,7
225000104,8,166,-158
225000110,1,128,-127
225000111,30,265,-235
225000112,51,298,-247
225000113,19,197,-178
225000114,8,92,-84
225000115,806,105,701
225000116,27,5,22
225000117,37,27,10
225000118,35,19,16
225000119,22,0,22
225000120,8,2,6
225000121,7,2,5
225000123,33,3,30
225000125,23,30,-7
225000126,236,25,211
225000127,278,40,238
225000128,31,24,7
225000132,45,4,41
225000133,29,3,26
225000134,91,24,67
225000135,4,0,4
225000136,25,3,22
225000137,5,5,0
225000138,77,5,72
225000143,17,40,-23
225000144,2,93,-91
225000145,0,0,0
225000146,3,48,-45
225000147,6,129,-123
225000148,1,76,-75
225000149,6,117,-111
225000151,9,81,-72
225000155,32,99,-67
225000156,28,162,-134
225000157,24,74,-50
225000158,11,132,-121
225000171,0,44,-44
225000180,9,0,9
225000181,0,8,-8
225000182,8,6,2
225000185,3,58,-55
225000187,16,88,-72
225000191,0,0,0
225000194,0,6,-6
225000208,0,31,-31
225000209,0,0,0
225000210,2,38,-36
225000217,0,3,-3
225000218,3,0,3
225000223,0,12,-12
225000224,14,0,14
225000225,0,1,-1
225000226,10,0,10
225000227,7,14,-7
225000228,2,0,2
225000229,0,21,-21
225000230,3,0,3
225000231,0,27,-27
225000232,4,0,4
225000241,3,0,3
225000242,2,24,-22
225000249,3,0,3
225000250,7,261,-254
225000251,69,1,68
226000042,24,90,-66
226000043,10,81,-71
226000044,39,215,-176
226000045,16,226,-210
226000046,70,9,61
226000047,25,5,20
226000048,41,10,31
226000049,53,32,21
226000070,0,9,-9
226000071,0,12,-12
226000072,0,4,-4
226000073,0,2,-2
226000074,0,1,-1
226000084,1,5,-4
226000085,1,6,-5
226000086,0,2,-2
226000087,0,0,0
226000088,1,2,-1
226000090,23,3,20
226000091,0,1,-1
226000092,0,0,0
226000093,2,0,2
226000094,4,3,1
226000095,1,1,0
226000105,1,0,1
226000106,2,0,2
226000107,1,0,1
226000108,5,0,5
226000109,20,0,20
226000124,27,12,15
226000134,73,60,13
226000135,82,110,-28
226000136,34,51,-17
226000137,0,61,-61
226000138,2,99,-97
226000139,1,29,-28
226000156,11,0,11
226000157,20,3,17
226000163,48,161,-113
226000202,1,107,-106
226000231,38,0,38
226000232,0,0,0
227000037,17,2,15
227000038,25,4,21
227000049,0,9,-9
227000050,2,13,-11
227000055,2,0,2
227000056,0,1,-1
227000084,0,10,-10
227000085,0,8,-8
227000088,3,0,3
227000089,14,0,14
227000090,6,0,6
227000091,1,0,1
227000093,4,0,4
227000094,11,0,11
227000130,2,34,-32
227000131,4,118,-114
227000132,0,116,-116
227000133,1,176,-175
227000134,3,142,-139
227000152,0,6,-6
227000153,0,20,-20
227000155,1,6,-5
227000156,0,11,-11
227000165,1,14,-13
227000196,8,110,-102
227000199,5,0,5
227000230,10,91,-81
227000232,7,1,6
227000241,47,4,43
227000242,14,209,-195
227000243,127,21,106
227000244,62,17,45
227000245,13,128,-115
227000246,9,201,-192
227000247,78,38,40
227000248,52,15,37
227000249,6,100,-94
227000251,65,164,-99
227000252,5,177,-172
227000253,15,11,4
227000262,87,2,85
227000266,20,1,19
227000267,19,360,-341
227000486,116,56,60
227000655,5,2,3
227000661,1,1,0
227000680,58,1,57
229000265,3,7,-4
229000296,0,3,-3
229000297,0,4,-4
229000298,4,17,-13
229000320,1,0,1
229000321,2,1,1
229000412,0,8,-8
229000414,5,11,-6
229000415,1,0,1
229000416,0,1,-1
229000417,0,0,0
229000419,8,56,-48
229000440,19,11,8
229000442,0,0,0
229000443,0,0,0
229000444,0,5,-5
229000445,2,4,-2
229000446,6,7,-1
229000847,5,0,5
229000848,10,0,10
229000849,44,1,43
229000851,13,0,13
229000854,0,18,-18
229000856,0,62,-62
229000857,0,16,-16
229000858,1,43,-42
229000919,2,48,-46
229000930,1,107,-106
229000937,58,7,51
229000966,13,8,5
229000981,8,15,-7
229000985,0,4,-4
229000986,0,1,-1
229000987,0,0,0
229000988,0,0,0
229000989,0,1,-1
229000990,0,1,-1
229000991,0,0,0
229000992,0,0,0
229000993,20,3,17
229000998,3,2,1
229000999,8,0,8
229001034,0,5,-5
229001035,0,0,0
229001037,9,13,-4
229001042,3,0,3
229001047,0,2,-2
229001050,2,5,-3
229001200,4,0,4
229001338,0,1,-1
229001394,109,3,106
229001422,86,4,82
229001423,11,74,-63
229001431,41,15,26
229001432,6,26,-20
229001444,4,9,-5
229001445,5,56,-51
229001503,91,31,60
229001504,38,80,-42
229001505,71,18,53
229001506,21,87,-66
229001509,4,13,-9
229001545,34,5,29
229001546,0,20,-20
229001553,28,8,20
229001554,3,45,-42
229001559,0,0,0
229001560,0,0,0
229001630,8,2,6
229001631,3,9,-6
229001635,0,0,0
229001636,0,0,0
229001658,1,27,-26
229001659,24,4,20
229001660,1,1,0
229001661,0,0,0
229001662,14,1,13
229001663,0,4,-4
229002584,17,13,4
229002831,13,9,4
229002841,0,4,-4
229002842,0,2,-2
229002843,2,0,2
229002844,1,24,-23
229002845,0,9,-9
229002846,17,0,17
229002847,0,1,-1
229002848,0,0,0
229002849,1,13,-12
229002850,0,1,-1
229002851,0,18,-18
229002852,2,2,0
229002853,25,1,24
229002854,3,3,0
229002855,1,29,-28
229002856,0,1,-1
229002857,0,6,-6
229002858,0,1,-1
229002859,0,2,-2
229002860,0,2,-2
229002861,0,1,-1
229002862,0,7,-7
229002863,0,11,-11
229002864,0,0,0
229002865,0,1,-1
229002866,1,1,0
229002867,0,0,0
229002868,2,0,2
229002869,1,48,-47
229002870,2,2,0
235000066,42,15,27
235000067,12,15,-3
235000072,7,28,-21
235000073,9,62,-53
235000074,7,26,-19
235000080,1,13,-12
235000081,11,43,-32
235000082,20,0,20
235000083,8,7,1
235000084,3,3,0
235000085,12,0,12
235000089,2,14,-12
235000092,4,36,-32
235000093,0,0,0
235000097,1,0,1
235000098,16,7,9
235000099,2,3,-1
235000116,6,3,3
235000117,80,0,80
235000133,0,64,-64
235000134,2,30,-28
235000206,0,0,0
235000207,0,1,-1
235000208,0,0,0
235000209,1,0,1
235000210,2,0,2
235000212,0,1,-1
235000213,0,1,-1
235000220,0,1,-1
235000221,15,5,10
235000238,0,3,-3
235000239,0,0,0
235000242,53,33,20
235000245,308,49,259
235000246,0,28,-28
235000284,2,31,-29
235000295,0,0,0
235000305,0,0,0
235000306,0,0,0
235000307,0,0,0
235000308,0,0,0
235000309,0,0,0
235000310,0,0,0
235000311,0,1,-1
235000322,0,4,-4
235000323,2,20,-18
235000324,0,3,-3
235000325,0,5,-5
235000326,2,61,-59
235000351,0,15,-15
235000352,0,3,-3
235000353,0,3,-3
235000354,1,9,-8
235000355,0,13,-13
235000356,0,0,0
235000357,0,0,0
235000358,0,0,0
235000359,0,0,0
235000360,0,0,0
235000361,0,0,0
235000381,16,107,-91
235000382,11,6,5
235000390,2,1,1
235000391,13,4,9
235000392,22,31,-9
235000393,16,20,-4
235000395,14,5,9
235000396,25,11,14
235000400,15,31,-16
235000401,2,57,-55
235000405,10,168,-158
235000406,6,136,-130
235000407,15,55,-40
235000409,104,72,32
235000410,12,54,-42
235000411,0,29,-29
235000485,0,3,-3
235000486,0,0,0
235000549,7,11,-4
235000550,20,35,-15
235000599,31,19,12
235000600,0,2,-2
235000601,1,2,-1
235000602,6,9,-3
235000614,0,1,-1
235000648,0,5,-5
235000649,0,1,-1
235000685,0,1,-1
235000815,0,4,-4
235000834,0,0,0
235000855,4,3,1
235000862,4,80,-76
235000891,0,3,-3
235000892,2,1,1
235000901,10,47,-37
235000907,0,2,-2
235001010,2,1,1
235001029,69,84,-15
235001030,136,24,112
235001078,15,16,-1
235001079,18,44,-26
235001147,2,9,-7
235001166,2,4,-2
235001167,0,8,-8
235001169,3,94,-91
235001188,0,4,-4
235001189,0,0,0
235001197,1,12,-11
235001200,13,4,9
235001207,38,4,34
235001210,9,95,-86
235001215,2,122,-120
235001239,0,16,-16
235001244,0,0,0
235016267,0,6,-6
277102712,0,0,0
277103813,0,0,0
277104249,0,0,0
277104250,0,1,-1
277104251,0,1,-1
277104252,1,0,1
990011530,0,61,-61
990014944,0,102,-102
990015176,2,2,0
990016032,0,41,-41
990032570,2,2,0
990070001,0,0,0
990070103,0,0,0
990070601,0,4,-4
990070751,14,0,14
990070766,0,203,-203
990071180,1,36,-35
990071343,0,0,0
990071387,0,1,-1
990071823,16,0,16
990072600,0,155,-155
990072964,0,145,-145
990073285,0,1,-1
990074393,0,253,-253
990074870,49,4,45
990075106,11,0,11
990075746,3,0,3
990076437,22,2,20
990076458,0,304,-304
997000007,7,0,7
997000041,0,41,-41
997000058,0,0,0
997000062,0,0,0
997000069,0,1,-1
997000070,0,5,-5
997000100,0,0,0
997000141,0,5,-5
997000198,3,12,-9
998000475,0,7,-7
998000736,0,71,-71
998000965,0,2,-2
998001031,0,13,-13
998001700,0,5,-5
998001899,0,0,0
998001900,6,0,6
998003073,0,0,0
998101900,0,0,0
998102850,0,4,-4
998501927,0,66,-66
998501929,19,0,19
998501930,8,0,8
998501931,12,10,2
998501932,3,0,3
998501933,0,0,0
998501937,0,0,0
998501944,0,0,0
998501950,0,1,-1
998501970,0,2,-2
998501971,0,19,-19
998501973,0,14,-14
998501974,0,48,-48
998501975,6,0,6
998501976,2,2,0
998501977,0,5,-5
998501978,0,2,-2
998501979,0,8,-8
998501980,13,16,-3
998501981,1,0,1
998501982,0,20,-20
998501983,0,0,0
998502006,0,0,0
998502024,0,0,0
998502032,0,0,0
998502062,0,1,-1
998502063,0,0,0
998502173,26,0,26
998502269,0,6,-6
998502546,0,9,-9
998502578,0,0,0
998502599,6,14,-8
998502621,0,0,0
998601159,0,48,-48
998601292,0,3,-3
999033574,0,153,-153
999800001,0,0,0
999800002,0,1,-1
999800003,0,1,-1
999800004,0,2,-2
999800005,0,2,-2
