ID,insum,outsum,diff
100000001,80,153,-73
100000002,24,35,-11
100000003,83,169,-86
100000004,19,8,11
100000005,72,154,-82
100000006,1,1,0
100000007,3,0,3
100000008,0,10,-10
100000009,0,0,0
100000010,0,0,0
100000011,0,0,0
100000012,4,18,-14
100000013,0,10,-10
100000014,6,9,-3
100000015,5,0,5
100000016,15,46,-31
100000017,9,32,-23
100000018,42,15,27
100000019,116,105,11
100000020,4,3,1
100000021,123,46,77
100000022,14,15,-1
100000023,85,12,73
100000025,212,21,191
100000028,134,97,37
100000029,7,19,-12
100000030,0,0,0
100000031,89,104,-15
100000032,135,97,38
100000033,45,94,-49
100000034,141,325,-184
100000035,29,27,2
100000036,51,38,13
100000037,0,0,0
100000038,0,0,0
100000039,0,0,0
100000040,0,0,0
100000041,0,0,0
100000042,0,0,0
100000043,0,0,0
100000044,2,22,-20
100000045,62,42,20
100000046,5,45,-40
100000047,31,60,-29
100000048,21,98,-77
100000049,83,194,-111
100000051,15,76,-61
100000053,1,0,1
100000054,0,0,0
100000055,39,39,0
100000056,0,0,0
100000057,0,0,0
100000058,36,79,-43
100000059,0,4,-4
100000060,8,13,-5
100000061,23,21,2
100000062,38,30,8
100000063,9,11,-2
100000064,15,18,-3
100000065,22,69,-47
100000066,10,46,-36
100000067,34,35,-1
100000068,22,52,-30
100000069,21,65,-44
100000072,12,16,-4
100000073,49,158,-109
100000075,24,32,-8
100000076,25,40,-15
100000077,0,0,0
100000078,0,0,0
100000079,0,0,0
100000080,0,0,0
100000081,0,0,0
100000102,7,58,-51
100000103,74,55,19
100000104,110,66,44
100000105,98,16,82
100000106,5,19,-14
100000107,2,7,-5
100000108,58,133,-75
100000109,329,291,38
100000116,101,34,67
100000117,0,0,0
100000118,241,691,-450
100000119,26,215,-189
100000121,0,0,0
100000122,13,57,-44
100000123,217,231,-14
100000124,806,427,379
100000125,107,1,106
100000126,18,8,10
100000127,33,4,29
100000128,49,58,-9
100000129,15,62,-47
100000130,0,0,0
100000131,238,179,59
100000132,47,30,17
100000133,736,568,168
100000135,0,0,0
100000139,2,113,-111
100000140,23,89,-66
100000142,0,0,0
100000143,143,173,-30
100000144,265,153,112
100000147,32,96,-64
100000150,0,19,-19
100000151,0,0,0
100000153,0,0,0
100000154,0,0,0
100000155,0,0,0
100000156,0,0,0
100000157,0,0,0
100000158,0,0,0
100000159,12,10,2
100000165,154,38,116
100000169,0,0,0
100000174,5,22,-17
100000179,0,0,0
100000180,0,0,0
100000181,3,4,-1
100000188,0,0,0
100000189,0,0,0
100000190,114,48,66
100000191,15,20,-5
100000192,0,0,0
100000193,0,0,0
100000330,31,22,9
100000355,11,22,-11
100000362,318,261,57
100000363,48,72,-24
100000364,7,51,-44
100000365,873,879,-6
100000366,964,480,484
100000367,485,728,-243
100000368,277,247,30
100000369,0,0,0
100000370,3,2,1
100000376,0,3,-3
100000379,57,43,14
100000380,221,293,-72
100000384,1119,377,742
100000385,331,290,41
100000386,432,392,40
100000387,512,266,246
100000388,982,827,155
100000389,999,581,418
100000390,1219,769,450
100000391,771,259,512
100000392,465,265,200
100000393,128,102,26
100000394,876,632,244
100000395,394,199,195
100000396,335,342,-7
100000397,403,161,242
100000398,2376,2036,340
100000413,0,0,0
100000414,22,6,16
100900002,0,0,0
100900003,0,0,0
100900004,1,35,-34
100900005,0,0,0
100900006,0,0,0
100900007,0,0,0
100900008,0,28,-28
100900009,0,0,0
100900010,0,0,0
100900011,0,0,0
100900012,0,8,-8
100900013,0,0,0
100900014,0,0,0
100900015,0,0,0
100900016,0,0,0
100900017,0,0,0
100900018,0,0,0
100900019,0,0,0
100900020,0,0,0
100900021,0,0,0
100900022,0,0,0
100900023,0,0,0
100900024,0,0,0
100900025,0,0,0
100900026,0,0,0
100900027,0,0,0
100900028,0,0,0
100900029,0,0,0
100900030,0,0,0
100900031,0,0,0
100900032,0,0,0
100900033,0,0,0
100900034,0,0,0
100900035,0,0,0
100900036,0,0,0
100900037,0,0,0
100900038,0,0,0
100900039,8,15,-7
100900040,0,26,-26
100900041,0,26,-26
100900042,0,0,0
100900043,0,0,0
100900044,0,0,0
100900045,0,0,0
100900046,0,0,0
100900047,0,0,0
100900048,0,0,0
100900049,0,0,0
100900050,0,0,0
100900051,0,0,0
100900052,0,0,0
100900053,0,0,0
100900054,0,0,0
100900055,0,0,0
100900056,0,0,0
100900057,0,0,0
100900058,0,0,0
100900059,0,0,0
100900060,0,0,0
100900061,0,0,0
100900062,0,0,0
100900063,0,0,0
100900064,0,0,0
100900065,0,0,0
100900066,0,0,0
100900067,0,0,0
100900068,0,0,0
100900069,0,0,0
100900070,0,0,0
100900071,0,0,0
100900072,0,0,0
100900073,0,0,0
100900074,0,0,0
100900075,30,3,27
100900076,0,0,0
100900077,0,0,0
100900078,0,0,0
100900079,0,0,0
100900080,0,0,0
100900081,0,0,0
100900082,0,0,0
100900083,0,0,0
100900085,0,0,0
100900086,0,0,0
100900088,0,0,0
100900089,0,0,0
100900090,0,0,0
100900091,0,0,0
100900092,0,0,0
100900093,0,0,0
100900094,0,0,0
100900095,0,0,0
100900096,0,0,0
100900097,0,0,0
100900098,0,0,0
100900099,0,3,-3
100900100,0,0,0
100900101,0,0,0
100900102,0,0,0
100900103,0,0,0
100900104,0,0,0
100900105,0,0,0
100900106,0,0,0
100900107,0,0,0
100900108,0,0,0
100900109,0,0,0
100900110,0,0,0
100900111,0,0,0
100900112,0,0,0
100900113,0,0,0
100900114,0,0,0
100900115,0,0,0
100900116,0,0,0
100900117,0,0,0
100900118,0,0,0
100900119,0,0,0
100900120,0,0,0
100900121,0,0,0
100900122,2,1,1
100900123,0,0,0
100900124,0,0,0
100900125,0,0,0
100900126,0,0,0
100900127,0,0,0
100900128,1,2,-1
100900129,0,0,0
100900131,0,0,0
100900133,0,0,0
100900134,0,0,0
100900135,0,0,0
100900137,0,0,0
100900138,0,0,0
100900139,0,0,0
100900140,0,14,-14
100900141,0,0,0
100900142,0,0,0
100900143,0,0,0
100900144,0,0,0
100900145,0,0,0
100900147,0,0,0
100900148,1,26,-25
100900149,0,0,0
100900151,3,20,-17
100900152,0,0,0
100900153,0,0,0
100900154,0,0,0
100900155,0,0,0
100900156,0,0,0
100900157,0,0,0
100900159,0,0,0
100900160,0,0,0
100900161,0,0,0
100900162,0,0,0
100900163,0,8,-8
100900164,0,0,0
100900165,0,0,0
100900166,0,0,0
100900167,0,0,0
100900168,0,0,0
100900169,6,67,-61
100900170,0,0,0
100900171,1,21,-20
100900172,0,0,0
100900173,0,16,-16
100900174,0,0,0
100900176,0,0,0
100900177,0,0,0
100900178,0,0,0
100900179,0,0,0
100900180,0,0,0
100900181,0,0,0
100900182,0,0,0
100900184,0,0,0
100900186,0,0,0
100900187,0,0,0
100900188,0,0,0
100900189,0,0,0
100900191,0,0,0
100900192,0,0,0
100900195,0,0,0
100900197,0,0,0
100900198,0,0,0
100900199,0,0,0
100900200,9,3,6
100900201,0,32,-32
100900202,0,0,0
100900203,0,0,0
100900204,0,0,0
100900205,0,0,0
100900206,0,0,0
100900207,0,0,0
100900210,1,17,-16
100900211,0,0,0
100900213,0,0,0
100900214,29,3,26
100900215,0,0,0
100900217,0,0,0
101000001,140,45,95
101000002,295,201,94
101000003,36,25,11
101000004,1767,181,1586
101000005,411,112,299
101000006,665,335,330
101000007,843,376,467
101000009,34,98,-64
101000010,18,32,-14
101000011,118,10,108
101000012,0,0,0
101000013,50,16,34
101000014,13,2,11
101000015,67,48,19
101000016,1,1,0
101000017,31,28,3
101000018,232,214,18
101000020,215,47,168
101000021,18,3,15
101000022,67,29,38
101000023,181,115,66
101000025,0,0,0
101000026,8,1,7
101000027,220,43,177
101000028,99,24,75
101000029,2,44,-42
101000030,59,4,55
101000031,8,3,5
101000032,191,182,9
101000033,249,176,73
101000034,215,158,57
101000035,49,4,45
101000036,101,46,55
101000037,202,31,171
101000039,77,84,-7
101000040,240,101,139
101000041,133,101,32
101000042,2,46,-44
101000043,294,161,133
101000045,42,25,17
101000046,208,53,155
101000047,15,19,-4
101000048,18,10,8
101000049,32,41,-9
101000050,9,18,-9
101000051,79,62,17
101000052,138,40,98
101000053,21,10,11
101000054,42,6,36
101000055,133,20,113
101000056,3,2,1
101000057,296,71,225
101000058,93,17,76
101000059,35,19,16
101000060,113,36,77
101000061,3,6,-3
101000062,116,43,73
101000063,2,3,-1
101000064,157,78,79
101000065,15,4,11
101000066,2,15,-13
101000067,76,94,-18
101000068,15,6,9
101000069,35,8,27
101000070,148,278,-130
101000071,222,83,139
101000072,86,84,2
101000073,9,14,-5
101000074,578,239,339
101000075,1255,449,806
101000077,174,142,32
101000078,77,37,40
101000079,61,87,-26
101000080,309,234,75
101000081,79,45,34
101000082,154,64,90
101000083,60,34,26
101000084,99,56,43
101000085,17,2,15
101000086,192,99,93
101000087,119,112,7
101000088,10,1,9
101000089,10,8,2
101000090,232,112,120
101000091,12,20,-8
101000092,97,30,67
101000093,60,14,46
101000094,81,168,-87
101000095,20,90,-70
101000096,6,16,-10
101000097,20,49,-29
101000098,13,10,3
101000099,74,86,-12
101000100,62,78,-16
101000101,4,11,-7
101000102,77,26,51
101000103,20,9,11
101000104,11,31,-20
101000105,0,0,0
101000106,12,16,-4
101000107,2,10,-8
101000108,0,0,0
101000109,9,0,9
101000110,0,0,0
101000111,1,23,-22
101000113,0,0,0
101000114,521,135,386
101000115,0,0,0
101000116,0,0,0
101000117,0,0,0
101000119,11,2,9
101000120,19,4,15
101000121,21,1,20
101000122,4,2,2
101000123,3,6,-3
101000124,105,115,-10
101000125,9,47,-38
101000128,18,36,-18
101000130,105,32,73
101000131,15,10,5
101000132,40,99,-59
101000135,5,2,3
101000136,55,61,-6
101000137,5,4,1
101000141,43,65,-22
101000147,68,50,18
101000148,48,0,48
101000149,0,0,0
101000150,0,2,-2
101000151,0,1,-1
101000152,7,11,-4
101000153,21,6,15
101000154,0,21,-21
101000155,11,15,-4
101000156,10,33,-23
101000157,0,0,0
101000160,0,0,0
101000163,0,0,0
101000164,8,35,-27
101000165,32,14,18
101000166,4,4,0
101000168,14,24,-10
101000252,55,57,-2
101000254,136,9,127
101000258,0,0,0
101000261,0,0,0
101000262,8,78,-70
101000263,3,7,-4
101000265,1,73,-72
101000266,18,12,6
101000269,76,20,56
101000290,87,1,86
101000293,0,0,0
101000294,85,46,39
101000295,7,14,-7
101000301,50,15,35
101000304,310,406,-96
101000305,193,153,40
101000328,2,19,-17
101900001,0,0,0
101900002,0,0,0
101900003,2,0,2
101900004,0,0,0
101900005,56,10,46
101900006,9,28,-19
101900007,0,0,0
101900008,0,0,0
101900009,0,0,0
101900010,0,0,0
101900011,0,0,0
101900012,0,0,0
101900013,30,0,30
101900017,0,0,0
101900018,0,0,0
101900019,0,0,0
101900020,0,0,0
101900021,0,0,0
101900022,0,0,0
101900023,0,0,0
101900026,0,0,0
101900027,0,0,0
102000001,162,199,-37
102000002,53,45,8
102000003,745,291,454
102000004,388,62,326
102000005,252,156,96
102000006,137,72,65
102000007,238,247,-9
102000008,246,104,142
102000009,413,507,-94
102000010,312,278,34
102000011,306,271,35
102000012,200,165,35
102000018,30,15,15
102000019,1,10,-9
102000026,0,0,0
102000029,0,0,0
102000030,4,5,-1
102000031,0,0,0
102000032,0,3,-3
102000033,0,1,-1
102000034,4,2,2
102000035,0,0,0
102000036,0,0,0
102000037,3,1,2
102000038,1,0,1
102000039,0,0,0
102000040,6,0,6
102000041,0,0,0
102000042,0,0,0
102000043,2,2,0
102000044,0,0,0
102000045,6,22,-16
102000046,35,4,31
102000047,10,15,-5
102000048,4,9,-5
102000049,9,5,4
102000050,11,39,-28
102000051,6,4,2
102000052,28,30,-2
102000053,3,15,-12
102000054,18,49,-31
102000055,34,65,-31
102000056,13,36,-23
102000057,32,6,26
102000058,27,48,-21
102000059,56,84,-28
102000060,15,6,9
102000061,66,173,-107
102000062,15,17,-2
102000063,71,99,-28
102000064,35,58,-23
102000065,5,5,0
102000066,143,37,106
102000067,101,128,-27
102000068,290,132,158
102000069,0,0,0
102000070,56,11,45
102000071,554,497,57
102000072,393,683,-290
102000073,3,56,-53
102000074,6,65,-59
102000075,3,23,-20
102000076,1,46,-45
102000077,14,128,-114
102000078,25,138,-113
102000079,2,20,-18
102000080,7,24,-17
102000081,5,68,-63
102000082,30,24,6
102000083,20,42,-22
102000084,0,0,0
102000085,48,36,12
102000086,25,4,21
102000087,33,89,-56
102000088,11,1,10
102000089,0,0,0
102000090,34,68,-34
102000091,67,38,29
102000092,57,27,30
102000093,10,44,-34
102000094,0,0,0
102000095,31,78,-47
102000096,0,0,0
102000097,68,52,16
102000098,1,1,0
102000099,15,12,3
102000100,2,2,0
102000101,19,15,4
102000102,6,5,1
102000103,33,16,17
102000104,15,3,12
102000105,1,10,-9
102000106,4,6,-2
102000107,0,0,0
102000108,8,2,6
102000109,0,0,0
102000110,0,0,0
102000111,0,0,0
102000112,2,0,2
102000113,0,0,0
102000114,0,0,0
102000115,5,2,3
102000116,2,7,-5
102000117,3,49,-46
102000118,4,21,-17
102000119,247,17,230
102000120,2,3,-1
102000121,11,22,-11
102000122,6,2,4
102000123,30,21,9
102000124,18,4,14
102000125,43,15,28
102000126,8,2,6
102000127,69,11,58
102000128,19,13,6
102000129,10,20,-10
102000130,8,5,3
102000131,5,11,-6
102000132,7,5,2
102000133,60,85,-25
102000134,12,13,-1
102000135,0,0,0
102000136,1,4,-3
102000137,13,5,8
102000138,0,0,0
102000139,0,0,0
102000140,1,10,-9
102000141,0,4,-4
102000142,0,12,-12
102000143,1,6,-5
102000144,1,6,-5
102000145,0,11,-11
102000146,0,0,0
102000147,4,5,-1
102000148,0,0,0
102000149,0,2,-2
102000150,1,0,1
102000151,0,0,0
102000152,0,0,0
102000153,0,0,0
102000154,1,11,-10
102000155,4,8,-4
102000156,9,3,6
102000157,1,2,-1
102000158,6,2,4
102000159,25,0,25
102000161,200,80,120
102000162,24,11,13
102000163,0,0,0
102000164,0,0,0
102000165,52,24,28
102000166,3,23,-20
102000167,20,53,-33
102000168,9,18,-9
102000169,17,33,-16
102000170,105,32,73
102000171,4,6,-2
102000172,4,21,-17
102000173,18,9,9
102000174,0,2,-2
102000175,0,0,0
102000176,0,0,0
102000178,9,25,-16
102000179,4,8,-4
102000180,10,26,-16
102000181,3,35,-32
102000182,89,49,40
102000183,17,74,-57
102000184,35,60,-25
102000185,27,39,-12
102000186,57,179,-122
102000187,56,159,-103
102000188,5,36,-31
102000189,197,67,130
102000190,7,16,-9
102000191,55,4,51
102000192,80,86,-6
102000193,0,0,0
102000194,0,0,0
102000195,5,19,-14
102000196,0,0,0
102000197,3,11,-8
102000198,0,0,0
102000199,5,4,1
102000200,0,0,0
102000201,5,9,-4
102000202,0,0,0
102000203,4,26,-22
102000204,0,0,0
102000205,3,0,3
102000206,32,24,8
102000207,1,0,1
102000208,7,21,-14
102000209,9,2,7
102000210,0,27,-27
102000211,5,15,-10
102000212,0,0,0
102000213,0,6,-6
102000214,0,0,0
102000215,0,39,-39
102000216,0,0,0
102000217,0,21,-21
102000218,0,0,0
102000219,8,17,-9
102000225,0,0,0
102000226,0,0,0
102000227,0,0,0
102000228,0,1,-1
102000229,3,1,2
102000230,2,11,-9
102000231,11,4,7
102000232,0,0,0
102000233,2,3,-1
102000234,0,0,0
102000236,1,1,0
102000237,2,0,2
102000238,1,0,1
102000240,66,93,-27
102000241,4,3,1
102000243,0,0,0
102000245,1,7,-6
102000246,0,0,0
102000247,34,49,-15
102000248,32,43,-11
102000249,2,14,-12
102000250,0,32,-32
102000254,0,0,0
102000266,0,0,0
102000271,0,0,0
102000286,0,0,0
102000297,3,4,-1
102000307,0,4,-4
102000316,0,0,0
102900001,0,0,0
102900002,0,0,0
102900003,0,5,-5
102900005,0,0,0
102900006,0,0,0
102900007,0,0,0
102900008,0,0,0
102900009,0,0,0
102900010,0,0,0
102900011,0,0,0
102900012,0,0,0
102900013,0,0,0
102900015,0,0,0
102900016,0,0,0
102900017,0,0,0
102900018,0,0,0
102900019,0,0,0
102900020,0,0,0
102900021,0,0,0
102900022,2,6,-4
102900023,0,0,0
102900024,0,0,0
102900025,0,0,0
102900026,0,0,0
102900027,0,0,0
102900028,0,0,0
102900029,0,2,-2
102900030,0,0,0
102900031,0,0,0
102900032,0,1,-1
102900033,0,0,0
102900034,0,0,0
102900035,0,13,-13
102900036,0,0,0
102900037,0,0,0
102900038,0,0,0
102900039,0,0,0
102900040,0,0,0
102900041,0,0,0
102900042,0,0,0
102900043,0,0,0
102900044,0,0,0
102900045,0,0,0
102900046,0,0,0
102900047,0,0,0
102900048,0,0,0
102900049,0,0,0
102900050,0,0,0
102900051,0,0,0
102900053,0,0,0
102900054,0,0,0
102900055,0,0,0
102900056,0,0,0
102900057,0,0,0
102900058,0,0,0
102900059,0,0,0
102900060,0,0,0
102900061,0,0,0
102900062,0,0,0
102900063,0,0,0
102900064,0,0,0
102900065,0,0,0
102900066,0,0,0
102900068,0,0,0
102900070,1,19,-18
102900072,6,1,5
102900073,2,0,2
102900075,0,0,0
102900076,0,0,0
102900077,0,0,0
102900078,0,0,0
102900079,0,0,0
102900080,0,0,0
102900081,0,0,0
102900082,0,0,0
102900083,0,0,0
102900084,0,0,0
102900085,0,0,0
102900086,0,0,0
102900087,0,0,0
102900088,0,0,0
102900089,0,0,0
102900090,0,14,-14
102900091,0,0,0
102900092,2,20,-18
102900094,0,0,0
102900095,0,0,0
102900096,1,2,-1
102900097,0,5,-5
103000001,248,296,-48
103000002,137,172,-35
103000003,298,241,57
103000004,38,55,-17
103000005,51,65,-14
103000006,24,53,-29
103000007,37,23,14
103000008,37,72,-35
103000009,0,1,-1
103000010,9,6,3
103000011,116,70,46
103000012,68,38,30
103000013,583,167,416
103000014,24,13,11
103000015,175,78,97
103000016,21,4,17
103000017,0,0,0
103000018,1,0,1
103000019,0,0,0
103000020,68,138,-70
103000021,3,8,-5
103000022,75,104,-29
103000023,2,15,-13
103000024,0,0,0
103000025,0,0,0
103000026,2,0,2
103000027,0,0,0
103000028,0,0,0
103000029,4,0,4
103000030,204,50,154
103000031,46,36,10
103000032,166,104,62
103000033,18,13,5
103000034,254,93,161
103000035,71,64,7
103000036,16,7,9
103000037,58,52,6
103000038,23,34,-11
103000039,8,23,-15
103000040,1,10,-9
103000041,202,235,-33
103000042,70,37,33
103000043,3,9,-6
103000044,3,1,2
103000046,29,8,21
103000047,1,0,1
103000048,6,2,4
103000049,0,1,-1
103000050,4,3,1
103000051,0,4,-4
103000052,0,1,-1
103000053,0,2,-2
103000054,94,43,51
103000055,15,7,8
103000056,13,39,-26
103000057,15,17,-2
103000058,25,52,-27
103000059,20,8,12
103000060,70,46,24
103000061,9,4,5
103000062,68,79,-11
103000063,11,18,-7
103000064,18,27,-9
103000065,0,0,0
103000066,1,0,1
103000069,0,0,0
103000070,30,69,-39
103000071,19,8,11
103000072,9,54,-45
103000073,0,0,0
103000074,0,0,0
103000075,20,70,-50
103000076,0,0,0
103000077,2,19,-17
103000078,0,0,0
103000079,49,16,33
103000080,0,0,0
103000081,21,35,-14
103000082,0,0,0
103000083,5,18,-13
103000084,0,0,0
103000085,0,3,-3
103000086,11,4,7
103000087,14,34,-20
103000088,47,29,18
103000089,10,14,-4
103000090,130,98,32
103000091,39,48,-9
103000092,0,0,0
103000093,18,52,-34
103000094,0,0,0
103000095,1,25,-24
103000096,0,0,0
103000097,1,26,-25
103000098,0,0,0
103000099,2,25,-23
103000100,2,77,-75
103000101,0,0,0
103000102,15,82,-67
103000103,0,4,-4
103000104,0,19,-19
103000105,0,8,-8
103000106,0,17,-17
103000107,2,5,-3
103000108,20,25,-5
103000109,19,21,-2
103000110,96,46,50
103000111,43,26,17
103000112,5,8,-3
103000113,24,43,-19
103000114,16,8,8
103000115,8,12,-4
103000116,5,15,-10
103000117,0,7,-7
103000118,44,88,-44
103000119,142,70,72
103000120,5,10,-5
103000121,30,40,-10
103000122,3,6,-3
103000125,0,0,0
103000126,0,0,0
103000127,0,0,0
103000128,0,0,0
103000129,0,0,0
103000130,0,0,0
103000131,0,0,0
103000132,0,0,0
103000133,0,0,0
103000134,37,38,-1
103000135,13,15,-2
103000136,68,58,10
103000137,52,40,12
103000138,88,21,67
103000139,0,3,-3
103000140,0,0,0
103000141,2,10,-8
103000142,0,0,0
103000143,0,15,-15
103000144,0,0,0
103000145,0,0,0
103000150,4,2,2
103000152,32,18,14
103000153,5,8,-3
103000156,0,0,0
103000157,0,0,0
103000159,0,0,0
103000162,0,0,0
103000163,0,0,0
103000164,0,0,0
103000165,0,0,0
103000166,0,0,0
103000167,0,4,-4
103000168,5,6,-1
103000169,0,0,0
103000170,15,7,8
103000171,0,0,0
103000172,0,0,0
103000173,12,54,-42
103000174,0,0,0
103000175,43,96,-53
103000176,0,0,0
103000177,24,51,-27
103000178,53,61,-8
103000179,3,0,3
103000183,0,7,-7
103000185,0,2,-2
103000186,0,0,0
103000187,14,48,-34
103000188,0,9,-9
103000189,112,139,-27
103000191,0,0,0
103000292,150,1,149
103000293,0,0,0
103000295,0,0,0
103000296,0,0,0
103000297,0,0,0
103000504,0,0,0
103000505,0,0,0
103000506,0,0,0
103000507,2,0,2
103000508,2,2,0
103000509,15,46,-31
103000514,0,0,0
103900001,0,0,0
103900002,0,0,0
103900003,0,0,0
103900004,0,0,0
103900005,0,0,0
103900006,0,0,0
103900007,0,0,0
103900008,0,0,0
103900009,0,15,-15
103900010,1,9,-8
103900011,0,11,-11
103900012,0,0,0
103900013,0,4,-4
103900014,0,0,0
103900015,0,0,0
103900016,5,9,-4
103900017,1,5,-4
103900018,19,3,16
103900019,0,0,0
103900020,0,0,0
103900021,0,0,0
103900022,0,8,-8
103900023,0,0,0
103900024,0,0,0
103900025,0,0,0
103900026,0,0,0
103900027,0,0,0
103900028,0,17,-17
103900029,1,4,-3
103900030,0,0,0
103900031,0,0,0
103900032,0,0,0
103900033,0,0,0
103900034,2,7,-5
103900035,0,1,-1
103900036,0,0,0
103900037,0,0,0
103900038,0,0,0
103900039,0,38,-38
103900040,0,1,-1
103900041,0,0,0
103900042,1,12,-11
103900043,0,0,0
103900044,0,0,0
103900045,0,0,0
103900047,0,1,-1
103900048,0,0,0
103900049,0,0,0
103900050,0,19,-19
103900051,0,6,-6
103900052,0,13,-13
103900053,0,8,-8
103900054,0,0,0
103900055,2,0,2
103900056,0,3,-3
103900057,0,0,0
103900058,0,17,-17
103900059,0,0,0
103900060,0,0,0
103900061,0,0,0
103900062,1,0,1
103900063,0,0,0
103900064,0,0,0
103900065,27,14,13
103900066,0,0,0
103900067,0,0,0
103900068,0,0,0
103900069,0,0,0
103900070,0,0,0
103900071,3,9,-6
103900072,0,10,-10
103900073,0,0,0
103900074,0,0,0
103900075,0,0,0
103900076,2,13,-11
103900077,0,0,0
103900078,0,0,0
103900079,0,0,0
103900080,0,0,0
103900081,0,0,0
103900082,0,0,0
103900083,0,0,0
103900084,0,0,0
103900085,0,0,0
103900086,0,0,0
103900088,0,0,0
103900089,0,0,0
103900090,0,0,0
103900091,0,0,0
103900092,0,3,-3
103900093,0,0,0
103900094,0,0,0
103900095,0,2,-2
103900096,0,0,0
103900097,0,0,0
103900098,1,0,1
103900099,0,0,0
103900100,1,7,-6
103900101,0,0,0
103900102,0,0,0
103900104,0,0,0
103900105,0,3,-3
103900106,0,0,0
103900107,0,0,0
103900108,5,24,-19
103900109,0,0,0
103900110,0,1,-1
103900111,0,12,-12
103900112,0,0,0
103900113,0,2,-2
103900114,5,6,-1
103900115,4,0,4
103900116,40,4,36
103900117,8,5,3
103900119,0,0,0
103900120,0,0,0
103900122,0,13,-13
103900123,8,11,-3
103900124,1,20,-19
103900125,1,6,-5
103900126,0,0,0
103900127,0,15,-15
103900128,1,0,1
103900131,0,4,-4
103900133,0,0,0
103900134,0,0,0
103900135,0,0,0
103900137,0,0,0
103900138,0,0,0
103900139,0,12,-12
103900140,0,0,0
103900141,0,0,0
103900142,0,0,0
103900143,0,0,0
103900144,0,0,0
103900145,0,0,0
103900146,0,0,0
103900147,1,4,-3
103900148,1,7,-6
103900149,0,0,0
103900150,0,7,-7
103900151,0,0,0
103900152,0,0,0
103900153,0,0,0
103900154,4,0,4
103900155,0,0,0
103900156,0,0,0
103900157,0,0,0
103900158,0,0,0
103900159,0,0,0
103900160,0,0,0
103900161,0,0,0
103900162,8,8,0
103900163,0,0,0
103900167,0,0,0
103900168,0,0,0
103900169,0,0,0
103900170,0,0,0
103900171,0,0,0
103900172,0,0,0
103900173,0,0,0
103900174,0,0,0
103900175,0,0,0
103900176,0,0,0
103900177,0,0,0
103900178,0,0,0
103900179,0,0,0
103900180,0,0,0
103900181,0,0,0
103900182,0,0,0
103900184,0,0,0
103900185,0,0,0
103900187,1,0,1
103900188,0,0,0
103900189,2,0,2
103900190,0,0,0
103900191,0,0,0
103900192,0,0,0
103900193,0,0,0
103900194,0,0,0
103900195,0,0,0
103900196,0,0,0
103900197,0,0,0
103900198,0,0,0
103900199,0,0,0
103900200,0,0,0
103900201,0,0,0
103900202,0,0,0
103900203,0,1,-1
103900204,0,0,0
103900207,0,1,-1
103900208,0,0,0
103900209,0,0,0
103900210,0,0,0
103900211,3,0,3
103900212,3,22,-19
103900213,31,78,-47
103900214,53,6,47
103900215,202,96,106
103900216,0,2,-2
103900217,0,0,0
103900218,0,0,0
103900219,0,0,0
103900233,0,0,0
103900235,0,0,0
103900236,0,0,0
103900242,0,0,0
103900243,0,0,0
103900244,0,0,0
103900245,0,0,0
103900246,0,1,-1
103900247,0,0,0
103900248,0,0,0
103900249,0,0,0
103900250,0,0,0
103900251,0,0,0
103900253,0,0,0
103900254,0,0,0
103900255,0,0,0
103900256,0,0,0
103900257,0,0,0
103900258,0,0,0
103900259,0,0,0
103900261,0,0,0
103900262,0,0,0
103900263,0,0,0
103900264,0,0,0
103900265,0,0,0
103900266,0,0,0
103900267,0,3,-3
103900268,0,3,-3
103900269,1,0,1
103900270,0,0,0
103900271,0,1,-1
103900272,0,0,0
103900273,0,0,0
103900274,0,0,0
103900275,0,0,0
103900276,0,0,0
103900277,0,0,0
103900278,0,0,0
103900279,0,0,0
103900280,0,0,0
103900281,0,0,0
103900282,0,0,0
103900283,0,0,0
103900284,0,0,0
103900285,0,0,0
103900286,0,0,0
103900287,0,0,0
103900288,0,0,0
103900289,0,0,0
103900290,0,0,0
103900291,0,0,0
103900292,0,0,0
103900293,0,0,0
103900294,0,0,0
104000001,242,332,-90
104000002,227,322,-95
104000003,220,502,-282
104000004,905,299,606
104000005,81,205,-124
104000006,230,395,-165
104000007,440,469,-29
104000008,333,195,138
104000009,14,40,-26
104000010,0,0,0
104000011,122,127,-5
104000012,8,77,-69
104000013,0,0,0
104000014,22,143,-121
104000015,0,0,0
104000016,31,85,-54
104000018,9,1,8
104000019,53,4,49
104000020,0,1,-1
104000021,8,4,4
104000022,4,1,3
104000023,32,21,11
104000024,11,7,4
104000026,0,1,-1
104000027,32,110,-78
104000028,35,34,1
104000029,82,143,-61
104000030,4,38,-34
104000031,1,2,-1
104000032,10,84,-74
104000033,6,0,6
104000034,16,86,-70
104000035,0,3,-3
104000036,3,3,0
104000037,29,63,-34
104000038,20,10,10
104000039,1,4,-3
104000040,11,2,9
104000041,20,17,3
104000042,8,15,-7
104000043,14,12,2
104000044,22,42,-20
104000045,13,53,-40
104000046,41,64,-23
104000047,3,8,-5
104000048,19,15,4
104000049,3,2,1
104000050,2,9,-7
104000051,21,74,-53
104000052,74,164,-90
104000053,64,74,-10
104000054,5,11,-6
104000055,213,176,37
104000056,39,43,-4
104000057,31,82,-51
104000058,84,92,-8
104000059,13,118,-105
104000060,34,92,-58
104000061,30,60,-30
104000062,2,4,-2
104000064,18,4,14
104000065,0,3,-3
104000069,43,17,26
104000070,0,1,-1
104000071,19,65,-46
104000072,3,5,-2
104000075,0,0,0
104000076,0,0,0
104000082,102,211,-109
104000083,16,4,12
104000084,7,22,-15
104000085,0,5,-5
104000086,6,12,-6
104000087,2,10,-8
104000090,17,119,-102
104000092,8,207,-199
104000094,23,152,-129
104000095,244,220,24
104000096,0,4,-4
104000097,0,0,0
104000098,0,0,0
104000100,0,0,0
104000101,64,199,-135
104000106,0,4,-4
104000107,18,51,-33
104000108,7,17,-10
104000109,0,0,0
104000110,58,11,47
104000111,37,29,8
104000112,39,16,23
104000116,1,146,-145
104000117,1,67,-66
104000118,2,10,-8
104000119,11,18,-7
104000120,0,43,-43
104000121,5,16,-11
104000122,5,41,-36
104000123,85,180,-95
104000124,82,124,-42
104000125,83,43,40
104000126,4,31,-27
104000127,217,361,-144
104000128,7,38,-31
104000129,12,3,9
104000130,3,15,-12
104000131,254,309,-55
104000132,275,286,-11
104000133,86,85,1
104000134,103,90,13
104000135,39,55,-16
104000136,143,121,22
104000137,235,68,167
104000138,106,65,41
104000139,535,167,368
104000141,59,124,-65
104000142,56,265,-209
104000143,64,170,-106
104000144,0,0,0
104000145,0,0,0
104000146,69,151,-82
104000147,20,58,-38
104000148,0,0,0
104000149,15,57,-42
104000150,0,0,0
104000151,31,89,-58
104000152,26,112,-86
104000153,0,0,0
104000154,85,108,-23
104000155,0,0,0
104000157,45,137,-92
104000158,12,31,-19
104000159,44,27,17
104000160,456,131,325
104000161,0,0,0
104000162,0,0,0
104000165,0,0,0
104000167,16,72,-56
104000168,0,0,0
104000169,0,0,0
104000170,42,5,37
104000248,1,56,-55
104000251,11,26,-15
104000272,6,0,6
104000273,2,0,2
104000274,3,0,3
104000275,5,0,5
104000279,33,5,28
104000290,6,68,-62
104000291,66,138,-72
104000293,10,23,-13
104000294,0,0,0
104000295,41,108,-67
104000296,14,62,-48
104000297,193,204,-11
104000298,229,88,141
104000299,54,195,-141
104000302,0,0,0
104000303,97,47,50
104900001,0,0,0
104900002,0,0,0
104900003,0,0,0
104900004,0,0,0
104900005,0,2,-2
104900006,0,0,0
104900007,0,1,-1
104900009,0,0,0
104900010,0,0,0
104900011,0,0,0
104900012,0,0,0
104900013,0,0,0
104900014,0,0,0
104900015,0,0,0
104900016,0,0,0
104900017,0,0,0
104900018,0,0,0
104900019,0,0,0
104900020,0,0,0
104900021,0,0,0
104900022,0,0,0
104900023,0,0,0
104900024,0,0,0
104900025,0,0,0
104900026,0,0,0
104900027,0,0,0
104900028,0,0,0
104900029,0,0,0
104900030,0,0,0
104900031,0,0,0
104900032,0,0,0
104900033,0,0,0
104900034,0,0,0
104900035,0,0,0
104900036,0,0,0
104900037,0,0,0
104900038,0,0,0
104900039,0,0,0
104900040,0,0,0
104900041,0,0,0
104900042,0,0,0
104900043,0,0,0
104900044,0,0,0
104900045,0,0,0
104900046,0,0,0
104900047,0,0,0
104900048,0,0,0
104900049,0,0,0
104900050,0,0,0
104900051,0,0,0
104900052,0,0,0
104900053,0,0,0
104900054,0,0,0
104900055,0,0,0
104900056,0,0,0
104900057,0,0,0
104900058,0,0,0
104900059,0,0,0
104900061,0,0,0
104900063,0,0,0
104900064,0,0,0
104900065,0,0,0
104900066,0,0,0
104900067,0,0,0
104900068,0,0,0
104900070,0,0,0
104900071,0,24,-24
104900072,0,0,0
104900073,0,0,0
104900074,0,0,0
104900075,0,0,0
104900076,0,0,0
104900077,0,0,0
104900078,0,0,0
104900079,0,0,0
104900080,0,0,0
104900082,0,0,0
104900085,0,0,0
104900089,0,0,0
104900091,0,0,0
104900093,0,0,0
104900097,0,0,0
104900098,0,0,0
104900099,0,0,0
104900100,0,0,0
104900102,0,0,0
104900103,0,0,0
104900106,0,0,0
104900107,0,0,0
104900108,0,0,0
104900109,0,0,0
104900110,0,0,0
104900111,0,0,0
104900112,0,0,0
104900113,2,5,-3
104900114,0,0,0
104900115,0,2,-2
104900116,0,0,0
104900118,0,0,0
104900119,0,0,0
104900120,0,0,0
104900121,0,0,0
104900122,0,0,0
104900123,0,0,0
104900124,0,0,0
104900125,0,0,0
104900126,0,0,0
104900127,0,0,0
104900128,0,0,0
104900129,0,0,0
105000001,147,275,-128
105000002,104,198,-94
105000003,170,256,-86
105000004,49,86,-37
105000005,49,142,-93
105000006,47,158,-111
105000007,29,99,-70
105000008,35,200,-165
105000009,50,97,-47
105000010,270,368,-98
105000011,74,68,6
105000012,421,558,-137
105000013,58,41,17
105000014,78,47,31
105000015,467,126,341
105000016,324,158,166
105000017,167,60,107
105000018,70,89,-19
105000019,13,4,9
105000020,8,42,-34
105000021,5,1,4
105000022,0,0,0
105000023,0,0,0
105000028,7,12,-5
105000029,20,37,-17
105000030,359,530,-171
105000031,0,0,0
105000033,99,431,-332
105000034,0,0,0
105000037,4,1,3
105000038,23,34,-11
105000039,342,345,-3
105000040,5,11,-6
105000041,38,271,-233
105000042,34,22,12
105000043,186,351,-165
105000044,20,13,7
105000045,11,149,-138
105000046,25,9,16
105000047,39,194,-155
105000048,4,2,2
105000049,41,92,-51
105000050,0,0,0
105000051,37,123,-86
105000052,2,5,-3
105000053,10,43,-33
105000054,0,5,-5
105000055,6,26,-20
105000056,6,12,-6
105000057,40,39,1
105000058,61,79,-18
105000059,11,31,-20
105000060,13,67,-54
105000061,7,15,-8
105000062,47,87,-40
105000063,37,74,-37
105000064,31,27,4
105000065,35,82,-47
105000066,76,116,-40
105000067,27,37,-10
105000068,72,54,18
105000069,167,43,124
105000070,22,37,-15
105000071,0,0,0
105000072,17,10,7
105000073,4,2,2
105000074,66,78,-12
105000075,53,64,-11
105000076,118,101,17
105000077,273,74,199
105000078,61,48,13
105000079,172,342,-170
105000080,22,12,10
105000081,131,102,29
105000082,13,36,-23
105000083,15,0,15
105000084,52,144,-92
105000085,9,14,-5
105000086,34,100,-66
105000087,95,185,-90
105000088,7,0,7
105000089,259,326,-67
105000090,158,141,17
105000091,216,237,-21
105000092,67,103,-36
105000093,14,21,-7
105000094,4,0,4
105000095,3,24,-21
105000096,6,1,5
105000097,52,72,-20
105000098,2,0,2
105000099,43,69,-26
105000100,59,73,-14
105000101,35,69,-34
105000102,62,108,-46
105000103,18,83,-65
105000104,54,62,-8
105000105,7,93,-86
105000106,43,68,-25
105000107,20,18,2
105000108,55,24,31
105000109,26,68,-42
105000110,22,5,17
105000111,9,17,-8
105000112,71,16,55
105000113,6,9,-3
105000114,0,0,0
105000115,14,17,-3
105000116,2,4,-2
105000117,48,49,-1
105000118,1,5,-4
105000119,17,35,-18
105000120,4,3,1
105000121,41,42,-1
105000122,3,26,-23
105000123,32,38,-6
105000124,23,57,-34
105000125,23,96,-73
105000126,38,111,-73
105000127,40,76,-36
105000128,6,51,-45
105000129,27,44,-17
105000130,0,0,0
105000131,15,38,-23
105000132,0,0,0
105000133,11,92,-81
105000134,0,0,0
105000135,23,64,-41
105000136,7,23,-16
105000137,0,0,0
105000138,32,42,-10
105000139,31,86,-55
105000140,0,0,0
105000141,9,51,-42
105000142,0,0,0
105000143,8,64,-56
105000144,25,97,-72
105000145,0,0,0
105000146,49,87,-38
105000147,0,0,0
105000148,0,0,0
105000149,0,0,0
105000150,159,155,4
105000151,3,6,-3
105000152,5,39,-34
105000153,6,10,-4
105000154,17,43,-26
105000155,15,11,4
105000156,13,48,-35
105000157,25,128,-103
105000158,11,18,-7
105000159,8,112,-104
105000160,15,13,2
105000161,21,105,-84
105000162,5,16,-11
105000163,46,56,-10
105000164,10,14,-4
105000165,29,50,-21
105000166,230,5,225
105000167,53,73,-20
105000168,2,49,-47
105000169,22,30,-8
105000170,0,0,0
105000171,20,4,16
105000172,0,0,0
105000173,0,0,0
105000174,0,0,0
105000175,3,19,-16
105000176,1,4,-3
105000177,2,11,-9
105000178,0,0,0
105000179,3,5,-2
105000180,2,23,-21
105000181,0,0,0
105000182,1,8,-7
105000183,6,1,5
105000184,89,142,-53
105000185,60,39,21
105000186,40,148,-108
105000187,55,33,22
105000188,1,13,-12
105000189,11,84,-73
105000190,0,0,0
105000191,19,54,-35
105000192,6,36,-30
105000193,16,29,-13
105000194,25,22,3
105000195,7,55,-48
105000196,7,15,-8
105000197,4,51,-47
105000198,73,38,35
105000199,24,19,5
105000200,1,10,-9
105000201,2,1,1
105000203,1,4,-3
105000204,8,8,0
105000205,2,4,-2
105000207,29,55,-26
105000208,0,0,0
105000209,5,57,-52
105000211,0,0,0
105000212,34,63,-29
105000213,0,0,0
105000214,0,0,0
105000215,3,21,-18
105000216,12,48,-36
105000217,13,49,-36
105000218,6,42,-36
105000221,2,21,-19
105000222,0,3,-3
105000223,4,12,-8
105000226,0,0,0
105000227,0,0,0
105000228,0,18,-18
105000229,0,0,0
105000231,0,0,0
105000233,11,31,-20
105000234,106,264,-158
105000235,3,6,-3
105000237,0,0,0
105000243,1,1,0
105000248,8,28,-20
105000262,9,56,-47
105000269,1,7,-6
105000270,9,11,-2
105000271,0,2,-2
105000282,1,1,0
105000287,11,0,11
105000288,1,27,-26
105000289,46,62,-16
105000290,0,0,0
105000402,105,30,75
105000426,26,16,10
105000438,35,32,3
105000440,0,0,0
105000446,404,423,-19
105000447,531,230,301
105000454,0,8,-8
105000455,1,0,1
105000474,0,0,0
105000477,0,0,0
105000478,38,58,-20
105000479,1,5,-4
105000480,171,164,7
105000481,347,151,196
105000482,650,398,252
105000483,145,204,-59
105000484,230,324,-94
105000485,289,371,-82
105000486,434,361,73
105000488,175,294,-119
105000489,21,32,-11
105000549,0,0,0
105000550,83,124,-41
105000551,0,0,0
105000552,671,279,392
105000555,20,5,15
105000556,0,0,0
105000557,0,0,0
105900001,0,0,0
105900002,0,3,-3
105900003,0,3,-3
105900004,12,4,8
105900005,0,0,0
105900006,0,0,0
105900007,0,0,0
105900008,1,39,-38
105900009,0,0,0
105900011,0,0,0
105900012,0,0,0
105900013,0,0,0
105900014,0,0,0
105900015,1,2,-1
105900016,0,0,0
105900017,0,0,0
105900018,2,2,0
105900019,0,0,0
105900020,1,3,-2
105900021,0,0,0
105900022,2,12,-10
105900023,0,0,0
105900024,0,0,0
105900025,0,0,0
105900026,3,0,3
105900027,0,0,0
105900028,0,0,0
105900029,1,15,-14
105900030,6,15,-9
105900031,13,8,5
105900032,0,4,-4
105900033,0,8,-8
105900034,0,9,-9
105900035,1,6,-5
105900036,0,1,-1
105900037,3,4,-1
105900038,0,4,-4
105900039,0,3,-3
105900040,2,9,-7
105900041,0,7,-7
105900042,0,7,-7
105900043,5,0,5
105900044,0,4,-4
105900045,0,7,-7
105900046,0,18,-18
105900047,0,4,-4
105900048,0,0,0
105900050,0,0,0
105900051,0,0,0
105900052,0,0,0
105900053,0,0,0
105900054,0,0,0
105900056,0,0,0
105900057,0,0,0
105900058,0,0,0
105900059,0,0,0
106000001,115,46,69
106000002,131,417,-286
106000003,244,112,132
106000004,256,257,-1
106000005,200,179,21
106000006,650,502,148
106000007,90,26,64
106000008,62,102,-40
106000009,63,17,46
106000010,55,127,-72
106000011,29,39,-10
106000012,87,215,-128
106000013,105,80,25
106000014,257,269,-12
106000015,59,75,-16
106000016,284,411,-127
106000017,161,126,35
106000018,294,229,65
106000019,17,41,-24
106000020,24,135,-111
106000021,33,41,-8
106000022,101,97,4
106000023,21,21,0
106000024,57,157,-100
106000025,36,30,6
106000026,119,120,-1
106000027,35,46,-11
106000028,95,151,-56
106000029,208,295,-87
106000030,33,38,-5
106000034,106,76,30
106000035,37,42,-5
106000036,12,30,-18
106000037,124,131,-7
106000038,0,0,0
106000039,0,0,0
106000040,22,88,-66
106000041,27,26,1
106000043,0,0,0
106000046,0,0,0
106000047,5,24,-19
106000049,25,12,13
106000050,13,164,-151
106000051,2,3,-1
106000052,15,158,-143
106000053,0,0,0
106000054,21,123,-102
106000055,0,0,0
106000056,72,122,-50
106000057,0,0,0
106000058,18,59,-41
106000059,0,2,-2
106000060,69,127,-58
106000061,1,4,-3
106000062,19,123,-104
106000063,2,4,-2
106000064,6,87,-81
106000065,0,1,-1
106000066,8,48,-40
106000067,1,7,-6
106000068,2,115,-113
106000069,1,2,-1
106000070,33,93,-60
106000071,3,4,-1
106000072,186,144,42
106000073,148,102,46
106000074,32,67,-35
106000075,17,88,-71
106000076,61,156,-95
106000077,152,147,5
106000078,56,163,-107
106000079,17,125,-108
106000080,80,149,-69
106000081,15,85,-70
106000082,160,153,7
106000083,5,70,-65
106000084,46,89,-43
106000085,15,73,-58
106000086,8,80,-72
106000087,24,88,-64
106000088,3,97,-94
106000089,34,54,-20
106000090,1,103,-102
106000091,43,71,-28
106000092,0,7,-7
106000093,0,0,0
106000094,10,48,-38
106000095,10,61,-51
106000096,8,77,-69
106000097,36,95,-59
106000098,1,126,-125
106000099,3,129,-126
106000100,4,14,-10
106000101,3,6,-3
106000102,1,64,-63
106000103,3,21,-18
106000104,29,28,1
106000105,14,34,-20
106000106,37,27,10
106000107,11,23,-12
106000108,15,14,1
106000109,6,21,-15
106000110,11,7,4
106000111,5,27,-22
106000112,14,15,-1
106000113,12,15,-3
106000114,38,5,33
106000115,5,29,-24
106000116,15,15,0
106000117,83,85,-2
106000118,21,34,-13
106000119,163,69,94
106000120,1,0,1
106000121,0,2,-2
106000122,2,9,-7
106000123,1,2,-1
106000124,1,13,-12
106000125,3,19,-16
106000126,1,1,0
106000127,1,25,-24
106000128,1,3,-2
106000129,37,62,-25
106000130,0,0,0
106000131,8,55,-47
106000132,0,0,0
106000133,150,81,69
106000134,0,0,0
106000135,19,106,-87
106000136,0,0,0
106000137,7,119,-112
106000138,0,0,0
106000139,0,0,0
106000140,1,47,-46
106000141,6,38,-32
106000142,0,0,0
106000143,1,35,-34
106000144,0,0,0
106000145,19,96,-77
106000146,0,0,0
106000147,26,43,-17
106000148,31,94,-63
106000149,17,54,-37
106000150,28,111,-83
106000151,191,66,125
106000152,38,19,19
106000153,3,35,-32
106000154,35,12,23
106000155,2,3,-1
106000156,11,13,-2
106000157,40,140,-100
106000158,105,26,79
106000159,155,87,68
106000160,7,82,-75
106000161,108,42,66
106000162,8,37,-29
106000163,22,53,-31
106000164,9,25,-16
106000165,12,60,-48
106000166,20,42,-22
106000167,15,112,-97
106000168,10,22,-12
106000169,8,35,-27
106000170,10,12,-2
106000171,1,54,-53
106000172,129,65,64
106000173,40,155,-115
106000174,3,30,-27
106000175,2,79,-77
106000176,13,17,-4
106000177,20,186,-166
106000178,31,45,-14
106000179,27,194,-167
106000180,51,228,-177
106000181,10,183,-173
106000182,16,43,-27
106000183,22,52,-30
106000184,30,40,-10
106000185,12,76,-64
106000186,25,3,22
106000187,3,61,-58
106000188,0,1,-1
106000189,0,0,0
106000190,0,0,0
106000191,8,10,-2
106000192,0,4,-4
106000193,10,11,-1
106000194,12,24,-12
106000195,3,1,2
106000196,0,20,-20
106000197,14,14,0
106000198,5,34,-29
106000199,39,23,16
106000200,19,18,1
106000201,12,11,1
106000202,279,36,243
106000203,7,9,-2
106000204,0,0,0
106000205,8,18,-10
106000206,0,0,0
106000207,2,96,-94
106000208,7,0,7
106000209,8,10,-2
106000210,8,135,-127
106000211,48,256,-208
106000212,3,2,1
106000213,15,156,-141
106000214,85,10,75
106000215,5,18,-13
106000216,48,18,30
106000217,8,23,-15
106000218,16,10,6
106000219,3,5,-2
106000220,16,18,-2
106000221,1,26,-25
106000222,0,0,0
106000223,0,0,0
106000224,7,34,-27
106000225,0,0,0
106000226,4,29,-25
106000228,4,35,-31
106000229,8,116,-108
106000231,3,13,-10
106000232,11,53,-42
106000233,3,1,2
106000234,2,29,-27
106000235,0,0,0
106000236,3,5,-2
106000237,0,0,0
106000238,0,0,0
106000239,0,6,-6
106000240,0,0,0
106000241,1,89,-88
106000242,4,1,3
106000249,0,0,0
106000250,2,36,-34
106000251,0,0,0
106000252,1,10,-9
106000253,0,0,0
106000254,0,1,-1
106000255,0,0,0
106000256,3,6,-3
106000257,3,23,-20
106000258,0,0,0
106000259,0,4,-4
106000260,0,0,0
106000261,0,6,-6
106000262,0,0,0
106000263,0,2,-2
106000264,0,0,0
106000265,0,9,-9
106000266,0,0,0
106000267,0,10,-10
106000268,0,0,0
106000269,4,6,-2
106000270,6,38,-32
106000271,0,0,0
106000272,1,4,-3
106000273,0,0,0
106000274,7,1,6
106000275,0,0,0
106000276,0,1,-1
106000277,0,1,-1
106000278,9,1,8
106000279,0,1,-1
106000280,2,6,-4
106000281,10,4,6
106000282,5,4,1
106000283,3,0,3
106000284,0,6,-6
106000285,2,3,-1
106000286,0,6,-6
106000287,1,1,0
106000288,1,7,-6
106000289,0,1,-1
106000290,3,4,-1
106000291,7,4,3
106000292,1,4,-3
106000293,1,0,1
106000294,4,12,-8
106000295,1,2,-1
106000296,1,10,-9
106000297,2,14,-12
106000298,7,4,3
106000299,1,1,0
106000300,1,18,-17
106000301,2,15,-13
106000303,0,0,0
106000304,1,0,1
106000305,0,0,0
106000306,1,1,0
106000307,0,0,0
106000308,0,3,-3
106000309,0,1,-1
106000310,9,48,-39
106000311,7,2,5
106000312,19,14,5
106000313,2,10,-8
106000318,2,5,-3
106000319,25,0,25
106000320,0,0,0
106000321,0,0,0
106000322,9,15,-6
106000324,0,0,0
106000325,55,17,38
106000326,114,245,-131
106000327,0,0,0
106000328,0,0,0
106000329,1,8,-7
106000330,1,26,-25
106000428,13,9,4
106000429,10,39,-29
106000430,35,106,-71
106000431,25,23,2
106000432,120,262,-142
106000433,110,32,78
106000434,116,16,100
106000435,235,375,-140
106000436,5,35,-30
106000437,0,0,0
106000438,0,0,0
106000439,2,37,-35
106000440,4,3,1
106000441,0,0,0
106000442,0,0,0
106000443,0,4,-4
106000450,1,16,-15
106000451,0,0,0
106000454,0,7,-7
106000455,0,31,-31
106000456,0,0,0
106000457,1,115,-114
106000458,0,0,0
106000459,6,40,-34
106000460,0,0,0
106000461,3,148,-145
106000462,0,3,-3
106000463,0,0,0
106000464,1,34,-33
106000465,0,0,0
106000466,0,54,-54
106000467,48,34,14
106000468,1,0,1
106000469,0,0,0
106000470,22,68,-46
106000471,1,37,-36
106000472,0,0,0
106000473,1,2,-1
106000474,98,152,-54
106000475,32,23,9
106000476,3,7,-4
106000477,5,40,-35
106000480,0,13,-13
106900001,0,0,0
106900002,0,0,0
106900003,0,0,0
106900004,0,0,0
106900006,0,0,0
106900007,0,0,0
106900008,0,0,0
106900009,0,0,0
106900010,0,0,0
106900012,0,0,0
106900013,0,0,0
106900014,0,0,0
106900015,0,0,0
106900016,0,0,0
106900017,0,0,0
106900018,0,0,0
106900019,0,0,0
106900020,0,0,0
106900021,0,0,0
106900022,0,0,0
106900023,0,0,0
106900024,0,0,0
106900025,0,0,0
106900026,0,0,0
106900027,0,0,0
106900028,0,0,0
106900029,0,0,0
106900030,0,0,0
107000001,164,221,-57
107000002,450,690,-240
107000003,213,338,-125
107000004,627,803,-176
107000005,91,179,-88
107000006,442,812,-370
107000007,209,258,-49
107000008,2130,2056,74
107000009,140,234,-94
107000010,2522,1350,1172
107000011,103,97,6
107000012,183,307,-124
107000013,12,51,-39
107000014,4,77,-73
107000015,37,202,-165
107000016,39,203,-164
107000017,143,32,111
107000018,1,29,-28
107000020,43,7,36
107000021,85,72,13
107000022,20,91,-71
107000023,78,40,38
107000024,23,189,-166
107000025,13,25,-12
107000026,8,61,-53
107000027,91,43,48
107000028,75,102,-27
107000029,95,61,34
107000030,123,201,-78
107000031,63,90,-27
107000032,3,2,1
107000033,161,363,-202
107000034,200,137,63
107000035,3,0,3
107000036,17,92,-75
107000037,3,8,-5
107000038,30,52,-22
107000039,0,0,0
107000040,16,48,-32
107000041,71,14,57
107000042,113,172,-59
107000043,73,30,43
107000044,57,90,-33
107000045,10,38,-28
107000046,11,19,-8
107000047,29,95,-66
107000048,20,31,-11
107000049,20,84,-64
107000050,14,13,1
107000051,28,29,-1
107000052,55,16,39
107000053,6,7,-1
107000054,7,52,-45
107000055,45,14,31
107000056,49,165,-116
107000057,90,19,71
107000058,0,0,0
107000059,189,437,-248
107000060,14,11,3
107000061,420,447,-27
107000062,7,7,0
107000063,303,673,-370
107000064,12,22,-10
107000065,350,751,-401
107000066,9,33,-24
107000067,6,16,-10
107000068,0,0,0
107000069,0,0,0
107000070,0,0,0
107000071,0,0,0
107000072,7,278,-271
107000073,0,0,0
107000074,18,123,-105
107000075,0,0,0
107000076,37,307,-270
107000077,0,0,0
107000078,47,337,-290
107000079,0,0,0
107000080,54,333,-279
107000081,1,1,0
107000082,95,315,-220
107000083,2,1,1
107000084,23,249,-226
107000085,137,137,0
107000086,139,270,-131
107000087,126,95,31
107000088,145,299,-154
107000089,49,44,5
107000090,88,144,-56
107000091,35,44,-9
107000092,143,176,-33
107000093,44,81,-37
107000094,107,145,-38
107000095,0,0,0
107000096,78,155,-77
107000097,0,1,-1
107000098,47,127,-80
107000099,0,0,0
107000100,24,67,-43
107000101,0,0,0
107000102,61,86,-25
107000103,0,0,0
107000104,19,46,-27
107000105,3,1,2
107000106,16,56,-40
107000107,4,1,3
107000108,10,135,-125
107000109,0,0,0
107000110,3,46,-43
107000111,0,0,0
107000112,2,48,-46
107000113,0,0,0
107000114,7,82,-75
107000115,0,0,0
107000116,6,119,-113
107000117,0,0,0
107000118,9,29,-20
107000119,53,22,31
107000120,139,85,54
107000121,30,5,25
107000122,71,138,-67
107000123,11,5,6
107000124,16,117,-101
107000125,14,7,7
107000126,34,200,-166
107000129,8,137,-129
107000130,0,0,0
107000131,11,122,-111
107000132,0,0,0
107000133,5,1,4
107000134,0,0,0
107000135,0,4,-4
107000136,1,0,1
107000137,0,3,-3
107000138,3,0,3
107000139,0,13,-13
107000140,16,0,16
107000141,0,17,-17
107000142,4,1,3
107000143,4,29,-25
107000144,8,2,6
107000145,2,4,-2
107000146,3,0,3
107000147,180,12,168
107000150,3,8,-5
107000151,0,3,-3
107000152,1,19,-18
107000153,5,9,-4
107000154,3,3,0
107000155,4,0,4
107000156,18,0,18
107000157,2,78,-76
107000158,5,0,5
107000159,0,24,-24
107000160,7,2,5
107000161,0,47,-47
107000162,3,1,2
107000163,0,0,0
107000164,0,0,0
107000165,0,0,0
107000166,1,88,-87
107000167,4,9,-5
107000168,29,2,27
107000169,32,116,-84
107000170,11,11,0
107000171,11,230,-219
107000172,14,17,-3
107000173,40,86,-46
107000174,13,44,-31
107000175,315,130,185
107000176,0,0,0
107000177,0,0,0
107000178,0,0,0
107000179,14,346,-332
107000180,0,0,0
107000181,14,141,-127
107000182,0,17,-17
107000183,11,104,-93
107000184,3,33,-30
107000185,9,99,-90
107000186,0,0,0
107000187,16,21,-5
107000188,27,15,12
107000189,5,18,-13
107000190,21,34,-13
107000191,5,25,-20
107000192,42,55,-13
107000193,0,1,-1
107000194,48,51,-3
107000197,0,0,0
107000198,29,68,-39
107000199,73,60,13
107000200,0,0,0
107000201,33,33,0
107000202,0,0,0
107000203,80,33,47
107000204,10,2,8
107000205,213,79,134
107000206,0,0,0
107000207,3,9,-6
107000208,2,4,-2
107000209,6,3,3
107000210,19,7,12
107000211,0,0,0
107000212,0,19,-19
107000213,0,0,0
107000214,0,1,-1
107000215,4,4,0
107000216,1,2,-1
107000217,0,0,0
107000219,0,1,-1
107000220,0,3,-3
107000222,11,38,-27
107000224,0,0,0
107000225,6,27,-21
107000226,0,0,0
107000227,11,15,-4
107000228,6,9,-3
107000229,2,1,1
107000230,88,80,8
107000231,6,4,2
107000232,0,0,0
107000233,8,10,-2
107000234,0,0,0
107000235,0,4,-4
107000236,7,112,-105
107000237,0,0,0
107000238,0,0,0
107000239,14,3,11
107000240,2,64,-62
107000243,0,13,-13
107000244,0,25,-25
107000246,0,112,-112
107000249,0,72,-72
107000251,0,11,-11
107000252,0,62,-62
107000255,23,5,18
107000257,0,29,-29
107000258,0,5,-5
107000259,0,2,-2
107000260,0,0,0
107000262,0,19,-19
107000263,0,0,0
107000266,0,0,0
107000267,1,0,1
107000268,3,2,1
107000269,0,1,-1
107000270,0,0,0
107000271,0,33,-33
107000272,0,11,-11
107000273,0,9,-9
107000274,1,1,0
107000275,2,25,-23
107000280,8,0,8
107000281,0,28,-28
107000282,0,80,-80
107000290,0,6,-6
107000291,0,0,0
107000292,0,5,-5
107000293,0,0,0
107000294,0,8,-8
107000295,0,0,0
107000296,0,0,0
107000444,6,1,5
107000496,0,0,0
107000497,76,253,-177
107000500,0,0,0
107000501,0,0,0
107000502,0,0,0
107000505,19,110,-91
107000506,0,0,0
107000508,0,78,-78
107000509,3,8,-5
107000510,0,0,0
107000514,0,0,0
107000515,0,9,-9
107000516,0,0,0
107000518,0,0,0
107000519,64,153,-89
107000520,0,0,0
107000521,46,48,-2
107000522,0,24,-24
107900001,0,9,-9
107900002,0,0,0
107900003,2,1,1
107900004,0,0,0
107900005,16,0,16
107900006,0,0,0
107900007,1,0,1
107900008,2,1,1
107900009,0,0,0
107900010,0,0,0
107900012,5,2,3
107900013,14,1,13
107900014,0,0,0
107900015,27,0,27
107900016,1,0,1
107900017,0,1,-1
107900018,0,0,0
107900019,1,7,-6
107900020,0,0,0
107900021,0,4,-4
107900023,0,0,0
107900024,0,0,0
107900025,2,3,-1
107900026,0,4,-4
107900027,0,0,0
107900028,0,7,-7
107900030,2,0,2
107900031,9,19,-10
107900032,0,0,0
107900033,0,0,0
107900034,20,0,20
107900035,5,0,5
107900036,0,0,0
107900037,0,0,0
107900038,5,0,5
107900039,0,1,-1
107900040,0,0,0
107900041,0,0,0
107900043,0,5,-5
107900044,0,0,0
107900045,2,0,2
107900046,11,1,10
107900047,0,0,0
107900048,3,0,3
107900049,2,5,-3
107900050,7,11,-4
107900051,1,2,-1
107900052,0,0,0
107900053,0,3,-3
107900055,1,6,-5
107900056,0,0,0
107900057,0,0,0
107900058,1,18,-17
107900060,0,0,0
107900061,0,0,0
107900063,1,11,-10
107900064,1,0,1
107900065,3,0,3
107900066,0,0,0
107900067,0,0,0
107900068,1,0,1
107900069,0,2,-2
107900070,0,0,0
107900071,0,18,-18
107900072,0,1,-1
107900073,0,0,0
107900074,0,0,0
107900076,0,2,-2
107900077,0,2,-2
107900079,1,0,1
107900080,5,1,4
107900081,0,0,0
107900082,0,0,0
107900083,15,1,14
107900084,0,1,-1
107900086,1,10,-9
107900087,15,26,-11
107900088,0,0,0
107900089,8,8,0
107900090,21,13,8
107900091,1,11,-10
107900093,0,0,0
107900095,61,20,41
107900097,0,2,-2
107900098,4,3,1
107900100,35,34,1
107900101,36,6,30
107900102,0,0,0
107900103,0,6,-6
107900104,0,0,0
107900105,0,28,-28
107900106,0,78,-78
107900107,40,24,16
107900108,5,1,4
107900109,0,0,0
107900110,0,7,-7
107900111,0,53,-53
107900112,0,6,-6
107900113,0,0,0
107900114,1,10,-9
107900115,0,0,0
107900116,1,4,-3
107900117,0,7,-7
107900118,3,4,-1
107900119,0,0,0
107900120,0,0,0
107900121,0,1,-1
107900122,0,0,0
107900123,0,1,-1
107900124,0,0,0
107900125,0,10,-10
107900126,0,0,0
107900127,8,4,4
107900128,1,0,1
107900129,0,0,0
107900130,0,0,0
107900131,1,3,-2
107900132,2,17,-15
107900133,0,2,-2
107900134,0,0,0
107900135,0,3,-3
107900136,2,5,-3
107900137,1,3,-2
107900138,0,2,-2
107900139,0,0,0
107900141,4,1,3
107900142,4,24,-20
107900143,1,1,0
107900144,0,4,-4
107900145,0,2,-2
107900146,4,0,4
107900147,0,0,0
107900148,25,8,17
107900149,82,6,76
107900150,0,17,-17
107900151,0,11,-11
107900152,1,13,-12
107900153,2,1,1
107900154,0,0,0
107900155,0,0,0
107900156,0,5,-5
107900157,1,4,-3
107900158,10,2,8
107900159,3,37,-34
107900160,0,14,-14
107900161,0,15,-15
107900162,0,5,-5
107900163,0,0,0
107900164,0,0,0
107900165,2,0,2
107900166,0,34,-34
107900167,0,0,0
107900168,0,4,-4
107900169,0,9,-9
107900171,1,80,-79
107900172,0,12,-12
107900173,0,10,-10
107900174,1,0,1
107900175,0,0,0
107900176,0,2,-2
107900177,0,2,-2
107900178,0,5,-5
107900179,0,8,-8
107900180,2,0,2
107900181,14,19,-5
107900182,1,78,-77
107900183,1,30,-29
107900184,0,0,0
107900185,0,0,0
107900186,0,0,0
107900187,0,6,-6
107900188,5,2,3
107900189,0,3,-3
107900190,1,0,1
107900191,3,17,-14
107900193,0,18,-18
107900194,1,0,1
107900195,93,1,92
107900196,0,0,0
107900197,4,0,4
107900199,0,62,-62
107900201,15,11,4
107900203,0,8,-8
107900204,15,14,1
107900206,3,0,3
107900207,0,42,-42
107900208,0,22,-22
107900209,13,12,1
107900210,5,2,3
107900213,7,31,-24
107900214,0,11,-11
107900215,8,14,-6
107900216,1,0,1
107900217,0,0,0
107900218,0,39,-39
107900219,0,6,-6
107900220,3,3,0
107900221,23,10,13
107900223,0,0,0
107900224,2,15,-13
107900225,0,23,-23
107900226,1,0,1
107900227,1,18,-17
107900228,0,6,-6
107900229,1,23,-22
107900230,0,2,-2
107900231,0,0,0
107900232,0,19,-19
107900233,0,6,-6
107900234,4,19,-15
107900235,0,9,-9
107900236,1,16,-15
107900237,5,43,-38
107900238,0,0,0
107900239,39,39,0
107900240,1,10,-9
107900241,1,5,-4
107900242,0,34,-34
107900243,0,0,0
107900244,0,0,0
107900245,2,0,2
107900246,0,0,0
107900248,0,11,-11
107900249,0,0,0
107900250,0,14,-14
107900251,0,40,-40
107900252,0,0,0
107900253,0,0,0
107900254,1,0,1
107900255,10,1,9
107900256,3,13,-10
107900257,1,0,1
107900258,0,5,-5
107900259,1,2,-1
107900261,0,22,-22
107900262,0,0,0
107900264,0,0,0
107900265,1,1,0
107900267,0,0,0
107900268,0,0,0
107900269,0,0,0
107900270,0,0,0
107900271,0,0,0
107900272,0,0,0
107900273,0,1,-1
107900274,0,0,0
107900275,0,0,0
107900276,2,3,-1
107900277,0,21,-21
107900278,0,9,-9
107900279,4,1,3
107900280,1,6,-5
107900281,36,25,11
107900282,0,4,-4
107900283,12,3,9
107900284,5,52,-47
107900285,1,2,-1
107900286,3,0,3
107900287,0,2,-2
107900290,1,7,-6
107900291,5,0,5
107900292,2,4,-2
107900293,0,1,-1
107900295,1,2,-1
107900297,1,30,-29
107900298,12,11,1
107900299,179,45,134
107900301,1,4,-3
107900302,3,0,3
107900303,0,14,-14
107900304,6,35,-29
107900305,3,0,3
107900306,0,0,0
107900307,4,52,-48
107900308,1,2,-1
107900309,0,0,0
107900310,0,0,0
107900311,0,9,-9
107900312,0,0,0
107900313,0,2,-2
107900314,0,4,-4
107900315,0,1,-1
107900316,0,0,0
107900317,0,0,0
107900318,0,6,-6
107900319,1,5,-4
107900320,0,7,-7
107900321,0,0,0
107900322,0,10,-10
107900323,0,4,-4
107900324,1,0,1
107900325,0,0,0
107900326,0,30,-30
107900327,0,0,0
107900328,0,0,0
107900329,0,0,0
107900330,0,16,-16
107900331,0,0,0
107900332,2,0,2
107900333,1,1,0
107900334,1,16,-15
107900335,4,6,-2
107900336,0,1,-1
107900337,47,9,38
107900338,0,12,-12
107900339,0,4,-4
107900340,0,7,-7
107900341,0,0,0
107900342,2,0,2
107900343,0,1,-1
107900344,0,6,-6
107900345,0,0,0
107900346,0,0,0
107900347,0,0,0
107900348,0,0,0
107900349,0,0,0
107900350,5,14,-9
107900351,1,11,-10
107900352,0,0,0
107900353,1,0,1
107900354,1,6,-5
108000001,130,212,-82
108000002,491,767,-276
108000003,166,125,41
108000004,2040,2857,-817
108000005,160,127,33
108000006,505,1022,-517
108000007,206,173,33
108000008,569,1034,-465
108000009,94,236,-142
108000010,303,1008,-705
108000011,513,362,151
108000012,2064,2350,-286
108000014,11,23,-12
108000015,5,9,-4
108000016,32,145,-113
108000017,2,14,-12
108000018,1,16,-15
108000019,1,26,-25
108000020,0,0,0
108000021,33,257,-224
108000022,55,143,-88
108000023,0,0,0
108000024,6,81,-75
108000025,2,24,-22
108000026,8,44,-36
108000027,5,112,-107
108000028,7,23,-16
108000029,3,142,-139
108000030,0,24,-24
108000031,3,130,-127
108000032,0,0,0
108000033,52,170,-118
108000034,0,0,0
108000035,87,515,-428
108000036,14,178,-164
108000037,33,10,23
108000038,22,5,17
108000039,23,278,-255
108000040,13,5,8
108000041,88,409,-321
108000042,1,36,-35
108000043,10,63,-53
108000044,0,11,-11
108000045,7,175,-168
108000046,0,0,0
108000047,34,193,-159
108000048,8,96,-88
108000049,16,5,11
108000050,4,40,-36
108000051,4,12,-8
108000052,32,73,-41
108000053,3,8,-5
108000054,25,102,-77
108000055,12,7,5
108000056,80,99,-19
108000057,3,20,-17
108000058,16,85,-69
108000059,278,180,98
108000060,0,5,-5
108000061,16,54,-38
108000062,19,6,13
108000063,9,61,-52
108000064,0,0,0
108000065,55,46,9
108000066,69,10,59
108000067,23,7,16
108000068,0,0,0
108000069,43,232,-189
108000070,0,0,0
108000071,45,340,-295
108000072,0,0,0
108000073,82,229,-147
108000074,0,0,0
108000075,13,146,-133
108000076,0,0,0
108000077,70,119,-49
108000078,5,4,1
108000079,186,225,-39
108000080,11,0,11
108000081,70,293,-223
108000082,105,179,-74
108000083,5,3,2
108000084,59,156,-97
108000085,1,1,0
108000086,41,82,-41
108000087,0,13,-13
108000088,13,0,13
108000089,5,6,-1
108000091,3,103,-100
108000092,0,1,-1
108000093,13,99,-86
108000094,0,0,0
108000095,20,84,-64
108000096,0,0,0
108000097,14,93,-79
108000098,0,29,-29
108000099,2,2,0
108000100,1,3,-2
108000101,0,0,0
108000102,15,74,-59
108000106,0,0,0
108000107,0,64,-64
108000108,0,0,0
108000109,0,93,-93
108000110,6,14,-8
108000111,19,180,-161
108000112,0,0,0
108000113,12,7,5
108000115,14,16,-2
108000117,25,45,-20
108000118,0,42,-42
108000119,28,104,-76
108000120,4,54,-50
108000121,4,105,-101
108000122,12,19,-7
108000123,1,1,0
108000124,4,128,-124
108000125,0,0,0
108000126,10,104,-94
108000127,0,1,-1
108000128,13,168,-155
108000129,11,330,-319
108000130,0,1,-1
108000131,0,0,0
108000132,76,152,-76
108000133,2,0,2
108000134,24,228,-204
108000135,1,0,1
108000136,30,353,-323
108000137,1,0,1
108000138,12,23,-11
108000139,0,1,-1
108000140,21,1,20
108000141,2,4,-2
108000142,9,26,-17
108000143,3,31,-28
108000144,3,2,1
108000145,5,25,-20
108000146,1,3,-2
108000147,1,14,-13
108000148,2,0,2
108000149,2,14,-12
108000150,1,0,1
108000151,10,0,10
108000152,6,19,-13
108000153,0,10,-10
108000154,3,5,-2
108000155,4,7,-3
108000156,38,12,26
108000157,3,7,-4
108000158,5,29,-24
108000159,14,0,14
108000160,129,57,72
108000161,74,70,4
108000165,0,2,-2
108000172,0,0,0
108000173,74,2,72
108000175,0,12,-12
108000178,47,52,-5
108000179,0,0,0
108000181,2,2,0
108000182,2,0,2
108000183,2,8,-6
108000184,21,62,-41
108000185,0,41,-41
108000186,4,9,-5
108000187,4,37,-33
108000188,3,5,-2
108000189,13,22,-9
108000190,0,27,-27
108000192,5,58,-53
108000193,79,2,77
108000194,0,0,0
108000195,0,240,-240
108000196,0,5,-5
108000198,36,29,7
108000199,0,35,-35
108000200,3,18,-15
108000203,0,64,-64
108000204,10,2,8
108000205,32,12,20
108000339,14,11,3
108000364,9,21,-12
108000365,0,9,-9
108000367,0,6,-6
108000368,0,3,-3
108000369,24,13,11
108000371,3,107,-104
108000372,0,0,0
108000373,0,0,0
108000376,7,0,7
108000377,3,0,3
108000378,711,429,282
108000379,1,15,-14
108000381,0,0,0
108000382,0,0,0
108000383,0,10,-10
108900001,0,15,-15
108900002,4,0,4
108900003,11,38,-27
108900004,1,1,0
108900007,0,3,-3
108900008,0,1,-1
108900009,1,1,0
108900010,0,0,0
108900011,1,7,-6
108900012,1,6,-5
108900013,0,7,-7
108900014,0,4,-4
108900015,0,1,-1
108900016,0,16,-16
108900017,0,3,-3
108900018,0,5,-5
108900019,0,45,-45
108900020,0,6,-6
108900021,1,3,-2
108900022,0,0,0
108900023,0,0,0
108900024,0,8,-8
108900025,0,0,0
108900026,0,3,-3
108900027,0,6,-6
108900028,0,40,-40
108900029,0,7,-7
108900030,0,7,-7
108900031,0,22,-22
108900032,0,16,-16
108900033,0,6,-6
108900034,0,3,-3
108900035,0,85,-85
108900038,0,17,-17
108900039,0,15,-15
108900040,0,1,-1
108900041,2,1,1
108900042,0,9,-9
108900043,1,9,-8
108900044,0,37,-37
108900045,0,6,-6
108900046,0,16,-16
108900047,0,6,-6
108900048,3,36,-33
108900049,49,3,46
108900050,0,8,-8
108900051,1,10,-9
108900052,0,9,-9
108900053,0,2,-2
108900054,1,4,-3
108900055,3,9,-6
108900056,0,9,-9
108900057,0,17,-17
108900058,0,21,-21
108900059,3,0,3
108900060,0,0,0
108900061,0,0,0
108900062,0,23,-23
108900063,0,10,-10
108900064,0,1,-1
108900065,0,7,-7
108900066,0,0,0
108900067,0,15,-15
108900068,0,2,-2
108900069,0,4,-4
108900070,0,4,-4
108900071,0,0,0
108900072,0,0,0
108900073,0,13,-13
108900074,1,8,-7
108900075,1,1,0
108900076,0,0,0
108900077,2,15,-13
108900078,0,3,-3
108900079,7,1,6
108900080,0,0,0
108900081,6,11,-5
108900082,0,3,-3
108900083,0,0,0
108900085,21,2,19
108900086,0,13,-13
108900087,1,4,-3
108900088,0,0,0
108900089,0,0,0
108900090,0,3,-3
108900091,5,1,4
108900092,0,0,0
108900093,0,0,0
108900094,1,2,-1
108900095,0,17,-17
108900096,9,4,5
108900097,0,18,-18
108900098,3,0,3
108900099,0,20,-20
108900100,1,0,1
108900101,0,0,0
108900102,0,1,-1
108900103,0,0,0
108900105,0,0,0
108900106,0,19,-19
108900108,0,0,0
108900109,0,0,0
108900110,0,16,-16
108900111,0,39,-39
108900113,0,0,0
108900114,0,0,0
108900115,0,0,0
108900116,0,0,0
108900117,0,0,0
108900118,0,0,0
108900119,0,0,0
108900120,0,0,0
108900121,0,0,0
108900122,0,0,0
108900123,0,0,0
108900124,1,0,1
108900125,0,0,0
108900126,0,1,-1
108900127,0,0,0
108900128,0,0,0
108900129,0,0,0
108900130,0,0,0
108900131,0,0,0
108900132,0,0,0
108900133,0,0,0
108900134,0,0,0
108900135,0,0,0
108900136,0,0,0
108900137,0,0,0
108900138,0,0,0
108900140,0,0,0
108900141,0,0,0
108900142,0,0,0
108900143,0,0,0
108900144,0,0,0
108900145,0,0,0
108900146,0,0,0
108900147,3,0,3
108900148,0,0,0
108900150,0,0,0
108900151,0,0,0
108900152,0,0,0
108900153,0,20,-20
108900154,1,0,1
108900156,0,0,0
108900157,0,11,-11
108900158,0,0,0
108900159,0,6,-6
108900160,0,6,-6
108900161,0,15,-15
108900162,0,0,0
108900163,0,1,-1
108900164,0,3,-3
108900168,183,2,181
108900169,0,0,0
108900171,33,7,26
108900172,0,0,0
108900173,2,7,-5
108900174,0,0,0
108900176,0,10,-10
108900177,156,37,119
108900178,44,2,42
108900180,0,0,0
108900183,0,1,-1
108900184,0,1,-1
108900185,0,0,0
108900186,0,3,-3
108900189,0,0,0
108900190,0,54,-54
108900192,0,5,-5
108900195,2,12,-10
108900196,2,6,-4
108900199,1,1,0
108900200,4,2,2
108900201,0,16,-16
108900203,0,2,-2
108900204,0,0,0
108900205,0,0,0
108900206,0,0,0
108900207,0,0,0
108900208,2,8,-6
108900209,4,10,-6
108900210,14,0,14
108900211,0,2,-2
108900212,6,9,-3
108900215,1,36,-35
108900216,0,2,-2
108900217,0,0,0
108900218,0,0,0
108900221,0,2,-2
108900224,1,3,-2
108900225,0,5,-5
108900227,1,0,1
108900230,9,2,7
108900232,0,15,-15
108900233,0,0,0
108900234,0,0,0
108900235,1,15,-14
108900236,0,6,-6
108900240,0,0,0
108900241,0,0,0
108900245,0,0,0
108900250,0,5,-5
108900258,0,4,-4
108900259,0,1,-1
108900260,0,1,-1
108900261,1,2,-1
108900262,6,3,3
108900263,0,5,-5
108900264,3,4,-1
108900265,0,1,-1
108900266,0,0,0
108900267,0,0,0
108900268,0,0,0
108900269,0,0,0
108900270,0,0,0
108900271,0,0,0
108900272,0,0,0
108900273,12,3,9
108900274,1,1,0
109000001,209,37,172
109000002,517,187,330
109000003,103,37,66
109000004,115,423,-308
109000005,102,47,55
109000006,93,381,-288
109000007,63,43,20
109000008,77,353,-276
109000009,274,96,178
109000010,220,685,-465
109000011,181,112,69
109000012,254,695,-441
109000013,147,94,53
109000014,162,690,-528
109000015,305,174,131
109000016,659,904,-245
109000017,151,93,58
109000018,180,883,-703
109000019,198,63,135
109000020,208,403,-195
109000023,0,0,0
109000024,0,9,-9
109000025,71,18,53
109000026,15,13,2
109000027,6,27,-21
109000028,1,3,-2
109000029,20,8,12
109000030,0,53,-53
109000031,0,0,0
109000032,3,59,-56
109000033,0,0,0
109000034,0,1,-1
109000035,0,0,0
109000036,5,43,-38
109000037,13,9,4
109000038,105,32,73
109000039,13,6,7
109000040,0,0,0
109000041,256,112,144
109000042,20,77,-57
109000044,2,3,-1
109000045,10,80,-70
109000046,1,1,0
109000047,34,147,-113
109000048,18,13,5
109000049,38,249,-211
109000050,2,13,-11
109000051,73,120,-47
109000052,12,53,-41
109000053,14,18,-4
109000054,2,17,-15
109000055,6,8,-2
109000056,3,23,-20
109000057,6,17,-11
109000058,61,18,43
109000059,6,62,-56
109000060,11,1,10
109000061,50,21,29
109000062,6,1,5
109000063,6,6,0
109000064,5,0,5
109000065,4,12,-8
109000066,1,1,0
109000067,3,27,-24
109000068,0,0,0
109000069,0,0,0
109000070,0,91,-91
109000071,59,4,55
109000072,6,30,-24
109000073,8,29,-21
109000074,0,6,-6
109000075,10,123,-113
109000076,0,10,-10
109000077,11,20,-9
109000078,1,6,-5
109000079,5,16,-11
109000080,2,9,-7
109000081,1,38,-37
109000082,8,32,-24
109000083,6,52,-46
109000088,1,35,-34
109000089,6,3,3
109000090,35,30,5
109000091,11,1,10
109000092,24,66,-42
109000093,9,9,0
109000094,3,0,3
109000095,3,60,-57
109000096,28,0,28
109000097,4,8,-4
109000098,0,0,0
109000099,14,20,-6
109000100,5,66,-61
109000101,19,42,-23
109000102,2,155,-153
109000103,20,14,6
109000104,27,14,13
109000105,8,210,-202
109000106,63,35,28
109000107,30,205,-175
109000108,32,20,12
109000109,19,209,-190
109000110,42,30,12
109000111,74,218,-144
109000112,11,9,2
109000113,20,38,-18
109000114,0,16,-16
109000115,27,8,19
109000116,0,35,-35
109000117,2,16,-14
109000118,1,39,-38
109000119,10,18,-8
109000120,2,131,-129
109000121,5,6,-1
109000122,1,150,-149
109000123,1,10,-9
109000124,11,34,-23
109000125,24,38,-14
109000126,19,130,-111
109000127,17,30,-13
109000128,13,253,-240
109000129,4,21,-17
109000130,48,289,-241
109000131,24,13,11
109000132,55,161,-106
109000133,15,183,-168
109000134,53,298,-245
109000135,83,201,-118
109000136,0,6,-6
109000137,15,18,-3
109000138,3,5,-2
109000139,12,36,-24
109000140,0,14,-14
109000141,4,32,-28
109000142,1,29,-28
109000143,19,3,16
109000145,19,4,15
109000146,0,0,0
109000148,215,15,200
109000149,3,2,1
109000150,0,0,0
109000155,18,54,-36
109000156,65,31,34
109000158,2,15,-13
109000159,9,37,-28
109000160,114,25,89
109000161,2,90,-88
109000162,80,89,-9
109000163,8,40,-32
109000164,41,183,-142
109000165,16,32,-16
109000166,16,16,0
109000167,5,53,-48
109000170,0,0,0
109000171,0,0,0
109000172,0,0,0
109000173,1,0,1
109000174,0,0,0
109000175,0,0,0
109000176,22,41,-19
109000177,0,0,0
109000178,27,5,22
109000179,198,57,141
109000180,276,81,195
109000181,0,3,-3
109000182,4,7,-3
109000183,1,6,-5
109000184,5,3,2
109000185,0,0,0
109000188,5,30,-25
109000189,28,64,-36
109000190,29,64,-35
109000191,0,0,0
109000192,0,3,-3
109000193,10,34,-24
109000194,0,1,-1
109000195,9,24,-15
109000196,1,0,1
109000197,2,44,-42
109000198,0,0,0
109000199,2,32,-30
109000206,6,2,4
109000207,6,5,1
109000208,13,6,7
109000209,3,13,-10
109000210,4,31,-27
109000211,7,9,-2
109000214,4,24,-20
109000215,0,1,-1
109000216,5,9,-4
109000217,8,1,7
109000218,18,4,14
109000221,3,62,-59
109000222,5,1,4
109000223,9,24,-15
109000224,0,2,-2
109000225,0,1,-1
109000226,0,20,-20
109000227,16,33,-17
109000228,0,32,-32
109000231,0,48,-48
109000232,6,44,-38
109000236,10,137,-127
109000241,56,133,-77
109000242,13,27,-14
109000293,4,4,0
109000361,3,12,-9
109000364,0,27,-27
109000396,0,84,-84
109000397,12,0,12
109000399,11,35,-24
109000400,3,35,-32
109000403,0,9,-9
109000406,10,1,9
109000407,2,2,0
109000408,0,36,-36
109000410,52,47,5
109000411,0,0,0
109000412,0,5,-5
109900001,0,0,0
109900002,0,0,0
109900003,0,0,0
109900005,0,0,0
109900006,0,4,-4
109900007,0,28,-28
109900008,0,0,0
109900009,2,46,-44
109900010,0,0,0
109900011,6,2,4
109900012,6,6,0
109900013,9,3,6
109900014,9,4,5
109900015,2,4,-2
109900016,3,2,1
109900017,5,2,3
109900018,0,7,-7
109900019,1,4,-3
109900020,0,0,0
109900021,1,0,1
109900022,0,12,-12
109900023,0,0,0
109900024,0,0,0
109900025,0,2,-2
109900027,1,0,1
109900028,43,4,39
109900029,0,7,-7
109900030,0,0,0
109900031,0,0,0
109900032,0,8,-8
109900033,0,0,0
109900034,0,0,0
109900035,1,0,1
109900036,0,2,-2
109900037,0,25,-25
109900038,0,0,0
109900039,0,0,0
109900040,1,25,-24
109900041,2,15,-13
109900042,1,16,-15
109900044,1,3,-2
109900045,0,1,-1
109900046,1,1,0
109900047,3,7,-4
109900048,0,2,-2
109900049,0,3,-3
109900050,0,12,-12
109900051,0,0,0
109900052,0,14,-14
109900053,0,21,-21
109900054,0,0,0
109900055,0,3,-3
109900056,0,0,0
109900057,1,5,-4
109900058,0,4,-4
109900060,0,0,0
109900061,7,11,-4
109900062,0,6,-6
109900064,11,0,11
109900065,4,9,-5
109900066,4,49,-45
109900067,0,18,-18
109900068,0,0,0
109900069,0,1,-1
109900071,0,0,0
109900072,0,4,-4
109900073,0,5,-5
109900074,0,6,-6
109900075,0,0,0
109900076,0,57,-57
109900077,0,2,-2
109900078,2,16,-14
109900080,1,5,-4
109900081,0,3,-3
109900082,0,12,-12
109900083,1,0,1
109900084,0,3,-3
109900085,1,12,-11
109900086,0,0,0
109900087,0,6,-6
109900089,0,0,0
109900092,0,0,0
109900093,0,0,0
109900094,1,0,1
109900095,0,4,-4
109900096,0,0,0
109900097,0,0,0
109900098,0,0,0
109900099,0,0,0
109900100,0,0,0
109900101,0,0,0
109900102,0,0,0
109900103,0,1,-1
109900104,1,52,-51
109900105,0,0,0
109900106,0,0,0
109900107,0,0,0
109900108,2,24,-22
109900109,0,9,-9
109900111,0,12,-12
109900114,0,0,0
109900115,0,0,0
109900117,0,0,0
109900121,3,2,1
109900123,0,1,-1
109900125,0,3,-3
109900126,0,4,-4
109900130,106,1,105
109900131,0,0,0
109900132,0,0,0
109900134,0,0,0
109900135,8,2,6
109900137,0,0,0
109900140,3,5,-2
109900149,0,2,-2
109900150,0,1,-1
109900151,0,2,-2
109900152,0,0,0
109900153,0,0,0
109900154,0,0,0
109900155,0,0,0
109900157,1,6,-5
109900159,0,0,0
109900161,1,3,-2
109900162,1,4,-3
109900163,4,3,1
109900164,1,17,-16
109900165,2,0,2
109900166,0,1,-1
109900167,0,24,-24
109900168,2,21,-19
109900169,3,15,-12
109900170,4,15,-11
109900171,2,1,1
109900172,12,7,5
109900173,142,19,123
109900174,3,2,1
109900175,3,5,-2
109900176,10,13,-3
109900177,1,18,-17
109900178,0,3,-3
109900179,0,0,0
109900180,0,1,-1
110000001,58,175,-117
110000002,42,69,-27
110000003,515,214,301
110000004,123,57,66
110000005,216,54,162
110000006,18,57,-39
110000007,1,8,-7
110000008,2,11,-9
110000009,0,0,0
110000010,2,15,-13
110000011,0,4,-4
110000012,115,100,15
110000013,2,24,-22
110000014,68,15,53
110000015,0,3,-3
110000016,22,29,-7
110000017,14,6,8
110000018,93,8,85
110000019,0,10,-10
110000020,12,20,-8
110000021,10,3,7
110000022,5,0,5
110000023,0,26,-26
110000024,61,90,-29
110000025,5,0,5
110000026,1,21,-20
110000027,35,24,11
110000028,3,5,-2
110000029,41,154,-113
110000030,2,3,-1
110000031,19,78,-59
110000032,4,3,1
110000033,1,2,-1
110000034,34,90,-56
110000035,4,10,-6
110000036,16,61,-45
110000037,4,12,-8
110000038,26,35,-9
110000039,27,12,15
110000040,16,11,5
110000041,0,0,0
110000042,4,13,-9
110000043,0,0,0
110000044,0,5,-5
110000045,0,0,0
110000046,0,0,0
110000047,0,0,0
110000048,0,0,0
110000049,0,0,0
110000050,0,0,0
110000051,0,0,0
110000052,0,0,0
110000053,0,0,0
110000054,1,4,-3
110000055,0,0,0
110000056,0,0,0
110000057,35,131,-96
110000058,9,12,-3
110000059,90,177,-87
110000060,21,59,-38
110000061,189,274,-85
110000062,112,102,10
110000063,27,12,15
110000064,0,0,0
110000065,1,8,-7
110000066,2,4,-2
110000067,0,0,0
110000068,0,1,-1
110000069,1,4,-3
110000071,1,4,-3
110000073,0,0,0
110000075,0,13,-13
110000076,2,2,0
110000077,12,4,8
110000078,0,4,-4
110000080,24,123,-99
110000081,1,24,-23
110000082,3,32,-29
110000083,25,145,-120
110000084,24,30,-6
110000085,260,183,77
110000086,20,95,-75
110000087,1,14,-13
110000088,1,109,-108
110000089,1,3,-2
110000090,3,25,-22
110000091,125,25,100
110000092,0,3,-3
110000093,59,0,59
110000094,50,96,-46
110000095,3,47,-44
110000096,288,210,78
110000097,63,62,1
110000098,40,40,0
110000099,46,146,-100
110000100,0,22,-22
110000101,1,25,-24
110000102,2,8,-6
110000104,2,1,1
110000105,0,12,-12
110000106,10,14,-4
110000107,3,8,-5
110000108,24,0,24
110000109,9,103,-94
110000110,365,35,330
110000111,637,203,434
110000112,46,17,29
110000113,18,15,3
110000114,2,14,-12
110000115,8,13,-5
110000116,2,3,-1
110000117,0,30,-30
110000118,21,6,15
110000119,15,30,-15
110000120,24,9,15
110000121,13,35,-22
110000122,18,70,-52
110000123,8,9,-1
110000124,1,124,-123
110000125,0,0,0
110000126,0,0,0
110000127,0,0,0
110000128,0,203,-203
110000129,1,106,-105
110000130,0,0,0
110000131,7,131,-124
110000132,0,130,-130
110000133,7,17,-10
110000134,2,39,-37
110000135,0,0,0
110000136,3,35,-32
110000137,2,18,-16
110000138,11,76,-65
110000139,5,19,-14
110000140,0,0,0
110000143,4,21,-17
110000144,328,121,207
110000145,77,32,45
110000146,152,42,110
110000147,10,45,-35
110000148,0,0,0
110000151,5,13,-8
110000152,25,22,3
110000153,0,2,-2
110000154,0,0,0
110000155,175,293,-118
110000156,34,172,-138
110000157,93,227,-134
110000160,11,27,-16
110000161,17,20,-3
110000166,0,1,-1
110000167,24,47,-23
110000168,47,26,21
110000169,13,9,4
110000170,3,5,-2
110000171,11,6,5
110000172,16,121,-105
110000173,85,147,-62
110000174,2,96,-94
110000175,0,0,0
110000176,0,0,0
110000177,3,20,-17
110000178,210,33,177
110000179,60,51,9
110000180,5,25,-20
110000181,8,38,-30
110000182,35,44,-9
110000183,314,206,108
110000184,51,73,-22
110000185,23,88,-65
110000186,30,37,-7
110000191,2,35,-33
110000192,2,0,2
110000193,30,0,30
110000194,0,101,-101
110000195,1,12,-11
110000196,6,20,-14
110000197,0,4,-4
110000198,3,2,1
110000199,3,7,-4
110000200,36,53,-17
110000201,9,20,-11
110000202,42,26,16
110000203,26,68,-42
110000204,0,20,-20
110000205,0,5,-5
110000206,6,119,-113
110000207,8,12,-4
110000208,1,2,-1
110000209,18,55,-37
110000210,0,0,0
110000211,0,0,0
110000212,23,25,-2
110000213,2,1,1
110000214,2,2,0
110000215,5,38,-33
110000216,3,38,-35
110000217,3,10,-7
110000218,3,23,-20
110000219,2,1,1
110000220,2,49,-47
110000221,6,2,4
110000222,0,26,-26
110000223,0,1,-1
110000224,0,0,0
110000225,1,41,-40
110000226,1,2,-1
110000227,18,28,-10
110000228,6,0,6
110000229,1,23,-22
110000230,9,22,-13
110000231,2,10,-8
110000232,2,35,-33
110000233,0,12,-12
110000234,2,25,-23
110000235,6,28,-22
110000236,64,208,-144
110000237,103,131,-28
110000238,10,58,-48
110000239,59,146,-87
110000240,1,8,-7
110000242,0,13,-13
110000243,0,12,-12
110000244,1,39,-38
110000245,2,53,-51
110000246,12,34,-22
110000247,34,125,-91
110000248,5,55,-50
110000249,0,0,0
110000250,0,5,-5
110000251,2,10,-8
110000252,6,12,-6
110000253,17,2,15
110000254,52,116,-64
110000255,5,95,-90
110000256,9,2,7
110000257,22,79,-57
110000258,1,22,-21
110000259,3,0,3
110000260,1,22,-21
110000263,26,6,20
110000264,4,21,-17
110000265,193,127,66
110000266,114,94,20
110000267,0,26,-26
110000268,0,15,-15
110000269,1,12,-11
110000270,0,0,0
110000271,0,2,-2
110000272,42,166,-124
110000273,74,215,-141
110000274,9,59,-50
110000275,133,39,94
110000276,9,35,-26
110000277,10,9,1
110000278,13,50,-37
110000279,2,24,-22
110000280,4,20,-16
110000281,0,17,-17
110000282,1,1,0
110000283,0,5,-5
110000284,1,3,-2
110000285,0,30,-30
110000286,0,0,0
110000287,0,0,0
110000288,1,4,-3
110000289,4,164,-160
110000290,59,113,-54
110000291,98,166,-68
110000292,78,166,-88
110000293,6,78,-72
110000294,18,94,-76
110000295,0,36,-36
110000296,10,89,-79
110000297,72,51,21
110000298,23,29,-6
110000299,0,0,0
110000301,0,0,0
110000302,17,78,-61
110000303,0,0,0
110000304,9,18,-9
110000305,0,0,0
110000306,2,174,-172
110000307,3,0,3
110000308,1,1,0
110000309,0,137,-137
110000310,4,3,1
110000311,0,90,-90
110000312,32,1,31
110000313,61,218,-157
110000314,0,32,-32
110000315,247,223,24
110000316,128,314,-186
110000317,26,41,-15
110000318,0,4,-4
110000319,0,0,0
110000320,1,11,-10
110000321,0,1,-1
110000322,3,5,-2
110000323,6,15,-9
110000324,511,279,232
110000325,2,13,-11
110000327,0,14,-14
110000328,16,83,-67
110000333,1,0,1
110000334,38,126,-88
110000335,17,15,2
110000336,11,139,-128
110000337,19,8,11
110000338,4,6,-2
110000339,4,11,-7
110000340,1,6,-5
110000341,14,106,-92
110000342,0,0,0
110000343,0,7,-7
110000344,5,33,-28
110000345,0,0,0
110000346,198,102,96
110000347,132,15,117
110000348,1,1,0
110000349,2,0,2
110000350,0,0,0
110000351,14,40,-26
110000352,10,185,-175
110000353,161,45,116
110000354,22,221,-199
110000355,0,7,-7
110000356,0,0,0
110000357,9,0,9
110000361,0,5,-5
110000362,0,1,-1
110000363,5,7,-2
110000364,0,10,-10
110000365,0,0,0
110000366,0,15,-15
110000367,13,30,-17
110000368,1,2,-1
110000369,0,0,0
110000373,1,48,-47
110000374,1,0,1
110000375,3,93,-90
110000376,3,18,-15
110000377,0,0,0
110000378,0,64,-64
110000379,276,140,136
110000380,0,1,-1
110000383,0,45,-45
110000384,1,11,-10
110000385,0,15,-15
110000387,0,3,-3
110000388,1,36,-35
110000389,0,0,0
110000391,0,30,-30
110000396,0,7,-7
110000397,0,5,-5
110000398,0,0,0
110000399,22,27,-5
110000587,1,0,1
110000589,0,0,0
110000640,4,2,2
110000652,1,0,1
110000653,6,56,-50
110000654,0,4,-4
110000656,0,54,-54
110000674,0,0,0
110000675,0,0,0
110000676,0,7,-7
110000679,47,34,13
110000682,0,0,0
110000683,2,5,-3
110000684,0,5,-5
110000685,0,0,0
110000686,1,6,-5
110000687,0,0,0
110000688,16,1,15
110000689,5,1,4
110000692,0,2,-2
110000693,0,28,-28
110000694,0,95,-95
110000695,5,113,-108
110000696,0,0,0
110000698,1,7,-6
110000699,45,38,7
110900001,0,0,0
110900002,0,2,-2
110900003,0,38,-38
110900004,0,16,-16
110900005,39,13,26
110900006,0,0,0
110900007,0,0,0
110900008,0,4,-4
110900009,0,0,0
110900010,0,3,-3
110900011,0,9,-9
110900012,0,4,-4
110900013,0,0,0
110900014,0,0,0
110900015,0,0,0
110900016,0,4,-4
110900017,0,0,0
110900018,0,0,0
110900019,0,0,0
110900020,0,11,-11
110900021,2,22,-20
110900022,1,10,-9
110900023,0,25,-25
110900024,0,17,-17
110900025,0,2,-2
110900027,1,3,-2
110900028,0,3,-3
110900029,0,23,-23
110900030,1,2,-1
110900031,0,9,-9
110900032,0,3,-3
110900033,0,9,-9
110900035,2,23,-21
110900036,0,0,0
110900037,0,0,0
110900038,3,0,3
110900039,0,9,-9
110900040,2,0,2
110900041,0,7,-7
110900042,0,0,0
110900043,0,14,-14
110900044,0,0,0
110900045,0,22,-22
110900046,10,16,-6
110900047,0,0,0
110900049,0,0,0
110900050,0,0,0
110900052,3,15,-12
110900053,0,0,0
110900054,1,15,-14
110900055,0,0,0
110900056,1,3,-2
110900057,0,18,-18
110900058,0,0,0
110900059,17,35,-18
110900060,0,0,0
110900061,0,0,0
110900062,0,0,0
110900063,0,0,0
110900064,0,0,0
110900065,7,1,6
110900066,0,3,-3
110900067,0,0,0
110900068,5,10,-5
110900069,0,2,-2
110900070,4,6,-2
110900071,0,0,0
110900073,0,0,0
110900074,0,3,-3
110900075,1,2,-1
110900077,0,0,0
110900078,0,4,-4
110900079,39,9,30
110900080,0,0,0
110900081,0,6,-6
110900082,0,0,0
110900083,0,0,0
110900084,0,9,-9
110900085,0,18,-18
110900086,0,0,0
110900087,0,0,0
110900088,0,0,0
110900090,0,0,0
110900091,0,0,0
110900093,0,0,0
110900095,0,0,0
110900097,0,0,0
110900098,0,2,-2
110900099,0,14,-14
110900100,0,0,0
110900102,0,1,-1
110900105,8,8,0
110900108,0,3,-3
110900111,2,1,1
110900112,0,0,0
110900113,0,0,0
110900115,0,0,0
110900116,4,121,-117
110900118,2,1,1
110900119,198,9,189
110900120,0,8,-8
110900121,0,0,0
110900122,0,1,-1
110900125,4,1,3
110900127,11,29,-18
110900128,7,19,-12
110900129,0,0,0
110900130,18,0,18
110900131,0,0,0
110900132,0,0,0
110900133,0,7,-7
110900135,6,22,-16
110900136,0,0,0
110900138,0,0,0
110900139,0,0,0
110900140,0,0,0
110900141,0,5,-5
110900142,0,9,-9
110900143,0,0,0
110900144,0,86,-86
110900145,3,0,3
110900146,5,0,5
110900147,16,44,-28
110900148,0,30,-30
110900149,0,0,0
110900150,1,0,1
110900151,0,4,-4
110900152,6,19,-13
110900153,0,0,0
111000001,208,64,144
111000002,233,161,72
111000003,41,31,10
111000004,95,166,-71
111000005,52,60,-8
111000006,151,306,-155
111000007,216,175,41
111000008,436,254,182
111000009,123,152,-29
111000010,44,60,-16
111000011,291,210,81
111000012,94,60,34
111000013,79,211,-132
111000014,69,70,-1
111000017,7,48,-41
111000018,18,83,-65
111000020,145,403,-258
111000021,0,0,0
111000023,0,0,0
111000025,290,186,104
111000029,8,21,-13
111000030,1,12,-11
111000031,35,7,28
111000032,28,2,26
111000033,0,0,0
111000034,5,59,-54
111000037,113,114,-1
111000038,124,160,-36
111000039,66,112,-46
111000040,79,137,-58
111000041,33,50,-17
111000042,202,135,67
111000043,0,0,0
111000044,0,0,0
111000045,5,17,-12
111000046,2,17,-15
111000047,50,68,-18
111000049,34,87,-53
111000050,129,287,-158
111000051,30,135,-105
111000052,96,204,-108
111000053,37,112,-75
111000054,37,140,-103
111000055,85,259,-174
111000056,10,63,-53
111000057,7,48,-41
111000058,12,28,-16
111000059,6,42,-36
111000060,67,46,21
111000061,36,29,7
111000062,5,43,-38
111000063,40,48,-8
111000064,16,20,-4
111000065,20,50,-30
111000066,13,52,-39
111000067,13,63,-50
111000068,2,42,-40
111000069,145,186,-41
111000070,227,138,89
111000071,19,114,-95
111000072,0,0,0
111000073,0,0,0
111000074,0,0,0
111000075,0,0,0
111000076,0,0,0
111000077,29,42,-13
111000078,144,180,-36
111000079,73,48,25
111000080,15,38,-23
111000081,105,178,-73
111000082,31,72,-41
111000084,28,54,-26
111000085,47,47,0
111000086,35,53,-18
111000087,22,43,-21
111000088,154,55,99
111000089,34,82,-48
111000090,85,140,-55
111000091,35,115,-80
111000092,53,112,-59
111000093,14,52,-38
111000094,51,89,-38
111000095,16,174,-158
111000096,101,543,-442
111000097,458,119,339
111000098,22,141,-119
111000099,15,321,-306
111000100,22,229,-207
111000101,41,78,-37
111000102,5,66,-61
111000104,0,0,0
111000107,9,74,-65
111000109,0,0,0
111000110,9,6,3
111000111,5,3,2
111000112,7,0,7
111000113,5,2,3
111000114,11,4,7
111000115,224,37,187
111000116,16,30,-14
111000117,17,40,-23
111000118,40,17,23
111000119,41,49,-8
111000120,15,12,3
111000121,3,26,-23
111000122,9,134,-125
111000123,23,269,-246
111000124,27,302,-275
111000125,14,217,-203
111000126,2,72,-70
111000127,0,0,0
111000128,0,0,0
111000129,0,0,0
111000130,13,50,-37
111000131,20,17,3
111000132,0,0,0
111000133,3,8,-5
111000134,4,4,0
111000135,3,12,-9
111000136,3,12,-9
111000138,0,0,0
111000140,0,1,-1
111000141,6,28,-22
111000142,1,14,-13
111000143,0,3,-3
111000144,1,7,-6
111000145,0,0,0
111000146,0,0,0
111000147,0,0,0
111000148,2,6,-4
111000149,0,3,-3
111000150,0,1,-1
111000151,5,16,-11
111000153,32,25,7
111000154,11,22,-11
111000155,2,17,-15
111000156,0,0,0
111000157,0,0,0
111000158,0,0,0
111000159,0,0,0
111000160,0,0,0
111000161,0,0,0
111000162,0,12,-12
111000163,20,71,-51
111000164,113,188,-75
111000165,101,77,24
111000166,40,22,18
111000167,25,32,-7
111000168,9,26,-17
111000169,4,19,-15
111000170,10,16,-6
111000171,12,30,-18
111000172,5,29,-24
111000173,12,64,-52
111000174,4,31,-27
111000175,0,13,-13
111000176,6,14,-8
111000177,6,29,-23
111000178,40,42,-2
111000179,2,20,-18
111000180,13,32,-19
111000181,24,13,11
111000182,1,8,-7
111000183,8,7,1
111000184,11,6,5
111000185,30,62,-32
111000186,6,48,-42
111000187,1,64,-63
111000188,5,72,-67
111000189,106,37,69
111000190,31,85,-54
111000191,9,54,-45
111000192,31,78,-47
111000193,30,50,-20
111000194,1,43,-42
111000195,4,37,-33
111000196,4,22,-18
111000197,0,0,0
111000198,0,0,0
111000199,0,0,0
111000200,0,0,0
111000201,0,0,0
111000202,0,0,0
111000203,0,0,0
111000204,0,0,0
111000213,1,5,-4
111000214,60,86,-26
111000215,45,106,-61
111000217,43,62,-19
111000218,25,90,-65
111000219,26,89,-63
111000220,4,66,-62
111000221,0,0,0
111000224,108,91,17
111000225,4,31,-27
111000226,0,0,0
111000227,0,0,0
111000228,0,21,-21
111000229,1,47,-46
111000230,0,0,0
111000231,0,0,0
111000232,18,93,-75
111000233,21,55,-34
111000234,4,35,-31
111000239,9,25,-16
111000240,0,0,0
111000241,1,30,-29
111000242,0,0,0
111000243,4,91,-87
111000244,0,0,0
111000245,1,1,0
111000246,0,6,-6
111000247,14,109,-95
111000248,2,1,1
111000249,39,83,-44
111000250,1,9,-8
111000251,4,13,-9
111000253,0,0,0
111000255,0,0,0
111000257,0,0,0
111000260,10,88,-78
111000261,0,0,0
111000271,2,24,-22
111000273,214,56,158
111000274,41,103,-62
111000275,0,0,0
111000276,8,148,-140
111000277,15,32,-17
111000278,13,3,10
111000291,19,41,-22
111000298,11,5,6
111000299,0,0,0
111000300,0,34,-34
111000302,1,0,1
111000303,4,14,-10
111000312,1,5,-4
111000315,13,43,-30
111000320,5,27,-22
111000321,5,4,1
111000322,2,47,-45
111000323,1,0,1
111000324,0,0,0
111000325,2,6,-4
111000326,1,15,-14
111000327,11,30,-19
111000328,5,30,-25
111000329,0,5,-5
111000330,0,0,0
111000331,2,0,2
111000332,20,81,-61
111000334,24,196,-172
111000335,13,13,0
111000337,21,94,-73
111000338,1,6,-5
111000339,8,51,-43
111000340,2,73,-71
111000341,26,11,15
111000342,6,38,-32
111000344,37,75,-38
111000345,1,1,0
111000346,1,5,-4
111000347,1,2,-1
111000350,1,1,0
111000351,10,14,-4
111000352,1,0,1
111000353,6,14,-8
111000354,2,0,2
111000355,8,27,-19
111000358,1,118,-117
111000360,0,55,-55
111000361,1,28,-27
111000546,23,82,-59
111000547,1,8,-7
111000548,8,34,-26
111000549,3,17,-14
111000550,2,42,-40
111000551,17,0,17
111000552,4,1,3
111000907,0,3,-3
111000908,0,0,0
111000916,32,47,-15
111000917,16,45,-29
111000918,0,69,-69
111000920,0,0,0
111000921,0,74,-74
111000922,11,61,-50
111000924,3,98,-95
111000925,65,218,-153
111000926,152,451,-299
111000927,347,413,-66
111000928,730,573,157
111000929,44,105,-61
111000930,61,489,-428
111000931,76,191,-115
111000932,317,501,-184
111000933,100,68,32
111000934,304,474,-170
111000935,21,49,-28
111000936,115,348,-233
111000937,84,14,70
111000938,128,517,-389
111000939,0,0,0
111000940,6,21,-15
111000941,0,17,-17
111000943,7,16,-9
111000944,7,14,-7
111000945,1,226,-225
111001109,0,0,0
111001110,52,167,-115
111001111,0,2,-2
111001112,26,3,23
111001113,0,40,-40
111001114,0,0,0
111001115,9,28,-19
111001116,177,22,155
111001117,97,104,-7
111001120,2,35,-33
111001121,8,30,-22
111001122,8,49,-41
111001123,0,0,0
111001124,6,10,-4
111001125,0,0,0
111001126,0,0,0
111001127,0,0,0
111001128,30,50,-20
111001129,0,0,0
111900001,0,9,-9
111900002,0,7,-7
111900003,0,8,-8
111900004,1,1,0
111900006,0,0,0
111900007,0,0,0
111900008,0,0,0
111900009,0,0,0
111900010,2,13,-11
111900012,14,2,12
111900013,0,2,-2
111900014,208,13,195
111900015,0,3,-3
111900016,0,11,-11
111900017,0,3,-3
111900018,0,0,0
111900019,0,5,-5
111900020,0,4,-4
111900021,0,5,-5
111900022,1,0,1
111900023,12,2,10
111900024,0,7,-7
111900025,0,3,-3
111900026,0,4,-4
111900027,0,0,0
111900028,0,17,-17
111900029,0,0,0
111900030,0,0,0
111900032,0,15,-15
111900033,0,0,0
111900034,0,0,0
111900035,0,8,-8
111900036,0,37,-37
111900038,0,0,0
111900039,0,8,-8
111900040,1,60,-59
111900042,0,0,0
111900043,0,29,-29
111900044,0,0,0
111900046,6,3,3
111900048,0,45,-45
111900049,1,11,-10
111900050,0,0,0
111900051,0,15,-15
111900052,15,13,2
111900053,0,0,0
111900054,0,0,0
111900055,0,40,-40
111900056,0,0,0
111900057,0,1,-1
111900058,0,48,-48
111900059,0,0,0
111900060,0,0,0
111900061,1,15,-14
111900062,0,0,0
111900063,0,12,-12
111900064,2,29,-27
111900065,0,0,0
111900066,0,0,0
111900067,0,18,-18
111900068,0,0,0
111900069,0,0,0
111900070,0,0,0
111900071,0,7,-7
111900072,0,0,0
111900073,0,0,0
111900074,0,5,-5
111900075,0,0,0
111900076,0,0,0
111900077,0,0,0
111900078,0,0,0
111900079,0,0,0
111900080,0,0,0
111900082,0,0,0
111900083,1,1,0
111900084,0,0,0
111900085,0,0,0
111900086,0,0,0
111900087,0,0,0
111900088,0,0,0
111900089,0,0,0
111900090,0,0,0
111900091,0,0,0
111900092,0,0,0
111900093,0,0,0
111900094,0,0,0
111900095,0,0,0
111900096,1,0,1
111900097,0,0,0
111900098,0,0,0
111900099,0,0,0
111900100,6,0,6
111900101,0,0,0
111900102,1,35,-34
111900103,0,0,0
111900104,0,0,0
111900105,0,0,0
111900106,22,0,22
111900110,59,0,59
111900111,0,0,0
111900112,8,2,6
111900113,0,0,0
111900118,0,0,0
111900119,0,0,0
111900122,0,0,0
111900123,0,0,0
111900124,1,0,1
111900125,0,0,0
111900126,0,0,0
111900127,0,0,0
111900128,0,0,0
111900129,0,0,0
111900130,0,0,0
111900131,0,0,0
111900132,0,0,0
111900133,0,0,0
111900134,4,16,-12
111900135,0,0,0
111900136,0,0,0
111900137,4,1,3
111900138,0,0,0
111900139,0,2,-2
111900140,0,0,0
111900141,0,0,0
111900142,0,0,0
111900143,0,5,-5
111900144,0,1,-1
111900145,0,10,-10
111900146,0,8,-8
111900147,1,30,-29
111900148,0,8,-8
111900149,0,6,-6
111900150,0,7,-7
111900151,0,0,0
111900152,2,0,2
111900153,5,0,5
111900154,0,0,0
111900155,0,0,0
111900156,0,0,0
111900157,0,0,0
111900158,0,0,0
111900159,0,0,0
111900160,0,0,0
111900161,0,0,0
111900162,0,0,0
111900163,0,0,0
111900164,0,0,0
111901113,0,5,-5
111901114,0,0,0
111901115,0,0,0
111901116,0,0,0
111901117,0,0,0
111901118,0,0,0
111901119,0,0,0
111901121,0,0,0
111901122,0,0,0
111901123,0,11,-11
111901124,0,0,0
111901125,0,0,0
111901127,0,0,0
111901128,0,0,0
111901129,0,0,0
111901130,0,0,0
111901131,0,14,-14
111901132,0,0,0
111901133,0,0,0
111901134,0,0,0
111901135,0,0,0
111901138,0,0,0
111901139,0,0,0
111901140,0,0,0
111901141,0,0,0
111901142,0,0,0
111901143,0,0,0
111901144,0,0,0
111901145,0,0,0
111901146,2,0,2
111901147,0,0,0
111901148,0,0,0
111901149,0,0,0
111901150,0,0,0
111901151,0,0,0
111901152,0,0,0
112000001,85,80,5
112000002,137,270,-133
112000003,33,83,-50
112000004,43,174,-131
112000005,103,177,-74
112000006,124,239,-115
112000007,41,71,-30
112000008,77,166,-89
112000009,304,374,-70
112000010,109,123,-14
112000011,158,262,-104
112000012,50,161,-111
112000013,545,322,223
112000014,19,40,-21
112000015,103,217,-114
112000016,30,32,-2
112000017,60,111,-51
112000024,286,75,211
112000026,422,632,-210
112000027,1,1,0
112000028,190,271,-81
112000029,2,3,-1
112000030,34,9,25
112000031,70,67,3
112000032,69,4,65
112000033,135,20,115
112000034,58,5,53
112000035,2,29,-27
112000036,26,8,18
112000037,24,55,-31
112000038,11,13,-2
112000039,0,0,0
112000040,3,9,-6
112000041,8,14,-6
112000042,29,21,8
112000050,0,0,0
112000051,10,32,-22
112000054,218,97,121
112000057,30,47,-17
112000058,37,41,-4
112000059,0,0,0
112000061,321,135,186
112000062,125,18,107
112000063,8,35,-27
112000064,559,585,-26
112000065,264,217,47
112000066,1,2,-1
112000067,31,65,-34
112000068,1,0,1
112000069,49,150,-101
112000070,1,6,-5
112000071,69,220,-151
112000072,2,11,-9
112000073,42,98,-56
112000074,0,14,-14
112000075,10,6,4
112000076,111,136,-25
112000077,9,77,-68
112000078,15,51,-36
112000079,42,106,-64
112000080,4,41,-37
112000081,144,159,-15
112000082,14,3,11
112000083,46,116,-70
112000084,7,1,6
112000085,70,85,-15
112000086,2,7,-5
112000087,10,64,-54
112000088,1,1,0
112000089,4,32,-28
112000090,1,1,0
112000091,58,159,-101
112000092,31,44,-13
112000093,151,228,-77
112000094,5,37,-32
112000095,57,124,-67
112000096,16,21,-5
112000097,2,4,-2
112000098,52,165,-113
112000099,0,2,-2
112000100,12,3,9
112000101,22,66,-44
112000102,5,2,3
112000103,18,141,-123
112000105,50,284,-234
112000106,6,3,3
112000107,0,0,0
112000108,4,75,-71
112000109,0,0,0
112000110,33,17,16
112000111,47,545,-498
112000112,5,9,-4
112000113,105,322,-217
112000114,4,8,-4
112000115,6,16,-10
112000116,0,31,-31
112000117,1,13,-12
112000118,28,80,-52
112000119,19,98,-79
112000120,4,62,-58
112000121,0,0,0
112000122,0,0,0
112000123,0,0,0
112000124,0,0,0
112000125,0,0,0
112000126,0,0,0
112000127,89,25,64
112000128,71,20,51
112000129,1,20,-19
112000130,6,4,2
112000131,0,13,-13
112000132,1,35,-34
112000133,0,17,-17
112000134,5,56,-51
112000135,2,3,-1
112000136,61,146,-85
112000137,4,2,2
112000138,26,86,-60
112000139,0,0,0
112000140,17,91,-74
112000141,0,0,0
112000142,12,61,-49
112000143,0,0,0
112000144,21,173,-152
112000145,0,0,0
112000146,29,290,-261
112000147,0,0,0
112000148,64,265,-201
112000149,0,0,0
112000150,6,62,-56
112000151,3,3,0
112000152,6,13,-7
112000153,11,5,6
112000154,2,5,-3
112000155,11,1,10
112000157,29,40,-11
112000158,5,16,-11
112000159,4,41,-37
112000167,12,1,11
112000169,2,10,-8
112000173,1,1,0
112000175,4,15,-11
112000176,204,252,-48
112000177,0,1,-1
112000178,0,1,-1
112000179,2,4,-2
112000180,5,29,-24
112000181,96,224,-128
112000182,3,102,-99
112000183,0,0,0
112000184,0,0,0
112000185,11,51,-40
112000187,105,157,-52
112000195,0,0,0
112000196,0,0,0
112000197,0,0,0
112000198,0,0,0
112000199,21,8,13
112000202,0,0,0
112000216,5,4,1
112000230,0,0,0
112000231,0,0,0
112000256,0,0,0
112000313,6,3,3
112000314,0,0,0
112000337,0,31,-31
112000352,6,2,4
112000392,40,55,-15
112000398,41,16,25
112000399,6,19,-13
112000400,89,415,-326
112000401,806,255,551
112000402,56,83,-27
112000403,6,21,-15
112000404,10,41,-31
112000405,20,59,-39
112000406,267,330,-63
112000407,139,152,-13
112000408,816,740,76
112000409,134,642,-508
112000410,0,0,0
112000411,7,0,7
112000412,23,9,14
112000413,9,0,9
112000414,1,4,-3
112000415,0,0,0
112000416,43,32,11
112000417,0,0,0
112000421,3,12,-9
112000422,9,20,-11
112000424,16,77,-61
112000425,6,45,-39
112000426,7,42,-35
112000427,0,1,-1
112000428,1,26,-25
112000429,188,253,-65
112000430,192,425,-233
112000431,0,0,0
112000432,48,268,-220
112000433,25,15,10
112000437,1,12,-11
112900001,0,0,0
112900002,0,0,0
112900003,3,16,-13
112900004,0,0,0
112900005,0,6,-6
112900007,0,0,0
112900008,0,0,0
112900009,0,0,0
112900010,0,9,-9
112900011,4,1,3
112900012,0,0,0
112900013,0,0,0
112900014,0,3,-3
112900015,16,66,-50
112900016,0,0,0
112900017,0,0,0
112900018,0,37,-37
112900019,1,5,-4
112900020,17,85,-68
112900021,0,0,0
112900022,0,0,0
112900023,0,10,-10
112900024,0,0,0
112900025,0,0,0
112900026,0,13,-13
112900027,0,0,0
112900028,0,0,0
112900029,0,0,0
112900030,5,15,-10
112900031,0,0,0
112900032,0,7,-7
112900034,0,0,0
112900035,0,0,0
112900036,1,4,-3
112900037,0,0,0
112900038,0,0,0
112900039,0,0,0
112900040,0,2,-2
112900041,14,8,6
112900042,0,0,0
112900043,0,0,0
112900044,14,23,-9
112900045,0,0,0
112900046,0,0,0
112900047,0,1,-1
112900049,0,0,0
112900050,5,14,-9
112900051,6,33,-27
112900052,0,0,0
112900053,1,11,-10
112900054,2,0,2
112900055,2,0,2
112900056,0,0,0
112900057,0,0,0
112900058,1,1,0
112900059,0,3,-3
112900060,0,0,0
112900061,0,4,-4
112900062,0,1,-1
112900063,0,0,0
112900064,0,0,0
112900065,0,0,0
112900066,1,3,-2
112900067,0,0,0
112900068,0,0,0
112900069,53,1,52
112900071,0,0,0
112900072,0,0,0
112900073,3,0,3
112900074,0,0,0
112900075,1,1,0
112900076,0,0,0
112900078,0,0,0
112900079,0,0,0
112900080,0,0,0
112900081,0,0,0
112900082,2,0,2
112900083,0,0,0
112900084,0,0,0
112900086,0,0,0
112900087,0,0,0
112900088,0,0,0
112900089,5,0,5
112900090,0,0,0
112900091,0,0,0
112900092,0,0,0
112900093,0,0,0
112900095,0,0,0
112900096,5,0,5
112900097,0,14,-14
112900098,0,0,0
112900099,3,0,3
112900100,0,0,0
112900101,0,0,0
112900102,0,0,0
112900103,0,0,0
112900104,0,0,0
112900105,0,0,0
112900106,1,0,1
112900107,0,0,0
112900108,0,0,0
112900109,0,0,0
112900110,0,0,0
112900111,0,0,0
112900112,0,0,0
112900113,0,1,-1
112900114,0,0,0
112900115,5,0,5
112900116,0,0,0
112900117,2,7,-5
112900118,0,0,0
112900119,0,0,0
112900120,41,27,14
112900121,2,5,-3
112900122,0,0,0
112900123,0,0,0
112900124,0,0,0
112900125,0,3,-3
112900126,6,8,-2
112900127,0,0,0
112900128,9,93,-84
112900129,0,52,-52
112900130,0,0,0
112900131,3,37,-34
112900132,1,38,-37
112900133,0,36,-36
112900134,0,30,-30
112900135,0,0,0
112900137,0,45,-45
112900138,0,25,-25
112900139,36,62,-26
112900141,0,1,-1
112900142,0,0,0
112900143,2,39,-37
112900144,0,37,-37
112900145,9,40,-31
112900146,1,41,-40
112900147,1,209,-208
112900148,0,0,0
112900149,0,5,-5
112900151,0,0,0
112900152,143,21,122
112900153,0,0,0
112900154,0,0,0
112900155,0,0,0
112900156,0,35,-35
112900157,0,1,-1
112900158,0,0,0
112900159,0,1,-1
112900160,0,3,-3
112900161,0,0,0
112900162,0,0,0
112900163,0,0,0
112900164,0,0,0
112900165,0,0,0
112900166,0,0,0
112900167,0,0,0
112900168,0,0,0
112900169,0,0,0
112900170,0,0,0
112900172,0,0,0
112900173,1,2,-1
112900174,0,0,0
112900175,0,0,0
112900176,0,0,0
112900177,0,0,0
112900178,0,0,0
112900179,1,20,-19
112900180,0,102,-102
112900181,0,0,0
112900182,0,37,-37
112900183,1,0,1
112900184,18,13,5
112900185,0,5,-5
112900186,16,10,6
112900187,0,0,0
112900188,37,9,28
112900189,0,0,0
112900190,0,0,0
112900192,1,0,1
112900193,8,2,6
112900194,0,0,0
112900195,0,0,0
112900196,14,40,-26
112900197,3,31,-28
112900199,0,0,0
112900200,0,0,0
112900201,0,0,0
112900202,1,34,-33
112900203,0,0,0
112900204,7,3,4
112900205,0,0,0
112900206,0,0,0
112900207,0,0,0
112900208,0,2,-2
112900209,4,38,-34
112900210,0,0,0
112900211,0,0,0
112900212,0,0,0
112900213,1,0,1
112900214,0,0,0
112900215,0,0,0
112900216,0,0,0
112900217,0,8,-8
112900218,0,0,0
112900219,0,0,0
112900220,0,0,0
112900221,0,0,0
112900222,0,0,0
112900223,0,0,0
112900224,0,32,-32
112900225,1,50,-49
112900226,3,3,0
112900227,0,21,-21
112900228,0,0,0
112900229,0,0,0
112900230,124,33,91
112900232,1,2,-1
112900233,0,8,-8
112900234,0,0,0
112900235,0,0,0
112900236,0,0,0
112900237,0,0,0
112900238,0,0,0
112900239,24,12,12
112900240,0,11,-11
112900241,0,7,-7
112900242,0,9,-9
112900243,0,14,-14
112900244,0,22,-22
112900245,0,4,-4
112900246,0,0,0
112900247,0,1,-1
112900248,0,0,0
112900249,0,0,0
112900250,0,0,0
112900251,0,0,0
112900252,0,0,0
112900253,0,0,0
112900254,0,0,0
112900255,0,0,0
112900256,0,0,0
112900257,0,0,0
112900258,0,0,0
113000001,476,389,87
113000002,200,83,117
113000003,267,151,116
113000004,225,73,152
113000005,67,67,0
113000006,45,29,16
113000007,60,119,-59
113000008,83,46,37
113000009,184,140,44
113000010,88,43,45
113000011,24,147,-123
113000012,66,48,18
113000013,113,58,55
113000014,17,97,-80
113000015,0,19,-19
113000016,25,38,-13
113000017,2,37,-35
113000018,5,3,2
113000019,4,43,-39
113000020,0,0,0
113000021,30,90,-60
113000022,20,159,-139
113000025,4,9,-5
113000026,2,7,-5
113000027,2,7,-5
113000028,40,18,22
113000029,0,0,0
113000030,96,84,12
113000031,46,34,12
113000032,0,0,0
113000033,0,0,0
113000034,35,30,5
113000035,4,5,-1
113000036,0,0,0
113000037,12,10,2
113000038,0,0,0
113000039,8,16,-8
113000040,6,7,-1
113000042,37,14,23
113000051,42,44,-2
113000052,138,11,127
113000053,6,38,-32
113000054,2,18,-16
113000055,17,41,-24
113000056,39,123,-84
113000058,69,102,-33
113000059,0,0,0
113000060,5,46,-41
113000061,15,12,3
113000062,33,0,33
113000063,0,0,0
113000064,0,0,0
113000065,7,82,-75
113000066,23,5,18
113000067,13,34,-21
113000068,13,130,-117
113000069,11,81,-70
113000070,13,23,-10
113000071,17,49,-32
113000072,8,5,3
113000073,31,80,-49
113000074,42,16,26
113000075,34,32,2
113000076,96,97,-1
113000077,0,0,0
113000078,53,209,-156
113000079,56,66,-10
113000080,1,1,0
113000081,0,0,0
113000082,53,80,-27
113000083,0,0,0
113000084,58,81,-23
113000085,16,7,9
113000086,66,95,-29
113000087,7,5,2
113000088,233,118,115
113000089,14,11,3
113000090,0,12,-12
113000091,44,28,16
113000094,4,2,2
113000095,11,94,-83
113000096,12,120,-108
113000097,20,5,15
113000098,0,0,0
113000099,5,7,-2
113000100,7,51,-44
113000101,24,52,-28
113000102,2,3,-1
113000103,133,92,41
113000104,0,0,0
113000105,0,0,0
113000106,7,62,-55
113000107,41,14,27
113000108,55,131,-76
113000109,34,45,-11
113000110,0,0,0
113000111,4,17,-13
113000112,0,0,0
113000113,0,0,0
113000114,28,45,-17
113000116,12,1,11
113000117,17,1,16
113000118,0,3,-3
113000119,1,3,-2
113000120,0,2,-2
113000121,9,28,-19
113000124,0,0,0
113000125,0,0,0
113000127,194,28,166
113000128,0,0,0
113000129,132,77,55
113000133,255,53,202
113000134,2,35,-33
113000135,4,18,-14
113000137,0,0,0
113000139,0,0,0
113000140,12,36,-24
113000141,0,0,0
113000142,15,29,-14
113000143,0,0,0
113000144,25,43,-18
113000145,0,0,0
113000146,19,8,11
113000147,8,19,-11
113000148,0,0,0
113000149,0,0,0
113000150,31,44,-13
113000151,12,12,0
113000152,0,0,0
113000153,47,13,34
113000154,26,56,-30
113000155,18,13,5
113000156,14,26,-12
113000157,13,53,-40
113000158,67,25,42
113000159,91,42,49
113000160,30,60,-30
113000161,0,3,-3
113000162,90,39,51
113000163,0,0,0
113000164,18,12,6
113000166,0,0,0
113000167,12,21,-9
113000168,1,49,-48
113000169,0,0,0
113000170,0,0,0
113000171,30,25,5
113000172,0,0,0
113000173,0,0,0
113000174,8,112,-104
113000175,0,0,0
113000176,0,0,0
113000177,14,101,-87
113000178,14,70,-56
113000179,0,0,0
113000180,9,47,-38
113000181,59,57,2
113000182,8,16,-8
113000183,17,52,-35
113000184,4,9,-5
113000189,5,20,-15
113000190,24,6,18
113000192,248,76,172
113000193,196,58,138
113000194,121,84,37
113000195,50,29,21
113000196,5,11,-6
113000197,46,37,9
113000198,3,12,-9
113000199,1,2,-1
113000201,9,8,1
113000202,125,19,106
113000203,0,0,0
113000204,134,90,44
113000205,1,4,-3
113000206,0,0,0
113000207,3,1,2
113000208,0,0,0
113000209,1,3,-2
113000210,0,0,0
113000211,7,4,3
113000212,6,0,6
113000213,0,8,-8
113000214,2,21,-19
113000234,30,119,-89
113000410,2,2,0
113000411,236,417,-181
113000412,933,294,639
113000413,207,206,1
113000414,507,177,330
113000415,289,372,-83
113000416,719,574,145
113000417,185,296,-111
113000418,301,192,109
113000419,104,105,-1
113000420,454,205,249
113000421,227,141,86
113000422,1608,424,1184
113000423,542,346,196
113000424,670,525,145
113000425,1,9,-8
113000428,0,2,-2
113000430,0,0,0
113000432,24,0,24
113000433,7,62,-55
113000434,2,76,-74
113000435,6,86,-80
113000436,8,106,-98
113000437,0,0,0
113000438,0,0,0
113000439,3,8,-5
113000440,0,0,0
113000441,0,0,0
113000442,13,33,-20
113000443,0,0,0
113000444,9,27,-18
113000445,0,0,0
113000446,5,12,-7
113000448,8,9,-1
113000449,0,0,0
113000450,6,2,4
113000451,91,11,80
113000452,0,0,0
113000453,11,34,-23
113000454,0,0,0
113000455,10,17,-7
113000456,31,22,9
113000468,48,1,47
113000469,1,0,1
113000470,0,0,0
113000471,0,0,0
113000472,0,0,0
113000474,26,79,-53
113000475,84,194,-110
113000476,79,198,-119
113000477,142,256,-114
113000478,298,456,-158
113000479,1,54,-53
113000483,0,0,0
113000484,0,0,0
113000485,0,0,0
113000486,0,0,0
113000487,0,0,0
113000488,0,0,0
113000489,0,0,0
113000490,0,0,0
113000491,0,0,0
113000492,0,0,0
113000493,0,0,0
113000495,27,30,-3
113000496,0,0,0
113900001,0,0,0
113900002,0,0,0
113900003,0,0,0
113900004,0,0,0
113900005,0,0,0
113900006,0,0,0
113900007,0,0,0
113900008,0,0,0
113900009,0,0,0
113900010,0,0,0
113900011,0,0,0
113900012,0,0,0
113900013,0,0,0
113900014,0,0,0
113900015,0,1,-1
113900016,0,0,0
113900017,0,0,0
113900018,4,1,3
113900019,2,2,0
113900020,0,0,0
113900022,0,0,0
113900023,0,0,0
113900024,1,0,1
113900025,0,0,0
113900026,0,0,0
113900027,0,0,0
113900028,0,0,0
113900029,0,13,-13
113900030,0,0,0
113900031,0,0,0
113900032,0,0,0
113900033,1,0,1
113900035,0,0,0
113900036,0,0,0
113900037,0,0,0
113900038,1,0,1
113900039,0,0,0
113900040,0,0,0
113900041,0,0,0
113900042,0,0,0
113900043,4,2,2
113900044,0,0,0
113900045,0,0,0
113900046,6,27,-21
113900047,0,0,0
113900048,12,2,10
113900049,13,2,11
113900050,4,5,-1
113900051,3,13,-10
113900052,0,0,0
113900053,0,0,0
113900054,0,0,0
113900055,0,30,-30
113900056,0,0,0
113900057,0,3,-3
113900058,0,6,-6
113900059,0,13,-13
113900060,0,0,0
113900061,0,0,0
113900062,0,0,0
113900063,0,0,0
113900064,0,4,-4
113900065,0,0,0
113900066,0,14,-14
113900067,0,0,0
113900068,0,0,0
113900069,0,0,0
113900070,8,22,-14
113900071,0,0,0
113900072,0,2,-2
113900073,3,5,-2
113900074,0,0,0
113900075,0,0,0
113900076,0,0,0
113900077,1,15,-14
113900078,0,0,0
113900079,0,1,-1
113900080,0,0,0
113900081,0,3,-3
113900082,0,4,-4
113900083,0,0,0
113900084,0,0,0
113900085,1,16,-15
113900086,0,0,0
113900087,0,0,0
113900088,0,0,0
113900089,0,0,0
113900090,0,0,0
113900091,0,0,0
113900092,0,1,-1
113900093,0,11,-11
113900094,0,0,0
113900095,0,0,0
113900096,0,0,0
113900097,0,4,-4
113900098,0,0,0
113900099,0,0,0
113900100,0,0,0
113900101,1,0,1
113900102,0,2,-2
113900103,0,0,0
113900104,0,0,0
113900105,0,10,-10
113900106,0,0,0
113900107,0,0,0
113900108,0,20,-20
113900109,0,1,-1
113900110,0,0,0
113900111,0,0,0
113900112,0,2,-2
113900113,2,3,-1
113900114,0,0,0
113900115,0,0,0
113900116,0,11,-11
113900117,0,0,0
113900118,0,0,0
113900119,0,0,0
113900120,0,0,0
113900121,0,0,0
113900122,0,0,0
113900123,0,1,-1
113900124,0,0,0
113900125,0,14,-14
113900126,0,0,0
113900127,1,2,-1
113900128,0,0,0
113900129,0,0,0
113900130,0,0,0
113900131,1,0,1
113900132,0,0,0
113900133,0,0,0
113900135,6,20,-14
113900136,1,0,1
113900137,1,3,-2
113900138,0,0,0
113900139,26,1,25
113900140,0,0,0
113900141,5,10,-5
113900142,0,2,-2
113900143,0,0,0
113900144,0,0,0
113900145,2,3,-1
113900146,0,1,-1
113900148,1,2,-1
113900149,0,0,0
113900150,32,4,28
113900151,0,6,-6
113900152,0,0,0
113900153,5,0,5
113900154,0,0,0
113900155,2,0,2
113900156,3,17,-14
113900157,0,0,0
113900158,0,2,-2
113900159,0,0,0
113900160,17,26,-9
113900161,0,2,-2
113900162,7,5,2
113900163,11,7,4
113900164,0,0,0
113900165,37,22,15
113900166,0,2,-2
113900167,0,0,0
113900168,1,6,-5
113900169,9,35,-26
113900171,0,0,0
113900172,2,8,-6
113900173,0,24,-24
113900174,4,34,-30
113900175,0,0,0
113900176,1,27,-26
113900177,2,1,1
113900178,0,0,0
113900179,0,23,-23
113900180,2,3,-1
113900181,0,0,0
113900182,12,33,-21
113900183,0,2,-2
113900184,0,26,-26
113900185,15,1,14
113900186,0,0,0
113900187,1,5,-4
113900188,0,5,-5
113900189,0,0,0
113900190,12,2,10
113900191,0,3,-3
113900192,59,4,55
113900193,0,14,-14
113900194,32,10,22
113900195,7,18,-11
113900196,0,1,-1
113900197,0,24,-24
113900198,0,6,-6
113900199,5,32,-27
113900200,0,5,-5
113900201,0,7,-7
113900202,1,3,-2
113900203,0,12,-12
113900204,0,11,-11
113900205,0,0,0
113900206,0,1,-1
113900207,0,1,-1
113900208,0,2,-2
113900209,0,4,-4
113900210,4,7,-3
113900211,8,0,8
113900212,0,24,-24
113900214,7,20,-13
113900215,0,4,-4
113900216,1,36,-35
113900217,0,0,0
113900218,0,0,0
113900219,2,13,-11
113900220,0,0,0
113900221,0,0,0
113900222,0,0,0
113900223,0,13,-13
113900224,3,2,1
113900225,0,0,0
113900226,0,0,0
113900227,0,0,0
113900228,10,5,5
113900229,0,0,0
113900230,33,13,20
113900231,18,5,13
113900232,0,3,-3
113900233,0,1,-1
113900234,1,1,0
113900235,0,0,0
113900236,0,0,0
113900237,0,0,0
113900238,5,6,-1
113900239,0,0,0
113900240,0,0,0
113900241,9,5,4
113900242,0,2,-2
113900243,0,12,-12
113900244,12,5,7
113900245,41,5,36
113900246,0,0,0
113900247,0,0,0
113900248,79,6,73
113900249,0,0,0
113900250,0,0,0
113900251,0,12,-12
113900252,0,0,0
113900253,0,0,0
113900254,0,0,0
113900255,0,0,0
113900256,0,0,0
113900257,11,21,-10
113900258,0,18,-18
113900259,0,7,-7
113900260,0,0,0
113900261,0,2,-2
113900262,0,35,-35
113900263,5,12,-7
113900264,0,21,-21
113900265,12,14,-2
113900266,0,11,-11
113900267,1,9,-8
113900268,0,0,0
113900269,1,10,-9
113900270,4,14,-10
113900271,20,41,-21
113900273,0,0,0
113900274,0,0,0
113900275,1,1,0
113900276,0,16,-16
113900277,0,0,0
113900278,1,2,-1
113900279,1,0,1
113900280,29,8,21
113900281,0,8,-8
113900282,8,0,8
113900283,0,0,0
113900284,0,5,-5
113900285,0,0,0
113900286,0,0,0
113900287,0,1,-1
113900288,0,10,-10
113900289,27,0,27
113900290,8,0,8
113900291,5,5,0
113900292,0,0,0
113900293,0,13,-13
113900294,0,0,0
113900295,0,2,-2
113900296,4,0,4
113900297,0,0,0
113900298,0,86,-86
113900299,0,0,0
113900300,51,1,50
113900301,0,0,0
113900302,0,2,-2
113900303,9,4,5
113900304,0,12,-12
113900305,0,0,0
113900306,0,0,0
113900307,0,0,0
113900308,0,1,-1
113900309,0,17,-17
113900310,0,0,0
113900311,0,0,0
113900312,0,1,-1
113900313,0,0,0
113900314,0,0,0
113900315,0,0,0
114000001,88,179,-91
114000002,0,0,0
114000003,3,47,-44
114000004,1,6,-5
114000005,0,1,-1
114000006,82,71,11
114000007,16,49,-33
114000008,38,56,-18
114000009,1,7,-6
114000011,99,163,-64
114000012,86,149,-63
114000013,76,166,-90
114000014,35,21,14
114000015,14,22,-8
114000016,8,46,-38
114000017,5,9,-4
114000018,11,1,10
114000026,30,83,-53
114000027,87,111,-24
114000028,99,117,-18
114000038,1,0,1
114000039,11,11,0
114000040,2,8,-6
114000042,7,23,-16
114000043,0,3,-3
114000044,2,19,-17
114000045,1,5,-4
114000046,78,203,-125
114000047,0,3,-3
114000048,3,2,1
114000049,10,11,-1
114000050,18,10,8
114000051,49,31,18
114000052,31,17,14
114000053,0,0,0
114000054,0,0,0
114000055,0,0,0
114000056,46,31,15
114000057,302,176,126
114000058,7,6,1
114000059,1,2,-1
114000060,25,68,-43
114000061,36,4,32
114000062,13,5,8
114000063,288,238,50
114000064,357,163,194
114000065,94,252,-158
114000066,20,70,-50
114000067,0,0,0
114000068,3,7,-4
114000069,2,7,-5
114000070,21,16,5
114000071,9,8,1
114000072,5,9,-4
114000073,0,0,0
114000074,1,6,-5
114000075,0,0,0
114000076,0,0,0
114000077,0,0,0
114000078,0,11,-11
114000079,1,3,-2
114000080,0,0,0
114000081,0,0,0
114000082,9,66,-57
114000083,1,6,-5
114000084,0,0,0
114000085,6,34,-28
114000086,5,28,-23
114000087,2,2,0
114000088,0,0,0
114000089,36,12,24
114000090,12,4,8
114000091,53,14,39
114000092,40,20,20
114000093,3,47,-44
114000094,12,9,3
114000095,0,0,0
114000096,3,49,-46
114000097,3,67,-64
114000098,0,0,0
114000099,3,26,-23
114000100,6,13,-7
114000101,14,62,-48
114000102,0,0,0
114000103,2,10,-8
114000104,1,3,-2
114000105,1,7,-6
114000106,26,10,16
114000107,2,3,-1
114000108,146,114,32
114000109,0,0,0
114000110,22,135,-113
114000111,0,0,0
114000112,21,249,-228
114000113,0,0,0
114000114,47,171,-124
114000115,0,0,0
114000116,23,25,-2
114000117,32,13,19
114000118,23,7,16
114000119,41,4,37
114000120,37,68,-31
114000121,32,53,-21
114000122,25,44,-19
114000123,1,2,-1
114000124,0,2,-2
114000125,42,95,-53
114000126,3,3,0
114000127,1,18,-17
114000128,13,41,-28
114000130,0,0,0
114000131,0,0,0
114000132,39,76,-37
114000133,29,66,-37
114000134,0,0,0
114000138,0,2,-2
114000139,0,0,0
114000144,0,0,0
114000145,1,2,-1
114000146,2,3,-1
114000147,0,0,0
114000148,20,3,17
114000149,11,6,5
114000150,60,80,-20
114000151,7,8,-1
114000152,1,0,1
114000153,30,66,-36
114000154,12,43,-31
114000155,30,37,-7
114000156,5,16,-11
114000157,6,46,-40
114000158,52,26,26
114000159,5,21,-16
114000160,5,8,-3
114000161,29,12,17
114000162,4,6,-2
114000163,0,2,-2
114000165,0,0,0
114000166,29,5,24
114000167,101,77,24
114000168,61,67,-6
114000169,109,24,85
114000170,62,75,-13
114000171,49,56,-7
114000174,14,36,-22
114000176,33,30,3
114000177,101,77,24
114000178,0,0,0
114000179,12,0,12
114000180,43,50,-7
114000181,51,88,-37
114000182,149,266,-117
114000183,83,148,-65
114000184,166,281,-115
114000185,17,10,7
114000189,0,0,0
114000190,0,0,0
114000191,0,0,0
114000192,29,141,-112
114000193,65,302,-237
114000194,88,121,-33
114000195,0,0,0
114000196,0,30,-30
114000197,0,12,-12
114000198,42,27,15
114000199,85,47,38
114000200,16,176,-160
114000201,5,67,-62
114000202,88,75,13
114000203,111,186,-75
114000204,2,26,-24
114000205,3,99,-96
114000206,47,181,-134
114000207,63,236,-173
114000208,27,253,-226
114000209,49,352,-303
114000210,34,148,-114
114000211,13,62,-49
114000212,17,58,-41
114000213,87,17,70
114000214,1,8,-7
114000215,0,7,-7
114000216,61,1,60
114000217,2,23,-21
114000218,1,15,-14
114000219,43,20,23
114000220,2,132,-130
114000221,11,9,2
114000222,9,123,-114
114000223,0,0,0
114000224,7,63,-56
114000225,10,61,-51
114000226,0,21,-21
114000227,22,34,-12
114000228,7,14,-7
114000229,37,79,-42
114000230,19,39,-20
114000231,34,149,-115
114000232,6,4,2
114000233,31,3,28
114000234,11,33,-22
114000235,79,246,-167
114000236,0,160,-160
114000237,20,124,-104
114000238,0,0,0
114000239,1,147,-146
114000240,58,107,-49
114000241,12,140,-128
114000242,106,90,16
114000243,53,49,4
114000244,0,0,0
114000245,29,113,-84
114000246,47,7,40
114000247,12,20,-8
114000248,27,31,-4
114000249,17,25,-8
114000250,32,40,-8
114000251,4,27,-23
114000252,4,3,1
114000253,0,0,0
114000254,0,1,-1
114000255,10,7,3
114000256,5,4,1
114000257,43,282,-239
114000258,8,23,-15
114000259,5,22,-17
114000260,0,26,-26
114000261,8,1,7
114000262,2,5,-3
114000263,0,0,0
114000264,2,16,-14
114000265,0,0,0
114000267,0,249,-249
114000268,0,189,-189
114000270,0,0,0
114000271,26,8,18
114000283,5,27,-22
114000285,7,27,-20
114000288,2,26,-24
114000289,8,5,3
114000293,6,81,-75
114000294,1,1,0
114000395,51,1,50
114000396,0,0,0
114000402,1,9,-8
114000403,1,30,-29
114000405,6,52,-46
114000423,5,68,-63
114000424,10,5,5
114000425,6,43,-37
114000426,0,0,0
114000427,4,20,-16
114000428,0,0,0
114000429,0,7,-7
114000432,0,0,0
114000434,0,2,-2
114000435,0,8,-8
114900001,0,0,0
114900002,0,0,0
114900003,0,0,0
114900004,0,0,0
114900005,0,0,0
114900006,0,0,0
114900007,0,0,0
114900008,0,0,0
114900010,30,3,27
114900011,0,0,0
114900013,0,0,0
114900018,0,0,0
114900020,0,0,0
114900022,0,8,-8
114900025,0,0,0
114900026,0,0,0
114900029,0,0,0
114900030,0,0,0
114900031,0,0,0
114900032,0,0,0
114900034,1,9,-8
114900035,1,3,-2
114900036,6,30,-24
114900039,6,37,-31
114900040,4,3,1
114900041,6,35,-29
114900042,4,63,-59
114900044,0,0,0
114900047,1,20,-19
114900048,0,5,-5
114900049,1,12,-11
114900050,1,25,-24
114900051,2,16,-14
114900052,0,0,0
114900053,0,6,-6
114900054,1,5,-4
114900057,0,0,0
114900058,0,9,-9
114900059,0,0,0
114900063,1,9,-8
114900064,10,54,-44
114900065,1,27,-26
114900067,0,15,-15
114900068,1,15,-14
114900069,8,2,6
114900070,0,0,0
114900072,0,7,-7
114900073,0,24,-24
114900074,0,0,0
114900075,0,0,0
114900076,0,11,-11
114900080,0,0,0
114900082,0,44,-44
114900083,0,33,-33
114900090,0,0,0
114900091,5,1,4
114900097,0,0,0
114900098,0,0,0
114900099,0,0,0
115000001,389,871,-482
115000002,190,67,123
115000003,298,520,-222
115000004,166,125,41
115000005,176,521,-345
115000006,35,65,-30
115000007,0,0,0
115000008,23,26,-3
115000009,0,6,-6
115000010,0,0,0
115000013,2,16,-14
115000015,7,24,-17
115000016,26,9,17
115000019,0,19,-19
115000020,0,0,0
115000021,22,40,-18
115000022,56,75,-19
115000023,57,2,55
115000024,40,107,-67
115000025,14,1,13
115000026,12,44,-32
115000027,9,3,6
115000028,17,75,-58
115000029,13,0,13
115000030,21,129,-108
115000031,89,1,88
115000032,1,47,-46
115000033,0,0,0
115000034,1,112,-111
115000035,0,0,0
115000036,1,70,-69
115000037,0,0,0
115000038,0,0,0
115000039,31,50,-19
115000040,182,121,61
115000041,30,102,-72
115000042,24,13,11
115000043,56,180,-124
115000044,309,466,-157
115000045,152,306,-154
115000046,24,105,-81
115000047,52,82,-30
115000048,165,433,-268
115000049,195,427,-232
115000050,74,74,0
115000051,166,79,87
115000052,203,244,-41
115000053,60,77,-17
115000054,53,93,-40
115000055,12,87,-75
115000056,1,8,-7
115000057,14,71,-57
115000058,1,22,-21
115000059,0,60,-60
115000061,0,0,0
115000062,5,38,-33
115000063,5,62,-57
115000064,0,0,0
115000065,1,41,-40
115000067,0,0,0
115000069,0,28,-28
115000070,1,36,-35
115000071,0,0,0
115000072,2,2,0
115000073,129,0,129
115000075,0,1,-1
115000076,121,157,-36
115000077,52,171,-119
115000078,30,103,-73
115000079,78,120,-42
115000080,43,196,-153
115000081,7,13,-6
115000082,77,159,-82
115000083,58,262,-204
115000084,0,0,0
115000085,39,152,-113
115000086,0,0,0
115000087,19,142,-123
115000088,0,0,0
115000089,255,248,7
115000090,16,26,-10
115000091,16,109,-93
115000092,14,46,-32
115000093,0,0,0
115000094,229,237,-8
115000095,265,422,-157
115000096,27,123,-96
115000097,14,98,-84
115000098,17,146,-129
115000099,28,161,-133
115000100,6,13,-7
115000101,38,256,-218
115000102,7,25,-18
115000103,56,84,-28
115000105,0,0,0
115000106,1,6,-5
115000107,13,72,-59
115000108,500,423,77
115000109,107,32,75
115000110,89,45,44
115000111,55,157,-102
115000112,17,30,-13
115000113,28,75,-47
115000114,63,75,-12
115000116,35,59,-24
115000117,37,104,-67
115000118,48,109,-61
115000119,68,94,-26
115000120,28,59,-31
115000121,228,72,156
115000122,208,66,142
115000123,44,51,-7
115000124,34,45,-11
115000125,6,30,-24
115000126,0,14,-14
115000127,9,13,-4
115000128,5,37,-32
115000129,1,10,-9
115000130,2,43,-41
115000131,5,18,-13
115000132,1,13,-12
115000133,1,28,-27
115000134,2,13,-11
115000135,2,21,-19
115000136,0,0,0
115000137,0,8,-8
115000138,0,1,-1
115000139,22,25,-3
115000140,3,0,3
115000141,4,26,-22
115000142,26,32,-6
115000143,3,0,3
115000144,2,8,-6
115000145,3,52,-49
115000146,0,0,0
115000147,4,36,-32
115000148,20,47,-27
115000149,0,0,0
115000150,55,42,13
115000151,2,5,-3
115000152,16,78,-62
115000153,6,1,5
115000154,0,0,0
115000155,18,69,-51
115000156,1,2,-1
115000157,55,46,9
115000158,15,9,6
115000159,6,2,4
115000160,0,0,0
115000161,7,44,-37
115000162,0,0,0
115000163,67,108,-41
115000164,34,68,-34
115000165,0,0,0
115000167,0,0,0
115000168,0,0,0
115000169,54,67,-13
115000170,17,54,-37
115000171,0,0,0
115000172,31,14,17
115000173,0,0,0
115000174,0,0,0
115000175,4,1,3
115000176,0,0,0
115000177,1,5,-4
115000178,3,15,-12
115000179,0,0,0
115000180,2,31,-29
115000181,0,0,0
115000182,0,0,0
115000183,4,53,-49
115000186,24,18,6
115000187,6,54,-48
115000188,95,52,43
115000189,22,61,-39
115000190,84,16,68
115000191,6,47,-41
115000194,2,4,-2
115000195,0,0,0
115000196,0,0,0
115000197,1,14,-13
115000198,0,0,0
115000199,2,11,-9
115000200,0,0,0
115000201,4,30,-26
115000206,0,0,0
115000207,6,55,-49
115000208,9,31,-22
115000209,33,8,25
115000210,2,31,-29
115000211,0,0,0
115000212,131,62,69
115000224,0,0,0
115000225,0,0,0
115000229,0,0,0
115000230,0,0,0
115000231,7,179,-172
115000232,9,21,-12
115000233,0,21,-21
115000234,0,0,0
115000241,0,0,0
115000242,0,0,0
115000243,0,0,0
115000244,0,0,0
115000246,0,0,0
115000247,0,0,0
115000248,0,0,0
115000249,0,0,0
115000250,3,1,2
115000251,0,0,0
115000252,0,0,0
115000253,0,0,0
115000258,0,0,0
115000259,0,0,0
115000261,0,0,0
115000262,0,0,0
115000263,0,0,0
115000264,0,0,0
115000267,0,0,0
115000268,0,5,-5
115000269,0,0,0
115000270,0,0,0
115000272,0,0,0
115000273,0,0,0
115000280,0,0,0
115000281,64,13,51
115000282,2,3,-1
115000284,107,31,76
115000296,0,0,0
115000297,0,0,0
115000298,55,34,21
115000300,0,11,-11
115000302,0,0,0
115000303,0,0,0
115000304,0,0,0
115000305,4,52,-48
115000306,1,41,-40
115000307,0,19,-19
115000308,0,0,0
115000310,42,106,-64
115000311,0,0,0
115000313,16,58,-42
115000314,0,0,0
115000315,115,45,70
115000316,0,0,0
115000317,10,97,-87
115000318,32,17,15
115000319,2,45,-43
115000320,0,19,-19
115000321,63,0,63
115000322,5,39,-34
115000449,0,0,0
115000557,0,0,0
115000558,0,0,0
115000587,4,7,-3
115000588,405,723,-318
115000589,289,168,121
115000590,56,219,-163
115000591,19,55,-36
115000592,52,248,-196
115000593,38,40,-2
115000594,56,237,-181
115000609,0,0,0
115000617,211,23,188
115000624,0,0,0
115000633,10,210,-200
115000634,374,100,274
115000635,18,4,14
115000638,0,0,0
115000641,0,0,0
115000642,10,9,1
115000643,0,36,-36
115000644,7,35,-28
115000646,52,71,-19
115000647,28,119,-91
115000648,16,186,-170
115000893,246,91,155
115000894,17,222,-205
115000895,35,214,-179
115000896,112,19,93
115000897,60,3,57
115000898,59,10,49
115000899,59,48,11
115000900,11,18,-7
115000901,18,7,11
115000912,20,3,17
115000913,0,0,0
115000915,0,0,0
115000916,0,0,0
115000917,0,0,0
115000918,0,0,0
115000919,0,0,0
115000920,0,0,0
115000921,30,1,29
115000922,66,45,21
115000923,43,170,-127
115000925,3,14,-11
115000927,0,0,0
115000933,20,18,2
115000934,0,0,0
115000935,0,0,0
115000936,0,0,0
115000937,163,6,157
115000938,69,14,55
115000939,39,18,21
115000940,0,0,0
115000941,0,0,0
115000942,0,0,0
115000943,10,3,7
115000944,1,0,1
115900001,0,0,0
115900002,0,0,0
115900003,0,0,0
115900004,0,0,0
115900005,0,0,0
115900006,0,0,0
115900008,0,0,0
115900009,0,0,0
115900010,0,0,0
115900011,0,7,-7
115900012,0,0,0
115900013,0,0,0
115900014,1,2,-1
115900015,0,0,0
115900016,0,0,0
115900017,0,0,0
115900018,2,1,1
115900019,0,0,0
115900020,0,0,0
115900021,58,4,54
115900022,0,1,-1
115900023,0,0,0
115900025,0,0,0
115900026,0,0,0
115900027,0,0,0
115900028,12,0,12
115900029,0,11,-11
115900030,0,0,0
115900031,0,0,0
115900032,0,0,0
115900033,0,0,0
115900034,3,6,-3
115900035,0,0,0
115900036,0,3,-3
115900037,0,13,-13
115900038,0,0,0
115900039,0,0,0
115900041,0,1,-1
115900042,0,0,0
115900043,0,0,0
115900044,0,0,0
115900046,1,4,-3
115900047,0,0,0
115900049,0,0,0
115900051,0,18,-18
115900052,0,16,-16
115900053,0,0,0
115900054,0,9,-9
115900055,0,7,-7
115900056,0,0,0
115900057,0,0,0
115900058,4,0,4
115900060,0,0,0
115900061,0,0,0
115900062,0,17,-17
115900063,3,0,3
115900064,0,0,0
115900065,0,0,0
115900066,3,4,-1
115900067,0,45,-45
115900068,99,1,98
115900069,0,0,0
115900070,0,0,0
115900071,0,1,-1
115900072,1,5,-4
115900073,0,0,0
115900074,0,14,-14
115900075,0,0,0
115900076,0,0,0
115900077,0,8,-8
115900078,0,0,0
115900079,0,0,0
115900080,0,0,0
115900081,0,3,-3
115900082,0,0,0
115900084,0,0,0
115900085,0,0,0
115900086,0,0,0
115900088,0,0,0
115900089,0,16,-16
115900090,0,0,0
115900091,0,0,0
115900092,0,10,-10
115900093,0,3,-3
115900094,0,4,-4
115900096,0,1,-1
115900097,0,10,-10
115900098,0,13,-13
115900099,0,0,0
115900100,0,0,0
115900101,9,14,-5
115900102,0,0,0
115900103,0,6,-6
115900104,0,0,0
115900105,0,0,0
115900106,0,0,0
115900107,0,0,0
115900108,0,0,0
115900109,0,0,0
115900110,0,0,0
115900111,0,7,-7
115900112,0,0,0
115900113,0,0,0
115900114,0,15,-15
115900115,0,0,0
115900116,0,0,0
115900117,0,0,0
115900118,0,33,-33
115900119,0,0,0
115900120,0,0,0
115900121,0,0,0
115900124,0,0,0
115900125,0,0,0
115900126,0,0,0
115900127,0,0,0
115900128,0,0,0
115900129,0,0,0
115900130,0,0,0
115900131,0,0,0
115900132,0,0,0
115900134,0,0,0
115900135,0,0,0
115900137,0,0,0
115900139,0,0,0
115900140,0,0,0
115900141,0,0,0
115900142,0,0,0
115900143,0,3,-3
115900144,0,5,-5
115900146,0,0,0
115900147,0,0,0
115900148,0,0,0
115900149,0,1,-1
115900150,0,0,0
115900151,0,0,0
115900152,0,0,0
115900153,0,0,0
115900154,0,0,0
115900155,0,0,0
115900156,0,0,0
115900157,0,0,0
115900158,0,0,0
115900159,0,0,0
115900160,0,0,0
115900161,0,0,0
115900163,0,0,0
115900164,0,0,0
115900166,0,0,0
115900168,0,0,0
115900171,0,0,0
115900172,0,0,0
115900173,0,0,0
115900174,0,0,0
115900175,0,0,0
115900178,0,44,-44
115900179,0,0,0
115900180,0,0,0
115900181,1,8,-7
115900182,24,14,10
115900183,0,0,0
115900184,0,0,0
115900187,0,0,0
115900189,0,0,0
115900190,0,0,0
115900191,0,0,0
115900192,0,0,0
115900193,0,0,0
115900194,0,0,0
115900195,0,0,0
115900198,0,0,0
115900199,0,0,0
115900200,0,0,0
115900201,0,0,0
115900202,0,0,0
115900203,0,0,0
115900204,0,0,0
115900205,0,0,0
115900206,0,0,0
115900207,0,0,0
115900208,0,0,0
115900209,0,0,0
115900210,0,0,0
115900211,0,0,0
115900212,0,0,0
115900213,0,0,0
115900214,0,7,-7
115900215,0,0,0
115900216,0,17,-17
115900217,0,8,-8
115900218,0,8,-8
115900219,0,0,0
115900220,0,0,0
115900221,0,0,0
115900222,0,0,0
115900223,0,0,0
115900224,0,0,0
115900225,0,0,0
115900226,1,1,0
115900227,0,0,0
115900228,0,0,0
115900229,0,0,0
115900230,0,0,0
115900231,0,0,0
115900232,0,0,0
115900233,0,0,0
115900234,0,0,0
115900235,0,0,0
115900236,0,0,0
115900237,0,6,-6
115900238,0,3,-3
115900239,0,3,-3
115900240,0,10,-10
115900241,0,0,0
115900242,0,0,0
115900243,0,0,0
115900244,0,0,0
115900245,0,0,0
115900246,0,0,0
115900247,0,0,0
115900248,0,0,0
115900249,0,0,0
115900250,0,0,0
115900251,0,0,0
115900252,0,0,0
115900253,0,0,0
115900254,0,0,0
115900255,0,0,0
115900256,0,0,0
115900257,0,0,0
115900258,0,0,0
115900259,0,0,0
115900260,0,0,0
115900261,0,0,0
115900262,0,0,0
115900263,0,0,0
115900264,0,0,0
115900265,0,0,0
115900266,0,0,0
115900267,0,0,0
115900268,0,0,0
115900269,0,0,0
115900270,0,0,0
115900271,0,0,0
115900272,0,0,0
115900273,0,0,0
115900274,0,0,0
115900275,0,0,0
115900276,0,0,0
115900277,0,0,0
115900278,1,5,-4
115900279,1,12,-11
115900280,0,1,-1
115900281,1,11,-10
115900282,0,0,0
115900283,0,0,0
115900284,0,0,0
116000001,1109,345,764
116000002,356,62,294
116000003,172,175,-3
116000004,409,24,385
116000005,132,203,-71
116000006,95,72,23
116000007,175,290,-115
116000008,163,151,12
116000009,41,158,-117
116000010,75,25,50
116000011,22,55,-33
116000012,72,57,15
116000013,723,362,361
116000014,182,28,154
116000015,13,61,-48
116000016,38,11,27
116000017,44,37,7
116000018,21,13,8
116000019,9,24,-15
116000020,10,15,-5
116000021,9,47,-38
116000022,13,2,11
116000023,10,16,-6
116000024,24,27,-3
116000025,14,25,-11
116000026,26,125,-99
116000027,15,31,-16
116000028,0,0,0
116000029,34,36,-2
116000030,0,0,0
116000031,12,26,-14
116000032,8,42,-34
116000033,1,39,-38
116000034,10,70,-60
116000035,10,53,-43
116000036,29,22,7
116000037,0,0,0
116000038,0,0,0
116000039,47,28,19
116000040,0,0,0
116000041,4,18,-14
116000042,0,0,0
116000043,11,36,-25
116000044,0,2,-2
116000045,0,0,0
116000046,15,196,-181
116000047,125,160,-35
116000048,15,10,5
116000049,5,35,-30
116000050,96,159,-63
116000051,24,23,1
116000052,134,281,-147
116000053,0,0,0
116000054,43,165,-122
116000055,42,80,-38
116000056,0,0,0
116000057,241,97,144
116000058,224,76,148
116000059,62,25,37
116000060,286,33,253
116000061,58,43,15
116000062,26,41,-15
116000063,15,35,-20
116000066,0,0,0
116000067,23,32,-9
116000068,0,0,0
116000069,58,28,30
116000078,0,0,0
116000080,99,95,4
116000082,0,21,-21
116000083,44,33,11
116000084,41,86,-45
116000085,108,32,76
116000086,36,54,-18
116000087,80,19,61
116000088,44,51,-7
116000089,0,2,-2
116000090,0,0,0
116000091,0,2,-2
116000093,36,8,28
116000094,6,51,-45
116000095,20,6,14
116000096,7,44,-37
116000097,10,36,-26
116000098,5,97,-92
116000099,270,10,260
116000100,0,0,0
116000101,0,10,-10
116000102,4,47,-43
116000103,4,8,-4
116000104,0,32,-32
116000105,1,14,-13
116000106,3,53,-50
116000107,9,24,-15
116000108,1,14,-13
116000111,0,0,0
116000113,0,0,0
116000114,0,2,-2
116000115,0,0,0
116000116,1,7,-6
116000117,0,0,0
116000118,33,110,-77
116000119,1,5,-4
116000120,97,305,-208
116000121,0,0,0
116000122,94,269,-175
116000123,0,0,0
116000124,32,158,-126
116000125,0,0,0
116000126,22,238,-216
116000127,73,166,-93
116000128,3,3,0
116000129,3,1,2
116000130,8,2,6
116000133,40,124,-84
116000134,40,196,-156
116000135,22,52,-30
116000136,36,196,-160
116000137,6,35,-29
116000138,48,10,38
116000139,77,218,-141
116000140,3,20,-17
116000141,10,19,-9
116000142,151,63,88
116000143,268,22,246
116000144,146,557,-411
116000145,127,44,83
116000146,5,32,-27
116000147,22,7,15
116000148,2,24,-22
116000149,0,13,-13
116000151,28,29,-1
116000153,0,0,0
116000155,0,0,0
116000156,16,86,-70
116000157,0,0,0
116000158,2,52,-50
116000159,0,0,0
116000160,0,5,-5
116000161,0,3,-3
116000162,8,1,7
116000163,1,2,-1
116000164,0,1,-1
116000177,1,2,-1
116000194,0,26,-26
116000195,33,61,-28
116000196,0,0,0
116000197,0,0,0
116000198,49,15,34
116000200,0,0,0
116000201,17,22,-5
116000202,0,0,0
116000203,0,2,-2
116000204,0,0,0
116000205,0,9,-9
116000206,0,5,-5
116000207,0,2,-2
116000233,0,16,-16
116000287,8,49,-41
116000288,0,0,0
116000292,0,6,-6
116000296,0,0,0
116000297,0,0,0
116000304,0,0,0
116000305,0,0,0
116000346,0,1,-1
116000352,2,0,2
116000354,0,0,0
116000357,0,0,0
116000358,0,0,0
116000361,0,0,0
116000372,144,157,-13
116000381,0,0,0
116000388,0,5,-5
116000389,5,15,-10
116000445,5,109,-104
116000446,0,0,0
116000447,1,72,-71
116000448,0,0,0
116000563,0,0,0
116000565,8,7,1
116000568,2,0,2
116000579,2,7,-5
116000583,0,0,0
116000584,0,0,0
116000585,0,0,0
116000586,8,1,7
116000587,0,11,-11
116000589,0,1,-1
116000590,0,0,0
116000591,0,0,0
116000592,0,0,0
116000593,0,0,0
116000594,3,30,-27
116000595,2,6,-4
116000596,2,0,2
116000597,0,0,0
116000598,1,10,-9
116000605,0,2,-2
116000606,0,0,0
116000607,0,5,-5
116000609,0,17,-17
116000611,1,62,-61
116000612,63,57,6
116000613,0,0,0
116000614,23,100,-77
116000615,0,50,-50
116000616,2,5,-3
116000617,0,0,0
116000618,0,8,-8
116000619,1,1,0
116000620,1,18,-17
116000621,0,0,0
116000622,0,0,0
116000624,0,1,-1
116000627,0,0,0
116000628,0,0,0
116000629,0,0,0
116000630,0,0,0
116000631,0,0,0
116000632,0,0,0
116000633,0,0,0
116000634,4,17,-13
116000635,113,155,-42
116000636,400,75,325
116000637,0,0,0
116000638,0,0,0
116000639,0,0,0
116000640,0,0,0
116000641,46,33,13
116000643,14,78,-64
116000644,10,219,-209
116000645,0,0,0
116900001,0,0,0
116900002,0,0,0
116900003,0,0,0
116900004,0,0,0
116900005,1,0,1
116900006,0,0,0
116900007,0,0,0
116900008,1,33,-32
116900009,0,0,0
116900010,0,35,-35
116900011,0,3,-3
116900012,0,0,0
116900013,0,20,-20
116900014,0,5,-5
116900015,0,0,0
116900016,0,0,0
116900017,0,24,-24
116900018,0,0,0
116900019,0,11,-11
116900020,5,1,4
116900023,0,0,0
116900024,0,0,0
116900025,0,33,-33
116900026,0,12,-12
116900027,0,0,0
116900028,0,1,-1
116900029,0,0,0
116900031,0,0,0
116900032,0,6,-6
116900033,0,0,0
116900034,0,3,-3
116900035,0,2,-2
116900036,0,4,-4
116900038,0,0,0
116900041,0,0,0
116900042,21,2,19
116900043,0,0,0
116900047,0,0,0
116900049,0,8,-8
116900050,0,7,-7
116900051,0,0,0
116900052,0,0,0
116900055,0,0,0
116900057,1,13,-12
116900058,0,7,-7
116900059,0,0,0
116900060,6,6,0
116900062,0,0,0
116900064,13,42,-29
116900065,0,1,-1
116900067,0,0,0
116900068,9,17,-8
116900070,0,0,0
116900072,1,13,-12
116900073,0,1,-1
116900074,0,0,0
116900076,0,0,0
116900077,0,6,-6
116900078,2,3,-1
116900079,0,2,-2
116900080,0,0,0
116900081,1,21,-20
116900082,2,30,-28
116900083,0,0,0
116900084,3,0,3
116900085,0,5,-5
116900086,2,6,-4
116900088,0,0,0
116900090,0,0,0
116900091,0,6,-6
116900092,1,17,-16
116900093,3,0,3
116900094,61,5,56
116900095,0,3,-3
116900096,0,3,-3
116900097,0,0,0
116900098,25,0,25
116900099,4,4,0
116900100,0,0,0
116900101,4,20,-16
116900103,0,0,0
116900104,1,2,-1
116900105,0,0,0
116900106,0,0,0
116900107,0,0,0
116900110,0,0,0
116900111,0,0,0
116900112,0,0,0
116900113,0,0,0
116900116,0,0,0
116900117,1,5,-4
116900118,3,104,-101
116900120,0,0,0
116900121,0,0,0
116900122,3,73,-70
116900123,1,38,-37
116900124,0,15,-15
116900125,0,3,-3
116900126,0,17,-17
116900128,0,2,-2
116900129,0,14,-14
116900130,25,48,-23
116900131,0,8,-8
116900132,0,4,-4
116900133,1,12,-11
116900134,1,12,-11
116900136,0,0,0
116900137,2,8,-6
116900138,1,7,-6
116900139,4,6,-2
116900140,1,1,0
116900141,4,7,-3
116900142,0,0,0
116900143,4,14,-10
116900144,0,0,0
116900145,0,11,-11
116900147,9,7,2
116900148,0,0,0
116900149,0,0,0
116900150,0,1,-1
116900151,0,0,0
116900153,0,0,0
116900154,0,0,0
116900155,1,0,1
116900157,0,0,0
116900158,0,0,0
116900159,2,29,-27
116900160,0,0,0
116900161,261,32,229
116900162,0,0,0
116900163,0,0,0
116900164,0,0,0
116900165,0,0,0
116900166,0,0,0
116900167,0,1,-1
116900168,0,3,-3
116900169,0,0,0
116900170,0,0,0
116900171,0,0,0
116900172,0,0,0
116900173,0,0,0
116900174,3,8,-5
116900175,0,0,0
116900178,0,0,0
116900179,0,0,0
116900180,0,0,0
116900182,0,0,0
116900183,0,0,0
116900185,0,0,0
116900186,0,0,0
116900187,0,0,0
116900188,2,0,2
116900189,0,0,0
116900191,0,0,0
116900192,0,0,0
116900194,0,0,0
116900195,0,0,0
116900196,0,0,0
116900197,0,0,0
116900198,1,1,0
116900200,0,2,-2
116900201,0,0,0
116900202,0,0,0
116900203,0,0,0
116900204,0,0,0
116900206,0,0,0
116900207,0,1,-1
116900208,0,0,0
116900209,0,0,0
116900210,0,4,-4
116900211,0,0,0
116900212,0,0,0
116900213,0,0,0
116900214,0,3,-3
116900215,0,0,0
116900216,0,0,0
116900218,0,13,-13
116900219,20,14,6
116900220,0,0,0
116900221,1,5,-4
116900222,0,0,0
116900223,0,0,0
116900226,0,1,-1
116900227,1,4,-3
116900228,0,10,-10
116900230,0,10,-10
116900231,0,10,-10
116900232,0,9,-9
116900233,0,0,0
116900234,0,0,0
116900235,2,29,-27
116900238,20,8,12
116900239,0,1,-1
116900240,27,4,23
116900241,0,0,0
116900242,3,2,1
116900243,0,0,0
116900245,0,0,0
116900246,7,20,-13
116900247,0,0,0
116900248,0,3,-3
116900249,0,0,0
116900250,0,5,-5
116900251,0,0,0
116900252,0,0,0
116900254,0,0,0
116900255,1,1,0
116900256,1,1,0
116900257,0,17,-17
116900258,0,14,-14
116900259,0,0,0
116900260,0,4,-4
116900261,0,0,0
116900262,0,27,-27
116900263,0,0,0
116900264,0,0,0
116900265,0,0,0
116900266,0,1,-1
116900267,0,0,0
116900268,0,0,0
116900269,0,9,-9
116900271,0,0,0
116900272,9,18,-9
116900273,1,0,1
116900274,0,0,0
116900275,0,0,0
116900276,0,0,0
116900277,0,0,0
116900278,0,0,0
116900279,0,0,0
116900280,0,0,0
116900281,30,6,24
116900282,0,0,0
116900283,0,1,-1
116900284,0,0,0
116900285,0,0,0
116900286,0,0,0
116900287,0,0,0
116900288,1,0,1
116900289,0,0,0
116900290,0,1,-1
116900291,0,0,0
116900292,0,0,0
116900293,0,3,-3
116900294,0,4,-4
116900295,0,0,0
116900296,0,0,0
116900297,0,0,0
116900298,0,0,0
116900299,0,0,0
116900300,0,0,0
116900301,0,0,0
116900302,0,5,-5
116900303,0,4,-4
116900304,0,6,-6
116900305,0,0,0
116900306,0,0,0
116900307,0,0,0
116900308,0,0,0
116900309,0,0,0
116900310,0,0,0
116900311,0,2,-2
117000001,55,62,-7
117000002,193,211,-18
117000003,112,30,82
117000004,288,328,-40
117000005,42,16,26
117000006,80,432,-352
117000007,64,6,58
117000008,93,352,-259
117000009,0,0,0
117000010,137,408,-271
117000011,0,0,0
117000012,75,213,-138
117000013,0,0,0
117000014,37,220,-183
117000015,0,0,0
117000016,2,4,-2
117000017,19,4,15
117000018,3,25,-22
117000019,0,0,0
117000020,16,97,-81
117000021,128,26,102
117000022,7,4,3
117000023,14,40,-26
117000024,14,23,-9
117000025,82,77,5
117000026,13,7,6
117000027,114,266,-152
117000028,0,0,0
117000030,15,18,-3
117000031,0,0,0
117000032,131,88,43
117000033,129,100,29
117000034,2,16,-14
117000035,0,0,0
117000036,21,14,7
117000037,0,0,0
117000038,1,23,-22
117000039,1,12,-11
117000040,1,96,-95
117000041,0,0,0
117000044,9,48,-39
117000045,0,0,0
117000046,23,74,-51
117000047,0,0,0
117000048,95,41,54
117000049,7,12,-5
117000050,0,174,-174
117000051,54,11,43
117000052,0,5,-5
117000053,1,2,-1
117000054,13,0,13
117000055,7,251,-244
117000056,7,1,6
117000057,28,149,-121
117000060,19,65,-46
117000061,0,2,-2
117000062,11,20,-9
117000063,0,0,0
117000064,45,62,-17
117000066,32,24,8
117000067,0,16,-16
117000074,0,0,0
117000076,0,0,0
117000077,6,11,-5
117000078,0,35,-35
117000079,11,4,7
117000080,0,52,-52
117000081,5,13,-8
117000082,2,5,-3
117000083,1,10,-9
117000084,0,0,0
117000085,5,35,-30
117000086,3,25,-22
117000087,12,60,-48
117000088,0,0,0
117000089,19,5,14
117000090,22,183,-161
117000091,3,2,1
117000092,36,218,-182
117000093,9,5,4
117000094,33,265,-232
117000095,4,11,-7
117000096,37,363,-326
117000097,6,21,-15
117000098,187,496,-309
117000099,1,9,-8
117000100,1,6,-5
117000101,11,47,-36
117000102,0,0,0
117000103,110,196,-86
117000104,0,0,0
117000105,55,221,-166
117000106,0,0,0
117000107,61,178,-117
117000108,0,0,0
117000109,226,356,-130
117000110,0,0,0
117000111,303,193,110
117000112,74,87,-13
117000113,1,4,-3
117000114,0,0,0
117000115,0,6,-6
117000116,0,6,-6
117000117,9,8,1
117000118,2,11,-9
117000119,1,0,1
117000120,1,0,1
117000121,0,3,-3
117000122,0,0,0
117000123,0,0,0
117000124,0,0,0
117000125,3,0,3
117000126,0,0,0
117000127,2,4,-2
117000128,1,7,-6
117000129,0,0,0
117000130,0,1,-1
117000131,0,15,-15
117000132,27,10,17
117000133,0,9,-9
117000134,0,4,-4
117000135,3,6,-3
117000136,0,4,-4
117000137,0,0,0
117000138,0,46,-46
117000140,34,153,-119
117000141,0,0,0
117000181,33,6,27
117000182,0,0,0
117000195,3,48,-45
117000196,0,0,0
117000225,0,0,0
117000226,2,1,1
117000276,0,0,0
117000277,1,29,-28
117000310,141,177,-36
117000315,0,0,0
117000320,0,0,0
117000906,0,0,0
117000907,0,21,-21
117000909,1,9,-8
117000910,9,17,-8
117000911,8,23,-15
117000915,0,16,-16
117000916,0,0,0
117000917,0,0,0
117000918,0,0,0
117000919,0,5,-5
117000920,1,174,-173
117000921,0,127,-127
117000922,0,0,0
117000924,9,6,3
117000926,86,5,81
117000927,2,10,-8
117000928,0,37,-37
117000929,0,4,-4
117000930,0,0,0
117000931,10,0,10
117900002,2,13,-11
117900003,7,8,-1
117900005,0,0,0
117900006,0,0,0
117900007,0,3,-3
117900008,0,1,-1
117900010,0,5,-5
117900011,0,0,0
117900012,1,7,-6
117900013,1,6,-5
117900014,0,14,-14
117900015,0,9,-9
117900016,11,3,8
117900017,1,25,-24
117900018,4,2,2
117900019,0,21,-21
117900020,2,11,-9
117900021,0,3,-3
117900023,1,0,1
117900024,4,7,-3
117900025,0,1,-1
117900026,0,13,-13
117900028,0,0,0
117900029,1,34,-33
117900031,0,0,0
117900032,4,4,0
117900033,0,44,-44
117900034,0,0,0
117900035,3,0,3
117900036,2,40,-38
117900037,0,0,0
117900038,0,20,-20
117900039,0,5,-5
117900040,2,20,-18
117900041,0,2,-2
117900042,19,3,16
117900043,0,0,0
117900044,0,6,-6
117900045,0,0,0
117900048,1,10,-9
117900049,3,14,-11
117900050,0,0,0
117900051,0,0,0
117900052,0,0,0
117900053,13,25,-12
117900054,0,0,0
117900055,0,0,0
117900056,0,0,0
117900057,2,39,-37
117900058,0,0,0
117900059,0,0,0
117900060,2,183,-181
117900061,0,0,0
117900063,1,17,-16
117900065,33,13,20
117900066,0,1,-1
117900067,1,10,-9
117900069,0,16,-16
117900070,0,0,0
117900071,0,0,0
117900073,1,13,-12
117900074,0,0,0
117900075,0,0,0
117900076,0,7,-7
117900077,0,0,0
117900078,1,8,-7
117900080,0,0,0
117900081,8,3,5
117900082,3,4,-1
117900083,1,10,-9
117900086,0,0,0
117900087,0,0,0
117900088,22,11,11
117900089,8,1,7
117900090,2,30,-28
117900091,0,1,-1
117900092,0,0,0
117900093,0,0,0
117900094,0,0,0
117900095,1,23,-22
117900096,0,0,0
117900097,0,0,0
117900098,0,0,0
117900099,0,5,-5
117900100,0,0,0
117900101,9,15,-6
117900102,0,0,0
117900103,0,0,0
117900104,0,2,-2
117900105,1,4,-3
117900106,0,0,0
117900107,0,0,0
117900109,5,6,-1
117900110,0,0,0
117900111,0,0,0
117900112,0,0,0
117900113,0,0,0
117900114,0,0,0
117900115,0,0,0
117900116,7,15,-8
117900117,3,11,-8
117900118,0,0,0
117900119,0,9,-9
117900120,0,0,0
117900121,0,2,-2
117900122,9,12,-3
117900123,16,33,-17
117900124,13,12,1
117900125,92,18,74
117900126,1,8,-7
117900127,1,12,-11
117900128,0,9,-9
117900129,0,0,0
117900130,0,14,-14
117900131,0,7,-7
117900132,0,4,-4
117900133,0,5,-5
117900134,2,1,1
117900135,1,11,-10
117900136,0,0,0
117900137,4,26,-22
117900138,0,4,-4
117900139,0,11,-11
117900140,2,0,2
117900141,2,4,-2
117900142,0,0,0
117900144,0,0,0
117900145,0,0,0
117900146,0,0,0
117900147,0,0,0
117900148,49,32,17
117900149,0,4,-4
117900150,0,5,-5
117900151,2,9,-7
117900152,5,1,4
117900153,0,2,-2
117900154,0,4,-4
117900156,8,11,-3
117900157,2,5,-3
117900158,0,0,0
117900160,6,7,-1
117900161,27,43,-16
117900162,0,5,-5
117900163,0,2,-2
117900165,0,0,0
117900166,3,3,0
117900168,0,0,0
117900169,0,0,0
117900170,0,0,0
117900171,0,0,0
117900172,0,0,0
117900173,0,0,0
117900174,0,0,0
117900175,0,0,0
117900176,0,0,0
117900177,0,0,0
117900178,0,0,0
117900180,0,0,0
117900181,0,0,0
117900182,0,0,0
117900183,0,0,0
117900184,0,0,0
117900185,0,0,0
117900186,0,0,0
117900187,0,0,0
117900188,0,0,0
117900189,0,0,0
117900190,0,0,0
117900191,0,0,0
117900192,0,0,0
117900193,0,0,0
117900194,0,0,0
117900195,0,0,0
117900196,0,0,0
117900207,0,0,0
117900208,0,2,-2
117900209,0,13,-13
117900210,0,0,0
117900211,0,0,0
117900212,2,4,-2
117900213,0,0,0
117900214,0,0,0
117900215,0,0,0
117900216,0,0,0
117900217,0,5,-5
117900218,0,0,0
117900219,0,7,-7
117900220,0,0,0
117900222,2,3,-1
117900223,0,2,-2
118000001,33,30,3
118000002,149,175,-26
118000003,110,87,23
118000004,144,99,45
118000005,502,235,267
118000006,451,563,-112
118000007,277,167,110
118000008,265,193,72
118000009,109,208,-99
118000010,66,181,-115
118000011,29,84,-55
118000012,53,113,-60
118000013,163,130,33
118000014,34,168,-134
118000016,5,28,-23
118000017,0,0,0
118000018,12,40,-28
118000019,286,53,233
118000020,39,154,-115
118000021,67,160,-93
118000022,21,9,12
118000023,34,67,-33
118000024,24,73,-49
118000027,1070,257,813
118000029,26,11,15
118000032,24,39,-15
118000033,68,71,-3
118000034,234,208,26
118000035,27,248,-221
118000036,22,69,-47
118000037,36,69,-33
118000038,0,0,0
118000039,0,3,-3
118000040,58,159,-101
118000041,72,113,-41
118000045,20,0,20
118000046,47,16,31
118000047,48,13,35
118000048,102,90,12
118000051,10,1,9
118000052,2,2,0
118000053,2,0,2
118000054,59,12,47
118000055,41,9,32
118000056,2,1,1
118000057,2,1,1
118000058,12,4,8
118000059,2,7,-5
118000060,2,2,0
118000061,2,9,-7
118000062,3,2,1
118000063,2,3,-1
118000064,6,1,5
118000065,43,7,36
118000066,2,4,-2
118000067,105,66,39
118000068,24,149,-125
118000069,76,28,48
118000070,300,24,276
118000071,122,179,-57
118000072,103,47,56
118000073,26,5,21
118000074,3,7,-4
118000075,14,11,3
118000076,103,82,21
118000077,115,82,33
118000078,36,25,11
118000079,59,62,-3
118000080,158,105,53
118000081,53,35,18
118000082,3,6,-3
118000083,12,14,-2
118000084,81,25,56
118000086,9,11,-2
118000087,1114,224,890
118000088,54,42,12
118000089,169,483,-314
118000090,386,122,264
118000091,75,142,-67
118000092,53,17,36
118000093,7,5,2
118000096,6,7,-1
118000097,13,9,4
118000098,0,0,0
118000099,16,32,-16
118000101,28,33,-5
118000102,4,45,-41
118000107,68,32,36
118000108,0,9,-9
118000110,0,1,-1
118000111,0,62,-62
118000112,0,0,0
118000113,0,85,-85
118000114,0,0,0
118000115,0,0,0
118000116,0,0,0
118000117,128,89,39
118000118,9,13,-4
118000119,11,21,-10
118000120,170,150,20
118000121,0,23,-23
118000122,76,3,73
118000123,3,19,-16
118000125,62,67,-5
118000126,3,4,-1
118000127,0,4,-4
118000128,53,81,-28
118000129,47,25,22
118000130,304,374,-70
118000131,35,104,-69
118000132,32,13,19
118000133,22,18,4
118000135,0,0,0
118000136,6,12,-6
118000137,104,7,97
118000138,1,15,-14
118000139,11,6,5
118000140,224,134,90
118000141,46,50,-4
118000142,64,140,-76
118000143,5,14,-9
118000144,11,16,-5
118000145,117,164,-47
118000146,78,84,-6
118000147,53,138,-85
118000148,12,114,-102
118000149,4,50,-46
118000150,2,8,-6
118000151,3,2,1
118000153,3,24,-21
118000154,25,49,-24
118000155,4,28,-24
118000156,132,116,16
118000157,10,7,3
118000158,3,19,-16
118000159,0,0,0
118000160,0,0,0
118000161,27,66,-39
118000162,4,17,-13
118000163,6,22,-16
118000164,37,22,15
118000168,1,7,-6
118000169,88,175,-87
118000170,83,157,-74
118000171,0,0,0
118000172,0,0,0
118000173,48,82,-34
118000175,10,9,1
118000176,6,37,-31
118000177,0,19,-19
118000178,0,2,-2
118000179,0,0,0
118000180,0,0,0
118000181,70,47,23
118000182,18,50,-32
118000183,17,47,-30
118000184,0,0,0
118000185,99,61,38
118000186,73,127,-54
118000187,31,69,-38
118000188,4,6,-2
118000189,7,22,-15
118000190,0,0,0
118000191,0,0,0
118000192,0,2,-2
118000193,1,20,-19
118000194,149,13,136
118000195,1,0,1
118000196,0,0,0
118000197,28,12,16
118000198,16,3,13
118000199,62,24,38
118000200,0,0,0
118000201,7,1,6
118000202,0,0,0
118000203,12,7,5
118000204,17,26,-9
118000205,3,6,-3
118000206,1,0,1
118000207,0,0,0
118000208,26,32,-6
118000209,107,184,-77
118000210,0,0,0
118000211,0,0,0
118000213,1,3,-2
118000214,48,7,41
118000215,19,33,-14
118000216,0,0,0
118000217,1,4,-3
118000218,0,5,-5
118000219,0,2,-2
118000220,0,0,0
118000221,0,5,-5
118000222,24,0,24
118000223,0,0,0
118000224,1,2,-1
118000225,2,57,-55
118000226,0,0,0
118000227,31,6,25
118000228,21,12,9
118000229,0,0,0
118000230,1,6,-5
118000231,1,6,-5
118000232,20,43,-23
118000233,3,9,-6
118000234,0,1,-1
118000236,0,11,-11
118000237,0,0,0
118000238,1,6,-5
118000239,0,0,0
118000240,31,2,29
118000241,5,0,5
118000242,2,40,-38
118000243,3,7,-4
118000244,0,12,-12
118000246,0,1,-1
118000255,0,4,-4
118000256,0,1,-1
118000259,0,1,-1
118000260,0,0,0
118000261,0,1,-1
118000263,0,1,-1
118000266,6,13,-7
118000267,0,11,-11
118000268,0,0,0
118000270,0,0,0
118000271,1,1,0
118000272,0,0,0
118000273,0,6,-6
118000274,4,13,-9
118000276,2,0,2
118000295,1,5,-4
118000298,8,39,-31
118000299,6,29,-23
118000301,1,5,-4
118000302,2,1,1
118000311,1,6,-5
118000312,1,14,-13
118000313,0,14,-14
118000314,1,0,1
118000315,0,3,-3
118000316,2,8,-6
118000325,0,0,0
118000326,0,0,0
118000331,0,0,0
118000332,0,0,0
118000333,0,0,0
118000335,0,0,0
118000336,0,31,-31
118000407,0,0,0
118000457,0,8,-8
118000465,211,96,115
118000480,0,0,0
118000489,0,0,0
118000490,2,36,-34
118000492,1,0,1
118000510,1,2,-1
118000514,4,32,-28
118000515,2,6,-4
118000517,41,14,27
118000524,233,180,53
118000525,98,90,8
118000530,0,0,0
118000531,0,0,0
118000532,7,27,-20
118000533,34,30,4
118000534,21,44,-23
118000535,0,1,-1
118000536,21,11,10
118000537,8,5,3
118000538,8,4,4
118000539,0,0,0
118000540,5,5,0
118000541,1,8,-7
118000542,0,0,0
118000543,0,0,0
118000546,4,14,-10
118000553,0,1,-1
118000560,75,13,62
118000562,0,0,0
118000563,67,24,43
118000576,3,11,-8
118000577,13,5,8
118000578,25,9,16
118000579,39,29,10
118000583,0,1,-1
118000595,0,0,0
118000596,0,2,-2
118000597,8,10,-2
118000598,0,0,0
118000599,0,0,0
118000600,0,0,0
118000601,0,0,0
118000602,0,0,0
118000603,0,18,-18
118000605,0,0,0
118000606,0,0,0
118000607,0,7,-7
118900001,0,0,0
118900002,0,2,-2
118900003,0,0,0
118900004,0,0,0
118900005,0,0,0
118900006,0,0,0
118900007,0,0,0
118900008,0,0,0
118900009,0,0,0
118900010,0,0,0
118900011,0,0,0
118900012,0,0,0
118900013,0,0,0
118900015,0,0,0
118900016,0,3,-3
118900017,0,0,0
118900018,0,0,0
118900019,0,0,0
118900020,0,0,0
118900021,0,0,0
118900022,0,3,-3
118900023,0,0,0
118900024,0,0,0
118900025,0,0,0
118900026,1,2,-1
118900027,0,0,0
118900028,0,0,0
118900029,0,0,0
118900030,0,0,0
118900031,0,8,-8
118900032,0,0,0
118900033,0,0,0
118900034,0,0,0
118900035,0,7,-7
118900036,2,4,-2
118900037,0,0,0
118900038,5,15,-10
118900039,0,0,0
118900040,0,3,-3
118900041,0,0,0
118900042,0,1,-1
118900045,2,0,2
118900046,18,1,17
118900047,11,3,8
118900048,0,0,0
118900049,0,0,0
118900050,0,0,0
118900051,0,0,0
118900052,0,0,0
118900053,0,0,0
118900054,0,3,-3
118900055,0,2,-2
118900056,0,0,0
118900057,1,10,-9
118900058,0,0,0
118900059,0,0,0
118900062,0,0,0
118900064,0,0,0
118900065,0,0,0
118900066,0,0,0
118900067,86,3,83
118900068,0,0,0
118900069,0,7,-7
118900071,0,0,0
118900072,0,0,0
118900073,0,12,-12
118900074,0,0,0
118900075,0,0,0
118900076,0,0,0
118900077,0,3,-3
118900078,0,0,0
118900079,0,0,0
118900080,0,0,0
118900081,0,0,0
118900082,0,3,-3
118900083,0,0,0
118900084,0,0,0
118900085,4,16,-12
118900086,0,0,0
118900087,5,3,2
118900088,0,0,0
118900089,0,0,0
118900090,0,9,-9
118900091,0,0,0
118900092,1,10,-9
118900093,0,0,0
118900096,18,9,9
118900097,1,17,-16
118900099,0,6,-6
118900100,0,0,0
118900101,0,23,-23
118900102,2,3,-1
118900103,0,1,-1
118900104,0,2,-2
118900105,8,2,6
118900107,4,5,-1
118900108,0,2,-2
118900110,0,0,0
118900111,0,0,0
118900112,0,0,0
118900113,0,0,0
118900114,0,0,0
118900115,0,0,0
118900116,0,9,-9
118900117,0,12,-12
118900118,1,16,-15
118900119,0,18,-18
118900120,4,20,-16
118900121,0,0,0
118900122,0,3,-3
118900123,4,14,-10
118900124,0,0,0
118900126,0,3,-3
118900129,0,4,-4
118900130,0,0,0
118900131,1,22,-21
118900132,0,6,-6
118900133,0,0,0
118900135,4,6,-2
118900136,2,33,-31
118900137,0,0,0
118900139,0,0,0
118900140,13,35,-22
118900141,0,0,0
118900144,3,46,-43
118900145,0,0,0
118900146,1,23,-22
118900147,0,0,0
118900148,0,0,0
118900150,0,0,0
118900152,1,36,-35
118900157,0,0,0
118900158,0,0,0
118900159,0,0,0
118900161,0,0,0
118900163,0,0,0
118900164,0,0,0
118900165,0,8,-8
118900166,0,0,0
118900167,1,5,-4
118900168,0,3,-3
118900169,7,21,-14
118900170,0,8,-8
118900171,0,4,-4
118900174,0,0,0
118900175,2,7,-5
118900176,0,4,-4
118900177,0,0,0
118900178,0,1,-1
118900179,0,5,-5
118900182,2,3,-1
118900183,0,4,-4
118900184,0,0,0
118900185,0,3,-3
118900186,0,18,-18
118900187,0,0,0
118900188,0,0,0
118900189,0,7,-7
118900190,0,0,0
118900191,0,0,0
118900192,0,0,0
118900193,0,0,0
118900195,0,0,0
118900196,0,4,-4
118900197,0,0,0
118900198,0,1,-1
118900199,0,2,-2
118900200,0,0,0
118900201,1,0,1
118900202,1,0,1
118900203,0,2,-2
118900204,0,0,0
118900205,0,0,0
118900206,0,2,-2
119000001,36,15,21
119000002,82,57,25
119000003,19,83,-64
119000004,22,60,-38
119000005,33,78,-45
119000006,56,56,0
119000007,66,123,-57
119000008,89,227,-138
119000009,114,228,-114
119000010,544,522,22
119000011,244,158,86
119000012,299,311,-12
119000013,207,132,75
119000014,143,373,-230
119000019,4,6,-2
119000020,34,50,-16
119000021,92,78,14
119000022,60,28,32
119000023,0,0,0
119000024,71,135,-64
119000025,513,76,437
119000026,0,0,0
119000027,20,33,-13
119000028,101,74,27
119000029,0,0,0
119000030,16,87,-71
119000031,46,62,-16
119000032,59,136,-77
119000033,157,114,43
119000034,64,67,-3
119000035,0,51,-51
119000036,40,105,-65
119000037,46,126,-80
119000038,15,62,-47
119000039,13,24,-11
119000040,190,25,165
119000041,141,20,121
119000048,566,196,370
119000049,52,169,-117
119000050,30,16,14
119000051,55,20,35
119000052,32,20,12
119000053,38,7,31
119000054,33,153,-120
119000055,145,168,-23
119000056,86,130,-44
119000057,17,129,-112
119000058,32,76,-44
119000059,9,5,4
119000060,24,86,-62
119000061,5,4,1
119000062,63,181,-118
119000063,33,20,13
119000064,21,25,-4
119000065,17,31,-14
119000066,26,52,-26
119000067,25,31,-6
119000068,53,103,-50
119000069,14,49,-35
119000070,65,77,-12
119000071,0,0,0
119000072,226,65,161
119000073,132,173,-41
119000074,38,154,-116
119000075,25,183,-158
119000076,0,0,0
119000077,8,14,-6
119000078,0,0,0
119000079,10,31,-21
119000080,0,0,0
119000081,8,14,-6
119000082,0,0,0
119000083,0,0,0
119000084,12,18,-6
119000085,12,28,-16
119000086,0,0,0
119000087,28,35,-7
119000088,1,1,0
119000089,0,0,0
119000090,16,15,1
119000091,0,1,-1
119000092,47,22,25
119000093,202,112,90
119000094,149,162,-13
119000095,24,85,-61
119000097,106,73,33
119000098,60,95,-35
119000099,54,83,-29
119000100,107,139,-32
119000101,116,193,-77
119000102,11,13,-2
119000103,11,1,10
119000104,104,199,-95
119000105,0,0,0
119000106,9,124,-115
119000107,0,0,0
119000108,21,127,-106
119000109,0,1,-1
119000110,8,9,-1
119000111,0,7,-7
119000112,5,7,-2
119000113,30,1,29
119000114,0,1,-1
119000115,18,10,8
119000116,0,0,0
119000117,7,5,2
119000118,1,0,1
119000123,6,3,3
119000124,0,0,0
119000125,0,0,0
119000126,0,0,0
119000127,6,119,-113
119000128,2,4,-2
119000131,16,115,-99
119000132,2,1,1
119000133,0,0,0
119000134,0,0,0
119000135,0,0,0
119000136,1,30,-29
119000137,0,0,0
119000138,3,28,-25
119000139,0,0,0
119000140,2,4,-2
119000284,151,589,-438
119000285,292,445,-153
119000286,281,493,-212
119000287,117,291,-174
119000288,78,156,-78
119000289,133,316,-183
119000290,1,8,-7
119000291,3,59,-56
119000293,16,12,4
119000294,0,0,0
119000295,104,23,81
119000296,1,0,1
119000302,365,35,330
119000303,0,0,0
119000314,79,68,11
119000315,0,0,0
119000316,1,5,-4
119000317,0,0,0
119000319,0,0,0
119900001,3,8,-5
119900002,0,0,0
119900003,0,16,-16
119900004,0,0,0
119900005,0,0,0
119900006,0,4,-4
119900007,0,0,0
119900008,0,0,0
119900009,0,4,-4
119900010,0,11,-11
119900011,0,0,0
119900012,0,0,0
119900013,24,14,10
119900014,1,2,-1
119900015,0,0,0
119900016,0,0,0
119900017,0,0,0
119900018,0,0,0
119900019,0,0,0
119900020,0,0,0
119900021,0,1,-1
119900022,0,0,0
119900023,0,0,0
119900025,0,0,0
119900026,0,0,0
119900027,0,0,0
119900028,0,0,0
119900029,0,0,0
119900030,0,2,-2
119900031,0,0,0
119900033,15,0,15
119900034,0,0,0
119900037,0,0,0
119900038,0,0,0
119900039,0,0,0
119900040,0,0,0
119900041,0,0,0
119900042,0,0,0
119900043,0,0,0
119900044,0,0,0
119900046,0,0,0
119900047,0,0,0
119900049,0,0,0
119900050,0,0,0
119900051,0,0,0
119900052,0,0,0
119900053,0,0,0
119900054,0,0,0
119900055,1,9,-8
119900057,0,0,0
119900058,0,0,0
119900059,0,0,0
119900060,0,0,0
119900061,0,0,0
119900062,0,0,0
119900063,0,0,0
119900065,0,0,0
119900067,0,0,0
119900068,0,0,0
119900069,0,0,0
119900070,0,0,0
119900071,0,0,0
119900073,0,0,0
119900074,0,0,0
119900075,91,18,73
119900076,0,5,-5
119900077,0,30,-30
119900078,0,0,0
119900079,0,0,0
119900080,0,0,0
119900081,0,0,0
119900082,0,0,0
119900083,0,0,0
119900084,0,3,-3
119900085,8,0,8
119900086,0,40,-40
119900087,0,2,-2
119900088,1,1,0
119900089,0,46,-46
119900090,1,2,-1
119900091,0,47,-47
119900092,0,24,-24
119900093,4,1,3
119900094,2,8,-6
119900095,0,0,0
119900096,1,1,0
119900097,12,3,9
119900098,0,0,0
119900099,0,7,-7
119900100,93,45,48
119900101,7,24,-17
119900102,2,10,-8
119900103,0,6,-6
119900104,0,2,-2
119900105,8,74,-66
119900106,0,4,-4
119900107,3,31,-28
119900108,49,30,19
119900109,0,3,-3
119900110,4,36,-32
119900111,0,0,0
119900112,22,0,22
119900113,0,0,0
119900114,2,58,-56
119900115,0,0,0
119900116,0,0,0
119900117,1,32,-31
119900118,0,0,0
119900119,0,0,0
119900120,10,17,-7
119900121,0,15,-15
119900122,0,0,0
119900123,0,0,0
119900124,0,2,-2
119900125,0,0,0
119900126,82,2,80
119900127,0,0,0
119900128,0,0,0
119900129,0,1,-1
119900130,0,0,0
119900131,0,2,-2
119900132,0,0,0
119900133,0,1,-1
119900134,2,0,2
119900135,0,0,0
119900136,0,0,0
119900138,0,0,0
119900139,0,0,0
119900140,0,0,0
119900141,0,0,0
119900142,0,0,0
119900143,0,0,0
119900144,0,0,0
119900145,0,0,0
119900146,0,2,-2
119900147,0,0,0
119900148,0,0,0
119900149,0,6,-6
119900150,0,0,0
119900151,4,6,-2
119900152,0,0,0
119900153,0,0,0
119900154,0,63,-63
119900155,0,0,0
119900156,0,0,0
119900157,0,0,0
119900158,0,0,0
119900159,0,59,-59
119900160,0,1,-1
119900161,0,0,0
119900162,0,0,0
119900163,1,1,0
119900164,0,0,0
119900165,0,0,0
119900166,0,0,0
119900167,0,0,0
119900168,0,0,0
119900169,0,0,0
119900170,0,0,0
119900171,0,0,0
119900172,0,0,0
119900173,0,19,-19
119900174,0,0,0
119900175,0,0,0
119900177,0,8,-8
119900178,0,0,0
119900179,0,0,0
119900180,0,0,0
119900181,0,0,0
119900182,0,12,-12
119900183,0,19,-19
119900184,1,0,1
119900185,0,0,0
119900186,0,0,0
119900187,0,20,-20
119900188,0,3,-3
119900189,1,0,1
119900190,0,0,0
119900191,0,0,0
119900192,0,2,-2
119900193,0,0,0
119900194,0,0,0
119900195,0,4,-4
119900196,0,0,0
119900197,0,0,0
119900198,1,19,-18
119900199,0,0,0
119900200,0,0,0
119900201,5,3,2
119900202,0,0,0
119900203,0,0,0
119900204,0,0,0
119900205,0,0,0
119900206,0,0,0
119900208,0,0,0
119900209,0,10,-10
119900210,0,0,0
119900211,0,0,0
119900212,0,21,-21
119900213,0,0,0
119900214,0,6,-6
119900215,0,5,-5
119900216,0,6,-6
119900217,0,1,-1
119900218,0,0,0
119900219,0,0,0
119900220,0,0,0
119900221,0,0,0
119900222,0,0,0
119900223,0,0,0
119900224,0,0,0
119900225,0,0,0
119900226,0,0,0
119900227,45,2,43
119900228,0,0,0
119900229,0,0,0
119900230,0,0,0
119900231,0,0,0
119900232,0,0,0
119900233,0,0,0
119900234,0,2,-2
119900235,0,0,0
119900236,0,0,0
119900237,0,0,0
119900238,1,8,-7
119900240,0,4,-4
119900241,0,9,-9
119900242,0,4,-4
119900244,0,0,0
119900245,0,0,0
119900246,0,0,0
119900247,0,0,0
119900248,0,0,0
119900249,0,0,0
119900253,0,0,0
119900254,0,0,0
119900255,1,33,-32
119900256,0,21,-21
119900257,0,0,0
119900258,0,1,-1
119900259,1,3,-2
119900260,0,0,0
119900261,0,0,0
119900262,0,14,-14
119900263,4,10,-6
119900264,0,0,0
119900265,0,0,0
119900266,0,0,0
119900267,0,0,0
119900268,0,0,0
119900269,0,3,-3
119900271,0,0,0
119900272,0,0,0
119900275,0,0,0
119900276,0,0,0
119900277,0,0,0
119900278,4,0,4
119900279,0,1,-1
119900280,25,5,20
119900281,0,7,-7
119900282,0,0,0
119900283,0,0,0
119900284,2,4,-2
119900285,0,0,0
119900286,0,0,0
119900288,1,2,-1
119900289,0,2,-2
119900290,0,0,0
119900291,0,0,0
119900292,0,0,0
119900293,0,2,-2
119900294,1,0,1
119900295,0,0,0
119900296,0,4,-4
119900297,0,2,-2
119900298,0,0,0
119900299,0,0,0
119900300,0,0,0
119900301,0,0,0
119900302,0,1,-1
119900303,2,3,-1
119900304,0,0,0
119900305,0,0,0
119900306,0,0,0
119900307,0,0,0
119900308,0,0,0
119900309,0,0,0
119900310,1,8,-7
119900311,0,0,0
119900312,0,0,0
119900313,0,0,0
119900314,0,0,0
119900315,0,76,-76
119900318,0,0,0
119900319,0,8,-8
119900320,0,15,-15
119900321,0,0,0
120000001,333,103,230
120000002,221,307,-86
120000003,161,186,-25
120000004,202,254,-52
120000005,1360,329,1031
120000006,136,155,-19
120000007,191,455,-264
120000008,89,294,-205
120000009,178,143,35
120000010,142,345,-203
120000011,63,252,-189
120000012,169,335,-166
120000013,105,235,-130
120000014,16,176,-160
120000015,159,238,-79
120000016,152,28,124
120000017,37,45,-8
120000018,191,244,-53
120000019,39,86,-47
120000020,197,129,68
120000021,166,109,57
120000022,548,192,356
120000023,44,93,-49
120000024,88,149,-61
120000025,73,207,-134
120000026,21,228,-207
120000027,143,320,-177
120000028,51,108,-57
120000029,97,52,45
120000030,3,26,-23
120000031,76,43,33
120000032,480,154,326
120000033,51,99,-48
120000034,35,103,-68
120000035,18,71,-53
120000036,44,100,-56
120000037,0,0,0
120000038,469,67,402
120000039,6,44,-38
120000040,1,5,-4
120000041,4,66,-62
120000042,15,266,-251
120000043,27,43,-16
120000044,90,28,62
120000045,99,61,38
120000046,50,90,-40
120000047,20,52,-32
120000048,297,155,142
120000049,74,138,-64
120000050,86,223,-137
120000051,241,236,5
120000052,481,63,418
120000053,18,172,-154
120000054,67,480,-413
120000055,48,242,-194
120000056,22,347,-325
120000057,11,60,-49
120000058,5,10,-5
120000059,0,5,-5
120000061,17,79,-62
120000062,2,19,-17
120000063,85,255,-170
120000064,10,135,-125
120000065,15,115,-100
120000066,6,22,-16
120000067,2,29,-27
120000068,3,75,-72
120000069,23,124,-101
120000070,1,66,-65
120000071,5,26,-21
120000072,14,58,-44
120000073,23,8,15
120000074,2,9,-7
120000075,3,21,-18
120000076,21,72,-51
120000077,38,63,-25
120000078,121,45,76
120000079,0,0,0
120000080,0,1,-1
120000081,0,0,0
120000082,0,1,-1
120000083,0,7,-7
120000084,14,38,-24
120000085,10,26,-16
120000086,2,46,-44
120000087,5,106,-101
120000088,5,28,-23
120000089,0,0,0
120000090,0,0,0
120000091,0,0,0
120000092,0,0,0
120000093,0,0,0
120000094,0,0,0
120000095,27,9,18
120000096,15,20,-5
120000098,14,35,-21
120000099,6,14,-8
120000100,18,37,-19
120000101,18,14,4
120000102,6,11,-5
120000103,14,41,-27
120000104,15,7,8
120000105,28,5,23
120000106,19,9,10
120000107,32,13,19
120000108,8,1,7
120000109,43,1,42
120000110,7,93,-86
120000111,14,146,-132
120000112,54,407,-353
120000113,26,300,-274
120000114,27,228,-201
120000115,15,191,-176
120000116,50,253,-203
120000117,143,284,-141
120000118,0,0,0
120000119,0,0,0
120000120,0,0,0
120000121,0,0,0
120000122,0,0,0
120000123,22,32,-10
120000124,6,2,4
120000125,5,22,-17
120000126,3,9,-6
120000127,18,26,-8
120000128,63,83,-20
120000129,0,3,-3
120000130,0,0,0
120000131,7,38,-31
120000134,0,0,0
120000135,0,6,-6
120000137,0,0,0
120000138,2,8,-6
120000139,0,0,0
120000140,1,16,-15
120000141,0,1,-1
120000142,1,7,-6
120000143,0,0,0
120000144,5,0,5
120000145,1,0,1
120000146,89,20,69
120000149,10,15,-5
120000150,4,20,-16
120000151,0,0,0
120000152,0,0,0
120000153,4,70,-66
120000154,17,90,-73
120000155,0,0,0
120000156,0,0,0
120000157,0,0,0
120000158,18,117,-99
120000159,185,550,-365
120000160,152,102,50
120000161,39,145,-106
120000162,7,9,-2
120000163,13,106,-93
120000164,18,62,-44
120000165,4,87,-83
120000166,8,55,-47
120000167,0,2,-2
120000168,0,5,-5
120000169,51,2,49
120000170,83,12,71
120000171,25,0,25
120000172,1,1,0
120000173,113,0,113
120000174,26,1,25
120000175,18,2,16
120000176,12,30,-18
120000177,44,155,-111
120000178,0,3,-3
120000179,14,2,12
120000180,22,11,11
120000181,5,0,5
120000182,12,1,11
120000183,0,10,-10
120000184,3,175,-172
120000186,0,4,-4
120000187,0,0,0
120000188,0,1,-1
120000190,0,0,0
120000191,0,0,0
120000192,0,0,0
120000193,0,0,0
120000195,0,0,0
120000196,0,0,0
120000197,0,0,0
120000198,0,10,-10
120000199,0,0,0
120000200,0,0,0
120000201,0,0,0
120000202,0,2,-2
120000203,0,10,-10
120000207,0,0,0
120000208,0,0,0
120000209,0,0,0
120000210,0,0,0
120000211,0,0,0
120000212,0,0,0
120000213,0,0,0
120000214,0,0,0
120000215,0,0,0
120000216,0,0,0
120000217,15,46,-31
120000218,8,79,-71
120000219,0,36,-36
120000220,0,168,-168
120000225,0,0,0
120000226,0,0,0
120000227,0,0,0
120000228,206,38,168
120000230,0,0,0
120000231,0,0,0
120000233,0,1,-1
120000235,16,51,-35
120000236,0,0,0
120000237,0,72,-72
120000238,0,9,-9
120000241,0,0,0
120000412,0,0,0
120000413,0,0,0
120000414,0,0,0
120000415,0,0,0
120000416,0,0,0
120000417,0,0,0
120000418,0,0,0
120000419,0,0,0
120000420,0,0,0
120000421,743,965,-222
120000422,15,9,6
120000423,0,1,-1
120000424,0,3,-3
120000436,6,6,0
120000437,9,8,1
120000438,72,19,53
120000439,5,30,-25
120000443,0,0,0
120000444,4,38,-34
120000445,16,27,-11
120000446,11,2,9
120000447,0,0,0
120000449,0,0,0
120000450,0,0,0
120000451,1,8,-7
120000452,0,0,0
120000453,0,125,-125
120000454,0,0,0
120000455,2,2,0
120000456,102,78,24
120000457,49,22,27
120000458,46,59,-13
120000459,0,0,0
120000665,17,3,14
120000668,4,11,-7
120000669,0,0,0
120000670,2,4,-2
120000671,37,32,5
120000672,7,44,-37
120900001,0,0,0
120900002,0,0,0
120900003,0,0,0
120900004,0,0,0
120900005,0,0,0
120900006,0,0,0
120900007,3,6,-3
120900008,2,7,-5
120900009,0,0,0
120900010,0,0,0
120900011,0,0,0
120900012,4,1,3
120900013,0,0,0
120900014,0,0,0
120900015,0,0,0
120900016,0,0,0
120900017,54,6,48
120900018,0,0,0
120900019,1,1,0
120900020,1,1,0
120900021,0,0,0
120900022,0,0,0
120900023,0,0,0
120900024,11,21,-10
120900025,4,0,4
120900026,0,0,0
120900027,0,0,0
120900028,0,0,0
120900029,0,0,0
120900030,0,1,-1
120900031,0,0,0
120900032,0,0,0
120900033,0,0,0
120900034,0,0,0
120900035,0,0,0
120900037,0,0,0
120900038,0,0,0
120900039,0,0,0
120900040,0,0,0
120900041,0,0,0
120900042,0,0,0
120900043,0,0,0
120900044,0,0,0
120900045,0,0,0
120900046,0,0,0
120900047,0,0,0
120900048,0,0,0
120900049,0,0,0
120900050,0,0,0
120900051,0,0,0
120900052,0,0,0
120900053,0,0,0
120900054,0,0,0
120900055,0,0,0
120900056,0,0,0
120900057,0,0,0
120900058,0,0,0
120900059,0,0,0
120900060,0,0,0
120900061,0,0,0
120900062,0,0,0
120900063,0,0,0
120900064,0,0,0
120900065,0,0,0
120900066,0,42,-42
120900067,0,0,0
120900068,0,0,0
120900069,0,0,0
120900071,0,0,0
120900072,0,0,0
120900073,0,0,0
120900074,0,0,0
120900076,0,0,0
120900077,0,0,0
120900078,0,63,-63
120900079,0,0,0
120900080,0,44,-44
120900081,0,0,0
120900082,0,7,-7
120900083,0,0,0
120900084,0,0,0
120900085,0,0,0
120900086,3,1,2
120900087,0,0,0
120900088,0,0,0
120900089,92,13,79
120900090,0,0,0
120900091,0,0,0
120900092,2,18,-16
120900093,0,0,0
120900094,14,7,7
120900095,0,0,0
120900096,1,0,1
120900097,5,29,-24
120900098,0,0,0
120900099,0,3,-3
120900100,0,2,-2
120900101,0,0,0
120900102,0,0,0
120900103,0,0,0
120900104,0,2,-2
120900105,0,0,0
120900106,55,19,36
120900107,13,4,9
120900108,0,0,0
120900109,6,35,-29
120900110,0,0,0
120900111,2,5,-3
120900112,0,2,-2
120900113,0,54,-54
120900114,0,14,-14
120900115,5,4,1
120900116,0,6,-6
120900117,0,0,0
120900118,0,80,-80
120900119,0,0,0
120900120,0,16,-16
120900121,8,16,-8
120900122,0,4,-4
120900123,0,0,0
120900124,0,51,-51
120900125,0,17,-17
120900126,21,36,-15
120900127,0,0,0
120900128,27,44,-17
120900129,5,21,-16
120900130,0,25,-25
120900131,0,0,0
120900132,0,3,-3
120900133,9,35,-26
120900134,13,15,-2
120900135,0,39,-39
120900136,0,0,0
120900137,0,0,0
120900138,0,9,-9
120900139,1,38,-37
120900140,0,0,0
120900141,0,0,0
120900142,0,36,-36
120900143,0,58,-58
120900144,0,25,-25
120900145,1,62,-61
120900146,1,38,-37
120900147,0,1,-1
120900148,0,5,-5
120900149,0,23,-23
120900150,2,15,-13
120900151,0,29,-29
120900152,0,0,0
120900153,0,0,0
120900154,0,6,-6
120900155,2,90,-88
120900156,0,25,-25
120900157,0,1,-1
120900158,0,30,-30
120900159,0,0,0
120900160,20,32,-12
120900161,0,12,-12
120900162,0,10,-10
120900163,0,0,0
120900164,0,0,0
120900165,0,0,0
120900166,0,0,0
120900167,0,2,-2
120900169,2,12,-10
120900170,11,5,6
120900171,7,3,4
120900172,0,0,0
120900173,0,11,-11
120900174,0,6,-6
120900175,0,0,0
120900176,0,2,-2
120900177,0,2,-2
120900178,0,1,-1
120900179,21,4,17
120900180,0,0,0
120900181,0,0,0
120900182,0,0,0
120900183,0,0,0
120900184,0,0,0
120900185,0,1,-1
120900186,2,43,-41
120900187,0,1,-1
120900188,0,0,0
120900189,0,0,0
120900190,0,0,0
120900191,0,0,0
120900192,128,9,119
120900194,0,0,0
120900195,1,6,-5
120900196,0,0,0
120900197,0,0,0
120900198,1,33,-32
120900199,0,0,0
120900200,0,0,0
120900201,26,8,18
120900202,0,11,-11
120900203,0,0,0
120900204,29,24,5
120900205,0,0,0
120900206,0,0,0
120900207,0,27,-27
121000001,80,139,-59
121000002,95,59,36
121000003,603,257,346
121000004,156,87,69
121000005,399,250,149
121000006,396,162,234
121000007,503,500,3
121000008,548,155,393
121000009,1008,862,146
121000010,1548,306,1242
121000011,1318,545,773
121000012,1540,374,1166
121000013,990,970,20
121000014,1354,745,609
121000015,422,939,-517
121000016,1247,747,500
121000017,92,145,-53
121000018,224,123,101
121000019,1246,466,780
121000020,1289,524,765
121000021,194,306,-112
121000022,252,210,42
121000023,432,339,93
121000024,262,476,-214
121000025,45,23,22
121000026,15,9,6
121000027,393,70,323
121000028,69,46,23
121000029,18,31,-13
121000030,10,24,-14
121000031,33,25,8
121000032,23,33,-10
121000034,0,0,0
121000035,10,7,3
121000036,11,28,-17
121000037,50,50,0
121000038,39,96,-57
121000039,2,15,-13
121000041,0,13,-13
121000042,0,0,0
121000043,19,4,15
121000044,44,38,6
121000045,0,5,-5
121000046,11,22,-11
121000047,3,9,-6
121000049,121,58,63
121000050,47,251,-204
121000051,11,12,-1
121000052,10,52,-42
121000053,0,0,0
121000054,4,27,-23
121000055,103,52,51
121000056,112,67,45
121000057,33,16,17
121000058,78,44,34
121000059,40,30,10
121000060,57,27,30
121000061,2,10,-8
121000062,10,2,8
121000063,68,74,-6
121000064,23,18,5
121000065,9,11,-2
121000066,72,21,51
121000067,48,9,39
121000068,0,0,0
121000069,0,0,0
121000070,69,62,7
121000071,69,58,11
121000072,24,36,-12
121000073,45,59,-14
121000074,6,12,-6
121000075,4,6,-2
121000076,39,3,36
121000077,0,0,0
121000078,13,16,-3
121000080,192,86,106
121000081,145,98,47
121000082,22,55,-33
121000083,0,0,0
121000084,22,13,9
121000085,99,45,54
121000086,0,0,0
121000087,0,0,0
121000088,49,146,-97
121000089,0,0,0
121000090,35,114,-79
121000091,414,276,138
121000092,35,6,29
121000093,8,16,-8
121000094,130,34,96
121000095,0,0,0
121000096,585,343,242
121000097,82,123,-41
121000098,19,65,-46
121000099,43,70,-27
121000100,16,49,-33
121000101,0,0,0
121000102,2,27,-25
121000103,0,0,0
121000104,4,20,-16
121000105,4,14,-10
121000106,0,0,0
121000107,313,285,28
121000109,224,253,-29
121000110,8,18,-10
121000114,267,388,-121
121000115,47,104,-57
121000116,58,91,-33
121000117,1,1,0
121000118,27,3,24
121000119,4,2,2
121000120,0,0,0
121000121,0,0,0
121000123,0,0,0
121000127,0,3,-3
121000128,19,53,-34
121000129,14,20,-6
121000130,26,51,-25
121000131,37,54,-17
121000132,46,59,-13
121000135,12,3,9
121000136,30,4,26
121000137,31,2,29
121000138,24,10,14
121000139,42,36,6
121000141,7,6,1
121000142,48,31,17
121000143,0,0,0
121000144,8,22,-14
121000145,18,47,-29
121000146,32,16,16
121000147,23,18,5
121000148,19,40,-21
121000149,124,86,38
121000152,37,23,14
121000153,106,56,50
121000154,69,12,57
121000155,62,52,10
121000156,31,53,-22
121000157,60,20,40
121000158,27,24,3
121000159,2,33,-31
121000160,5,35,-30
121000161,0,0,0
121000162,0,0,0
121000165,0,0,0
121000166,4,11,-7
121000168,8,21,-13
121000169,4,27,-23
121000170,39,9,30
121000171,3,27,-24
121000172,36,36,0
121000173,92,42,50
121000174,19,60,-41
121000175,25,33,-8
121000176,59,40,19
121000177,14,42,-28
121000178,2,2,0
121000179,2,1,1
121000181,20,23,-3
121000182,80,17,63
121000183,15,4,11
121000184,4,3,1
121000185,0,0,0
121000186,2,27,-25
121000187,0,0,0
121000188,0,0,0
121000192,25,18,7
121000193,34,25,9
121000194,397,181,216
121000195,26,92,-66
121000196,0,0,0
121000197,22,29,-7
121000198,7,11,-4
121000199,6,59,-53
121000200,7,11,-4
121000201,0,3,-3
121000202,1,1,0
121000203,1,17,-16
121000204,11,1,10
121000205,7,89,-82
121000206,18,12,6
121000207,13,20,-7
121000208,0,26,-26
121000209,9,72,-63
121000210,22,42,-20
121000211,4,19,-15
121000212,24,68,-44
121000213,30,86,-56
121000214,42,48,-6
121000215,87,43,44
121000216,6,33,-27
121000217,250,66,184
121000218,49,170,-121
121000219,66,19,47
121000220,58,37,21
121000221,18,10,8
121000222,347,292,55
121000223,13,30,-17
121000224,0,0,0
121000225,55,24,31
121000226,25,21,4
121000227,1,18,-17
121000228,4,167,-163
121000229,1,66,-65
121000230,9,344,-335
121000231,0,0,0
121000232,0,0,0
121000233,4,7,-3
121000234,0,0,0
121000235,0,0,0
121000236,0,0,0
121000237,0,0,0
121000238,0,0,0
121000239,0,0,0
121000240,0,0,0
121000241,0,1,-1
121000242,0,0,0
121000243,2,0,2
121000244,0,0,0
121000245,0,0,0
121000246,0,0,0
121000247,0,0,0
121000248,3,1,2
121000249,1,20,-19
121000250,4,3,1
121000251,1,63,-62
121000252,3,1,2
121000253,21,119,-98
121000254,28,11,17
121000255,12,18,-6
121000256,1,3,-2
121000257,1,10,-9
121000258,3,5,-2
121000259,6,4,2
121000260,7,19,-12
121000261,1,3,-2
121000262,97,61,36
121000263,46,54,-8
121000271,12,75,-63
121000273,3,3,0
121000274,0,0,0
121000275,0,5,-5
121000276,0,0,0
121000278,0,2,-2
121000289,2,1,1
121000290,55,71,-16
121000294,0,10,-10
121000297,16,48,-32
121000299,5,37,-32
121000300,29,22,7
121000302,3,25,-22
121000303,48,19,29
121000304,0,0,0
121000305,0,0,0
121000306,0,0,0
121000308,20,31,-11
121000309,135,97,38
121000310,4,53,-49
121000311,9,117,-108
121000312,0,0,0
121000313,22,61,-39
121000314,30,10,20
121000315,17,3,14
121000530,52,81,-29
121000531,47,78,-31
121000532,254,137,117
121000533,285,113,172
121000918,2,29,-27
121000919,0,0,0
121000938,21,7,14
121000939,5,1,4
121000956,23,94,-71
121000957,4,26,-22
121000958,2,30,-28
121000959,21,102,-81
121000960,24,162,-138
121000961,8,0,8
121000962,0,0,0
121000973,0,59,-59
121000976,0,0,0
121000979,0,0,0
121000981,9,1,8
121000982,0,0,0
121000983,7,48,-41
121000984,1,2,-1
121000985,9,18,-9
121000986,2,6,-4
121000987,27,175,-148
121000988,30,11,19
121001302,21,9,12
121001308,0,4,-4
121001309,4,0,4
121001313,7,35,-28
121001314,679,928,-249
121001315,679,294,385
121001326,2,3,-1
121001327,0,0,0
121001328,5,2,3
121900001,0,0,0
121900002,0,1,-1
121900003,0,0,0
121900004,0,0,0
121900005,0,1,-1
121900006,0,0,0
121900007,0,0,0
121900008,0,0,0
121900009,0,0,0
121900010,0,0,0
121900011,0,0,0
121900012,0,0,0
121900013,0,0,0
121900014,0,0,0
121900015,0,0,0
121900016,0,0,0
121900017,0,0,0
121900018,0,0,0
121900019,0,0,0
121900020,0,0,0
121900021,0,0,0
121900022,0,0,0
121900023,0,0,0
121900024,0,0,0
121900025,0,0,0
121900026,0,0,0
121900027,0,0,0
121900028,0,0,0
121900029,0,0,0
121900030,0,0,0
121900031,0,0,0
121900032,0,0,0
121900033,0,0,0
121900034,0,0,0
121900035,0,0,0
121900036,0,0,0
121900037,0,0,0
121900038,0,0,0
121900039,0,0,0
121900040,0,0,0
121900041,0,0,0
121900042,0,0,0
121900043,0,0,0
121900044,0,0,0
121900046,0,0,0
121900047,0,0,0
121900048,0,0,0
121900050,0,0,0
121900051,0,0,0
121900052,0,0,0
121900053,5,11,-6
121900054,0,0,0
121900055,0,0,0
121900058,0,0,0
121900059,0,0,0
121900060,0,0,0
121900062,0,0,0
121900063,0,0,0
121900064,0,0,0
121900066,0,0,0
121900067,0,0,0
121900069,0,0,0
121900070,0,0,0
121900071,0,0,0
121900072,0,0,0
121900073,0,0,0
121900074,0,0,0
121900075,0,0,0
121900076,0,0,0
121900078,0,0,0
121900079,0,0,0
121900080,0,0,0
121900082,0,0,0
121900084,0,0,0
121900086,0,0,0
121900087,0,0,0
121900088,0,0,0
121900089,0,0,0
121900090,0,0,0
121900091,0,0,0
121900092,0,0,0
121900093,0,0,0
121900094,0,0,0
121900095,0,0,0
121900096,0,0,0
121900097,0,0,0
121900098,0,0,0
121900099,0,0,0
121900100,0,0,0
121900101,0,0,0
121900102,0,0,0
121900103,0,0,0
121900104,0,0,0
121900105,0,0,0
121900106,0,0,0
121900107,0,0,0
121900108,0,0,0
121900109,0,0,0
121900110,0,0,0
121900111,0,0,0
121900112,0,0,0
121900113,0,0,0
121900114,0,0,0
121900117,0,0,0
121900118,0,0,0
121900119,0,0,0
121900120,0,0,0
121900121,0,0,0
121900122,0,0,0
121900123,0,0,0
121900124,0,0,0
121900125,0,0,0
121900127,0,0,0
121900128,0,0,0
121900129,0,0,0
121900130,0,0,0
121900131,0,0,0
121900132,0,0,0
121900133,0,0,0
121900134,0,0,0
121900135,0,0,0
121900136,0,0,0
121900137,0,0,0
121900138,0,0,0
121900139,0,0,0
121900140,0,0,0
121900141,0,0,0
121900142,0,0,0
121900143,0,0,0
121900144,3,1,2
121900145,0,0,0
121900146,0,0,0
121900147,0,1,-1
121900148,0,0,0
121900149,0,0,0
121900150,3,1,2
121900151,0,0,0
121900152,0,0,0
121900153,0,0,0
121900154,0,0,0
121900155,0,0,0
121900156,0,0,0
121900157,0,0,0
121900158,0,0,0
121900159,0,0,0
121900160,0,0,0
121900161,0,0,0
121900162,0,0,0
121900163,0,0,0
121900164,0,0,0
121900165,0,0,0
121900166,0,0,0
121900167,0,0,0
121900168,0,0,0
121900169,1,18,-17
121900170,0,0,0
121900171,0,0,0
121900172,0,0,0
121900173,0,0,0
121900174,0,0,0
121900175,0,0,0
121900176,4,30,-26
121900177,0,1,-1
121900178,0,0,0
121900179,0,0,0
121900180,3,4,-1
121900182,0,0,0
121900183,0,0,0
121900184,0,0,0
121900186,0,0,0
121900187,0,3,-3
121900188,0,0,0
121900189,0,0,0
121900190,0,0,0
121900191,0,0,0
121900192,0,0,0
121900193,0,0,0
121900194,0,0,0
121900195,0,0,0
121900196,0,0,0
121900197,3,18,-15
121900198,0,0,0
121900199,0,0,0
121900200,0,0,0
121900201,0,0,0
121900202,0,0,0
121900203,0,0,0
121900204,0,0,0
121900205,0,0,0
121900206,0,0,0
121900207,0,0,0
121900208,0,0,0
121900209,0,0,0
121900210,0,0,0
121900211,0,0,0
121900212,0,0,0
121900213,0,0,0
121900214,0,0,0
121900215,0,0,0
121900216,0,0,0
121900217,0,0,0
121900218,0,0,0
121900220,0,0,0
121900221,0,0,0
121900222,0,0,0
121900223,0,0,0
121900224,0,0,0
121900225,0,0,0
121900226,0,0,0
121900227,0,0,0
121900228,0,0,0
121900230,0,0,0
121900231,0,0,0
121900232,0,0,0
121900233,0,0,0
121900234,0,0,0
121900235,0,0,0
121900236,0,0,0
121900237,0,1,-1
121900238,0,0,0
121900239,0,0,0
121900240,0,0,0
121900241,0,0,0
121900242,0,0,0
121900243,0,0,0
121900244,0,0,0
121900245,0,0,0
121900246,0,0,0
121900248,0,0,0
121900250,0,0,0
121900251,0,0,0
121900252,0,0,0
121900253,0,11,-11
121900254,0,0,0
121900255,0,0,0
121900258,0,0,0
121900259,0,0,0
121900260,0,0,0
121900261,0,0,0
121900262,0,0,0
121900263,0,0,0
121900264,0,0,0
121900265,0,0,0
121900266,0,0,0
121900267,0,0,0
121900269,0,0,0
121900270,0,0,0
121900271,0,0,0
121900273,0,0,0
121900274,0,0,0
121900277,0,0,0
121900278,0,0,0
121900279,0,0,0
121900280,0,0,0
121900281,0,0,0
121900284,0,0,0
121900286,0,2,-2
121900287,0,0,0
121900288,0,0,0
121900290,0,0,0
121900291,3,4,-1
121900292,0,0,0
121900293,5,77,-72
121900294,0,0,0
121900295,0,0,0
121900296,0,0,0
121900298,0,0,0
121900299,0,0,0
121900300,0,0,0
121900301,0,0,0
121900302,0,0,0
121900303,0,0,0
121900304,0,0,0
121900305,0,0,0
121900306,0,0,0
121900307,0,0,0
121900308,0,2,-2
121900309,1,8,-7
121900310,0,13,-13
121900311,0,0,0
121900312,0,0,0
121900313,0,0,0
121900314,0,0,0
121900315,0,0,0
121900316,0,0,0
121900317,0,0,0
121900318,0,0,0
121900319,0,0,0
121900320,0,0,0
121900321,0,0,0
121900322,0,0,0
121900323,0,0,0
121900324,0,0,0
121900325,0,0,0
121900326,0,0,0
121900327,0,0,0
121900328,0,0,0
121900329,0,0,0
121900330,0,0,0
121900331,0,0,0
121900332,0,0,0
121900333,0,0,0
121900334,0,0,0
122000001,137,202,-65
122000002,118,81,37
122000003,113,116,-3
122000004,109,58,51
122000005,47,24,23
122000006,26,23,3
122000007,49,47,2
122000008,115,97,18
122000009,14,11,3
122000010,104,84,20
122000011,52,31,21
122000012,33,60,-27
122000013,39,54,-15
122000014,40,32,8
122000015,43,11,32
122000016,36,23,13
122000017,103,67,36
122000018,96,117,-21
122000019,37,95,-58
122000020,34,6,28
122000021,19,19,0
122000022,50,13,37
122000023,26,8,18
122000024,18,51,-33
122000025,28,65,-37
122000026,5,8,-3
122000027,107,88,19
122000028,0,0,0
122000029,0,0,0
122000030,43,20,23
122000031,0,0,0
122000032,4,3,1
122000033,1,9,-8
122000034,53,58,-5
122000035,52,56,-4
122000036,16,62,-46
122000037,36,3,33
122000038,15,10,5
122000039,56,38,18
122000040,24,31,-7
122000041,0,0,0
122000042,0,0,0
122000043,0,0,0
122000044,0,0,0
122000045,0,0,0
122000046,0,3,-3
122000047,48,12,36
122000048,156,82,74
122000049,304,200,104
122000050,56,64,-8
122000051,0,0,0
122000052,3,1,2
122000053,0,26,-26
122000054,92,91,1
122000055,118,153,-35
122000056,127,173,-46
122000057,298,200,98
122000058,150,159,-9
122000059,170,181,-11
122000060,62,30,32
122000061,10,14,-4
122000062,98,14,84
122000063,25,22,3
122000064,218,247,-29
122000065,353,248,105
122000066,137,102,35
122000067,116,146,-30
122000068,76,41,35
122000069,275,76,199
122000070,11,8,3
122000071,20,15,5
122000072,29,18,11
122000073,20,21,-1
122000074,1,1,0
122000075,0,3,-3
122000076,27,39,-12
122000077,58,65,-7
122000078,107,186,-79
122000079,49,85,-36
122000080,11,16,-5
122000081,5,3,2
122000082,0,0,0
122000083,49,74,-25
122000084,57,71,-14
122000085,67,57,10
122000086,118,118,0
122000087,0,0,0
122000088,15,16,-1
122000089,209,93,116
122000090,5,7,-2
122000091,5,3,2
122000092,1,0,1
122000093,59,260,-201
122000094,508,101,407
122000095,175,93,82
122000096,29,5,24
122000098,524,301,223
122000099,13,63,-50
122000100,15,22,-7
122000101,2,11,-9
122000102,155,53,102
122000103,38,64,-26
122000104,11,8,3
122000105,6,13,-7
122000106,3,13,-10
122000107,3,0,3
122000108,25,31,-6
122000109,1,5,-4
122000110,23,31,-8
122000111,80,17,63
122000112,10,13,-3
122000113,7,23,-16
122000114,317,343,-26
122000115,474,187,287
122000116,88,20,68
122000117,23,2,21
122000118,12,16,-4
122000119,153,148,5
122000120,152,175,-23
122000121,170,134,36
122000122,42,88,-46
122000123,145,21,124
122000124,30,36,-6
122000125,207,47,160
122000126,23,29,-6
122000127,33,83,-50
122000128,49,50,-1
122000129,6,4,2
122000130,17,8,9
122000131,14,2,12
122000132,131,18,113
122000133,49,116,-67
122000134,36,33,3
122000135,40,169,-129
122000136,3,2,1
122000137,7,16,-9
122000139,91,116,-25
122000140,124,21,103
122000141,169,32,137
122000142,20,55,-35
122000143,6,3,3
122000144,16,9,7
122000145,28,16,12
122000146,0,0,0
122000147,5,0,5
122000148,395,188,207
122000149,81,36,45
122000150,16,17,-1
122000151,26,26,0
122000152,59,33,26
122000153,0,0,0
122000154,0,0,0
122000155,24,49,-25
122000156,690,545,145
122000157,284,327,-43
122000158,19,24,-5
122000159,10,13,-3
122000160,39,14,25
122000161,32,8,24
122000162,21,9,12
122000163,0,0,0
122000164,0,1,-1
122000165,21,22,-1
122000166,1,0,1
122000167,40,34,6
122000168,0,0,0
122000169,25,25,0
122000170,20,35,-15
122000171,6,26,-20
122000172,87,107,-20
122000173,35,156,-121
122000174,252,211,41
122000175,121,49,72
122000176,0,1,-1
122000177,193,392,-199
122000178,0,0,0
122000179,60,86,-26
122000180,159,283,-124
122000181,329,745,-416
122000182,35,3,32
122000183,64,5,59
122000184,2031,345,1686
122000185,302,234,68
122000186,21,56,-35
122000187,10,77,-67
122000188,39,33,6
122000189,0,0,0
122000190,2,93,-91
122000191,15,4,11
122000192,16,2,14
122000193,2,12,-10
122000194,24,4,20
122000195,0,2,-2
122000196,14,11,3
122000197,6,3,3
122000198,29,32,-3
122000199,8,7,1
122000200,23,9,14
122000201,365,576,-211
122000202,276,272,4
122000203,121,155,-34
122000204,89,148,-59
122000205,47,46,1
122000206,53,11,42
122000207,13,15,-2
122000208,8,71,-63
122000209,0,0,0
122000210,57,233,-176
122000211,40,118,-78
122000212,54,34,20
122000213,84,76,8
122000214,72,110,-38
122000215,170,142,28
122000217,129,207,-78
122000218,0,0,0
122000219,184,136,48
122000220,35,58,-23
122000221,6,9,-3
122000222,41,2,39
122000223,64,37,27
122000225,72,15,57
122000226,44,198,-154
122000227,30,115,-85
122000228,7,44,-37
122000229,3,26,-23
122000230,1,62,-61
122000231,6,52,-46
122000232,2,59,-57
122000233,0,0,0
122000234,3,4,-1
122000235,7,0,7
122000236,6,3,3
122000237,1,1,0
122000238,6,2,4
122000239,4,19,-15
122000240,4,4,0
122000241,0,0,0
122000242,0,0,0
122000243,0,0,0
122000244,3,38,-35
122000245,10,49,-39
122000246,7,6,1
122000247,30,95,-65
122000248,70,141,-71
122000249,8,9,-1
122000250,26,1,25
122000251,9,21,-12
122000252,40,4,36
122000253,1,25,-24
122000254,7,0,7
122000255,17,20,-3
122000256,38,274,-236
122000257,17,63,-46
122000258,15,14,1
122000259,0,56,-56
122000260,9,60,-51
122000261,0,4,-4
122000262,0,26,-26
122000263,5,21,-16
122000264,0,0,0
122000265,0,0,0
122000266,0,0,0
122000267,0,0,0
122000268,0,0,0
122000269,0,0,0
122000270,0,0,0
122000271,0,0,0
122000272,0,0,0
122000273,5,5,0
122000274,0,1,-1
122000275,0,1,-1
122000276,35,34,1
122000277,47,73,-26
122000278,23,28,-5
122000279,32,93,-61
122000280,75,147,-72
122000281,31,94,-63
122000282,4,13,-9
122000283,96,15,81
122000284,0,9,-9
122000285,58,42,16
122000286,20,52,-32
122000287,4,0,4
122000288,42,1,41
122000291,47,18,29
122000293,3,13,-10
122000294,0,0,0
122000295,0,0,0
122000296,8,30,-22
122000297,154,47,107
122000299,9,14,-5
122000300,36,74,-38
122000301,340,102,238
122000302,11,2,9
122000303,490,191,299
122000304,3,13,-10
122000305,43,28,15
122000306,0,100,-100
122000307,19,19,0
122000309,7,24,-17
122000310,0,1,-1
122000311,1,10,-9
122000312,8,4,4
122000313,1,3,-2
122000314,1,13,-12
122000315,3,0,3
122000316,5,2,3
122000317,12,1,11
122000318,0,1,-1
122000319,16,39,-23
122000320,44,119,-75
122000321,2,52,-50
122000322,125,24,101
122000323,52,41,11
122000324,75,61,14
122000325,4,36,-32
122000326,0,0,0
122000327,5,17,-12
122000328,29,64,-35
122000330,52,16,36
122000333,0,24,-24
122000337,36,250,-214
122000338,13,64,-51
122000340,32,13,19
122000342,74,67,7
122000343,2,81,-79
122000344,0,0,0
122000345,4,1,3
122000346,8,12,-4
122000348,13,28,-15
122000349,0,27,-27
122000351,0,0,0
122000352,13,1,12
122000353,0,53,-53
122000355,0,0,0
122000356,251,140,111
122000357,0,0,0
122000358,0,0,0
122000359,0,0,0
122000360,0,0,0
122000362,2,5,-3
122000364,0,15,-15
122000365,0,0,0
122000366,2,3,-1
122000368,23,31,-8
122000370,0,6,-6
122000371,0,0,0
122000372,0,0,0
122000381,3,23,-20
122000382,6,8,-2
122000384,65,105,-40
122000385,0,0,0
122000386,2,14,-12
122000387,21,8,13
122000388,16,8,8
122000389,13,44,-31
122000390,3,5,-2
122000391,0,0,0
122000392,5,7,-2
122000393,2,4,-2
122000394,4,21,-17
122000395,4,7,-3
122000396,2,7,-5
122000397,6,19,-13
122000398,0,0,0
122000399,1,3,-2
122000400,0,0,0
122000401,3,6,-3
122000402,0,0,0
122000403,37,268,-231
122000404,5,18,-13
122000408,73,88,-15
122000503,0,0,0
122000524,0,0,0
122000544,0,0,0
122000614,67,8,59
122000616,156,1,155
122000640,0,0,0
122000641,0,0,0
122000642,0,1,-1
122000643,0,0,0
122000644,8,30,-22
122000645,15,74,-59
122000651,37,71,-34
122000664,3,4,-1
122000665,75,78,-3
122000666,17,33,-16
122000673,8,46,-38
122000674,22,7,15
122000675,42,137,-95
122000686,0,0,0
122000687,16,39,-23
122000688,0,1,-1
122000689,23,93,-70
122000690,39,112,-73
122000691,0,0,0
122000692,48,45,3
122000693,0,0,0
122000695,20,66,-46
122000696,1,8,-7
122000698,7,133,-126
122000699,20,0,20
122000701,23,40,-17
122000702,0,0,0
122000703,0,0,0
122000712,0,0,0
122000717,59,6,53
122000718,17,4,13
122000719,1,1,0
122000720,0,10,-10
122000724,25,6,19
122900001,0,0,0
122900002,0,0,0
122900003,0,0,0
122900004,0,0,0
122900005,0,0,0
122900006,0,0,0
122900007,0,0,0
122900008,0,0,0
122900009,0,0,0
122900010,0,0,0
122900012,0,0,0
122900014,0,0,0
122900015,0,0,0
122900016,0,0,0
122900017,0,0,0
122900018,0,0,0
122900020,0,0,0
122900021,0,0,0
122900022,19,30,-11
122900023,3,5,-2
122900024,1,1,0
122900025,0,0,0
122900026,0,0,0
122900027,0,8,-8
122900028,0,0,0
122900029,0,0,0
122900030,43,4,39
122900031,0,0,0
122900032,2,0,2
122900033,0,0,0
122900034,0,0,0
122900035,0,0,0
122900036,0,0,0
122900037,0,0,0
122900038,0,8,-8
122900039,0,0,0
122900040,0,0,0
122900041,0,0,0
122900042,0,0,0
122900043,0,0,0
122900044,0,0,0
122900045,0,0,0
122900046,0,0,0
122900047,0,0,0
122900048,0,0,0
122900049,0,0,0
122900051,0,0,0
122900052,0,3,-3
122900053,0,0,0
122900055,0,0,0
122900057,0,0,0
122900061,0,0,0
122900062,1,3,-2
122900063,0,0,0
122900064,0,0,0
122900065,1,1,0
122900066,3,5,-2
122900067,0,0,0
122900069,0,0,0
122900070,2,0,2
122900071,0,1,-1
122900073,0,0,0
122900074,0,0,0
122900075,0,1,-1
122900076,0,3,-3
122900077,0,16,-16
122900078,0,15,-15
122900080,0,0,0
122900081,0,0,0
122900082,0,0,0
122900083,0,0,0
122900084,0,0,0
122900086,0,0,0
122900087,0,0,0
122900088,0,0,0
122900089,0,0,0
122900090,0,18,-18
122900091,0,0,0
122900092,0,0,0
122900093,0,0,0
122900094,0,0,0
122900095,0,0,0
122900096,0,0,0
122900097,0,0,0
122900098,0,0,0
122900099,0,0,0
122900100,0,0,0
122900101,0,0,0
122900102,0,0,0
122900103,0,0,0
122900104,0,0,0
122900105,0,0,0
122900106,0,0,0
122900107,0,0,0
122900108,0,0,0
122900109,2,5,-3
123000001,263,136,127
123000002,622,288,334
123000003,463,366,97
123000004,454,738,-284
123000005,158,249,-91
123000006,339,553,-214
123000007,192,179,13
123000008,356,880,-524
123000009,589,430,159
123000010,1202,1436,-234
123000011,298,186,112
123000012,156,602,-446
123000013,262,91,171
123000014,208,843,-635
123000015,620,121,499
123000016,550,672,-122
123000017,113,72,41
123000018,2,13,-11
123000019,0,5,-5
123000020,0,0,0
123000021,0,1,-1
123000022,0,3,-3
123000023,35,46,-11
123000024,24,12,12
123000025,2,0,2
123000026,0,5,-5
123000027,4,7,-3
123000028,11,1,10
123000029,26,12,14
123000030,4,67,-63
123000031,1,9,-8
123000032,0,2,-2
123000033,0,3,-3
123000034,16,24,-8
123000035,5,2,3
123000036,7,3,4
123000037,23,40,-17
123000038,9,42,-33
123000039,55,94,-39
123000040,44,50,-6
123000041,15,9,6
123000042,44,52,-8
123000043,140,154,-14
123000044,336,171,165
123000045,699,317,382
123000046,14,7,7
123000047,84,73,11
123000048,0,0,0
123000049,528,70,458
123000050,43,32,11
123000051,2,8,-6
123000052,42,75,-33
123000053,260,145,115
123000054,115,70,45
123000055,49,52,-3
123000056,133,263,-130
123000057,801,389,412
123000058,20,10,10
123000059,10,17,-7
123000060,22,16,6
123000061,10,23,-13
123000063,34,79,-45
123000064,32,30,2
123000065,488,350,138
123000066,55,57,-2
123000067,11,29,-18
123000068,289,513,-224
123000069,813,567,246
123000070,14,24,-10
123000071,6,19,-13
123000072,101,129,-28
123000073,3,18,-15
123000074,82,189,-107
123000075,1,15,-14
123000076,19,64,-45
123000077,471,370,101
123000078,9,33,-24
123000079,15,25,-10
123000080,130,284,-154
123000081,11,19,-8
123000082,28,39,-11
123000083,14,3,11
123000084,29,104,-75
123000085,0,2,-2
123000086,2,16,-14
123000087,1,14,-13
123000088,52,69,-17
123000089,0,0,0
123000090,145,239,-94
123000091,0,0,0
123000092,87,154,-67
123000094,4,6,-2
123000095,0,3,-3
123000096,1,2,-1
123000097,35,117,-82
123000098,1,2,-1
123000099,33,60,-27
123000100,53,34,19
123000101,1,0,1
123000102,23,42,-19
123000104,8,37,-29
123000105,63,77,-14
123000106,14,29,-15
123000107,27,85,-58
123000108,90,120,-30
123000111,4,7,-3
123000112,12,19,-7
123000113,38,108,-70
123000114,0,4,-4
123000115,1,34,-33
123000116,0,7,-7
123000117,49,131,-82
123000118,29,53,-24
123000119,23,85,-62
123000120,51,41,10
123000121,24,17,7
123000122,176,58,118
123000123,63,13,50
123000124,69,104,-35
123000125,27,0,27
123000126,6,13,-7
123000127,331,294,37
123000128,30,75,-45
123000129,0,0,0
123000130,0,0,0
123000131,9,26,-17
123000132,37,61,-24
123000133,18,59,-41
123000134,39,8,31
123000135,20,32,-12
123000136,17,110,-93
123000137,9,42,-33
123000138,2,46,-44
123000139,0,0,0
123000140,9,58,-49
123000141,0,0,0
123000142,127,118,9
123000143,108,299,-191
123000144,0,2,-2
123000145,1,7,-6
123000146,0,3,-3
123000147,0,4,-4
123000149,0,0,0
123000150,0,0,0
123000151,19,24,-5
123000152,3,62,-59
123000153,8,11,-3
123000154,80,46,34
123000155,108,42,66
123000156,5,7,-2
123000157,42,65,-23
123000158,0,0,0
123000159,116,68,48
123000160,33,5,28
123000161,96,17,79
123000162,24,9,15
123000163,0,0,0
123000164,0,0,0
123000165,25,116,-91
123000166,4,20,-16
123000167,0,18,-18
123000168,21,23,-2
123000169,0,0,0
123000170,0,26,-26
123000171,0,7,-7
123000172,9,76,-67
123000173,0,0,0
123000174,0,0,0
123000175,69,167,-98
123000176,0,0,0
123000177,10,131,-121
123000178,0,0,0
123000179,1,42,-41
123000180,62,5,57
123000181,16,163,-147
123000182,7,29,-22
123000183,19,6,13
123000184,2,67,-65
123000185,0,0,0
123000186,0,102,-102
123000187,0,0,0
123000188,3,6,-3
123000189,2,37,-35
123000190,2,33,-31
123000192,3,64,-61
123000193,3,56,-53
123000194,30,25,5
123000195,0,0,0
123000196,0,0,0
123000197,1,9,-8
123000198,0,19,-19
123000199,0,50,-50
123000200,0,0,0
123000201,0,0,0
123000202,5,183,-178
123000203,0,0,0
123000204,4,178,-174
123000205,16,176,-160
123000206,25,3,22
123000207,8,81,-73
123000208,5,3,2
123000209,40,6,34
123000210,31,165,-134
123000211,49,232,-183
123000212,0,0,0
123000213,0,0,0
123000215,43,10,33
123000216,0,0,0
123000217,0,0,0
123000218,13,41,-28
123000219,0,0,0
123000220,0,0,0
123000221,0,0,0
123000222,1,3,-2
123000223,2,2,0
123000224,10,20,-10
123000225,1,6,-5
123000226,0,42,-42
123000227,1,49,-48
123000228,0,5,-5
123000229,88,276,-188
123000232,8,81,-73
123000233,0,0,0
123000234,18,114,-96
123000235,0,0,0
123000236,21,92,-71
123000237,0,0,0
123000238,11,74,-63
123000239,44,271,-227
123000240,2,21,-19
123000241,0,0,0
123000242,2,13,-11
123000243,108,146,-38
123000244,155,112,43
123000245,6,60,-54
123000249,402,119,283
123000252,0,0,0
123000253,0,0,0
123000254,10,53,-43
123000255,19,28,-9
123000256,8,31,-23
123000257,179,180,-1
123000258,42,138,-96
123000259,8,28,-20
123000260,12,38,-26
123000261,4,8,-4
123000262,4,21,-17
123000263,15,6,9
123000264,2,0,2
123000265,1,22,-21
123000266,12,55,-43
123000267,0,0,0
123000268,5,5,0
123000269,0,0,0
123000270,0,0,0
123000271,5,9,-4
123000272,0,0,0
123000273,0,0,0
123000274,0,0,0
123000275,22,138,-116
123000278,264,154,110
123000279,0,0,0
123000280,12,38,-26
123000281,0,0,0
123000282,19,31,-12
123000283,0,0,0
123000284,3,16,-13
123000286,11,19,-8
123000287,11,21,-10
123000288,0,0,0
123000289,0,0,0
123000291,26,159,-133
123000294,6,55,-49
123000295,75,11,64
123000296,14,15,-1
123000297,0,0,0
123000298,1,5,-4
123000299,0,4,-4
123000300,8,31,-23
123000301,6,13,-7
123000302,2,2,0
123000303,3,3,0
123000305,117,76,41
123000306,1,33,-32
123000309,1,7,-6
123000310,0,0,0
123000311,0,77,-77
123000312,54,77,-23
123000313,0,0,0
123000315,0,3,-3
123000316,3,3,0
123000317,0,0,0
123000318,2,17,-15
123000329,182,17,165
123000337,0,12,-12
123000338,1,0,1
123000339,0,96,-96
123000340,2,9,-7
123000342,1,15,-14
123000343,0,0,0
123000344,35,30,5
123000345,22,54,-32
123000346,0,0,0
123000352,140,113,27
123000353,0,9,-9
123000354,15,0,15
123000355,0,75,-75
123000356,0,0,0
123000357,0,22,-22
123000359,0,16,-16
123000360,0,0,0
123000361,22,34,-12
123000362,3,9,-6
123000363,1,29,-28
123000364,11,7,4
123000365,1,42,-41
123000366,47,54,-7
123000367,34,62,-28
123000370,2,27,-25
123000371,0,0,0
123000372,1,0,1
123000373,0,55,-55
123000374,1,36,-35
123000375,2,0,2
123000376,22,19,3
123000377,0,0,0
123000378,0,57,-57
123000379,0,35,-35
123000380,0,35,-35
123000381,1,0,1
123000382,42,5,37
123000383,10,80,-70
123000384,2,1,1
123000385,3,94,-91
123000436,1,111,-110
123000507,3,4,-1
123000508,7,49,-42
123000517,27,5,22
123000518,8,15,-7
123000519,72,21,51
123000520,3,20,-17
123000521,21,29,-8
123000522,13,32,-19
123000541,0,0,0
123000542,0,8,-8
123000565,30,3,27
123000566,8,64,-56
123000567,5,33,-28
123000573,8,99,-91
123000574,0,0,0
123000575,52,145,-93
123000576,10,179,-169
123000577,9,95,-86
123000578,0,0,0
123000579,124,15,109
123000580,16,1,15
123000582,0,0,0
123000583,2,43,-41
123000584,0,0,0
123000585,0,6,-6
123000586,0,0,0
123000596,13,28,-15
123000597,0,0,0
123000602,0,0,0
123000603,4,40,-36
123000604,13,176,-163
123000605,12,1,11
123000606,0,30,-30
123000609,0,80,-80
123000610,2,2,0
123000613,44,27,17
123000614,0,0,0
123000615,21,30,-9
123000616,0,0,0
123000617,12,48,-36
123000618,9,47,-38
123000619,0,0,0
123000620,10,52,-42
123000622,0,0,0
123000624,0,0,0
123000630,3,14,-11
123000631,12,222,-210
123000632,88,72,16
123000633,0,2,-2
123000634,0,0,0
123000635,15,10,5
123000636,6,19,-13
123000637,0,0,0
123000638,0,0,0
123000639,0,0,0
123000640,0,101,-101
123000648,0,0,0
123000649,3,68,-65
123000650,0,0,0
123000651,2,8,-6
123000652,0,0,0
123000653,2,26,-24
123000654,15,27,-12
123000655,2,15,-13
123000656,0,0,0
123000657,0,12,-12
123000658,0,0,0
123000659,1,480,-479
123000660,284,1,283
123000661,0,10,-10
123900001,5,0,5
123900002,0,0,0
123900003,0,0,0
123900005,0,0,0
123900006,0,0,0
124000001,86,0,86
124000002,1,47,-46
124000003,38,14,24
124000004,11,50,-39
124000005,7,0,7
124000006,38,202,-164
124000007,0,0,0
124000008,1,78,-77
124000009,0,1,-1
124000010,33,102,-69
124000011,0,0,0
124000012,20,138,-118
124000017,0,0,0
124000018,18,15,3
124000019,0,0,0
124000020,0,29,-29
124000021,0,0,0
124000022,13,65,-52
124000023,170,45,125
124000024,85,90,-5
124000025,159,31,128
124000026,101,90,11
124000027,103,11,92
124000028,222,223,-1
124000031,37,1,36
124000032,324,161,163
124000033,49,2,47
124000034,97,223,-126
124000035,6,2,4
124000036,20,122,-102
124000037,3,1,2
124000038,0,9,-9
124000039,18,21,-3
124000040,42,59,-17
124000041,9,1,8
124000042,10,38,-28
124000043,4,7,-3
124000044,6,33,-27
124000045,0,0,0
124000046,20,135,-115
124000047,0,0,0
124000048,47,171,-124
124000049,0,0,0
124000050,50,324,-274
124000051,0,0,0
124000052,33,182,-149
124000053,0,0,0
124000054,72,113,-41
124000055,0,0,0
124000056,230,308,-78
124000057,0,0,0
124000058,49,337,-288
124000059,7,20,-13
124000060,201,102,99
124000061,2,20,-18
124000062,618,218,400
124000063,243,338,-95
124000064,277,339,-62
124000065,3,18,-15
124000066,0,0,0
124000067,0,0,0
124000068,1,7,-6
124000069,0,0,0
124000070,13,35,-22
124000071,0,0,0
124000072,8,9,-1
124000073,0,0,0
124000074,15,64,-49
124000075,0,0,0
124000076,2,28,-26
124000077,60,45,15
124000078,3,1,2
124000079,65,45,20
124000080,0,0,0
124000081,8,58,-50
124000082,0,1,-1
124000083,2,21,-19
124000084,0,0,0
124000085,3,4,-1
124000086,0,0,0
124000087,0,0,0
124000088,0,4,-4
124000089,3,8,-5
124000090,5,55,-50
124000091,7,7,0
124000092,8,121,-113
124000093,0,0,0
124000094,0,17,-17
124000095,0,0,0
124000096,5,8,-3
124000097,0,0,0
124000098,3,15,-12
124000099,0,3,-3
124000100,3,28,-25
124000101,0,5,-5
124000102,9,32,-23
124000103,2,3,-1
124000104,4,18,-14
124000105,0,2,-2
124000106,11,24,-13
124000107,0,4,-4
124000108,26,5,21
124000109,0,0,0
124000110,4,18,-14
124000111,4,5,-1
124000112,8,28,-20
124000113,0,0,0
124000114,4,44,-40
124000115,12,31,-19
124000116,0,0,0
124000117,13,10,3
124000118,0,0,0
124000119,16,42,-26
124000120,0,6,-6
124000121,47,8,39
124000122,152,114,38
124000123,67,22,45
124000124,25,102,-77
124000125,28,14,14
124000126,27,87,-60
124000127,33,31,2
124000128,61,218,-157
124000129,63,121,-58
124000130,93,91,2
124000131,86,36,50
124000132,189,179,10
124000133,12,9,3
124000134,30,78,-48
124000135,37,33,4
124000136,51,107,-56
124000137,16,17,-1
124000138,47,124,-77
124000139,0,0,0
124000140,4,55,-51
124000141,3,0,3
124000142,8,46,-38
124000143,0,0,0
124000144,3,39,-36
124000145,0,0,0
124000146,0,9,-9
124000148,0,0,0
124000149,5,1,4
124000150,28,61,-33
124000151,3,0,3
124000152,27,84,-57
124000153,1,3,-2
124000154,23,84,-61
124000155,3,10,-7
124000156,80,100,-20
124000169,4,12,-8
124000170,37,41,-4
124000171,2,4,-2
124000172,29,49,-20
124000173,4,13,-9
124000174,24,61,-37
124000175,1,13,-12
124000176,0,0,0
124000177,2,8,-6
124000178,0,0,0
124000185,0,0,0
124000186,0,2,-2
124000187,1,4,-3
124000188,0,0,0
124000190,2,1,1
124000191,10,4,6
124000192,0,0,0
124000193,23,147,-124
124000194,33,100,-67
124000195,15,31,-16
124000196,84,227,-143
124000197,18,1,17
124000198,0,3,-3
124000201,27,136,-109
124000202,0,6,-6
124000203,3,191,-188
124000204,0,17,-17
124000205,4,111,-107
124000206,0,24,-24
124000207,2,20,-18
124000209,0,46,-46
124000210,1,37,-36
124000211,0,0,0
124000212,1,73,-72
124000213,2,79,-77
124000214,3,39,-36
124000215,0,0,0
124000216,0,98,-98
124000329,5,237,-232
124000338,2,93,-91
124000339,0,0,0
124000341,0,0,0
124000344,1,3,-2
124000357,99,24,75
124000358,71,49,22
124000359,19,13,6
124000360,6,17,-11
124000361,5,0,5
124000362,179,291,-112
124000363,45,127,-82
124000364,94,292,-198
124000365,228,601,-373
124000366,287,429,-142
124000367,18,84,-66
124000368,0,0,0
124000369,2,0,2
124000370,10,60,-50
124000402,0,0,0
124000403,0,0,0
124000404,0,8,-8
124000405,107,45,62
124000406,67,143,-76
124000407,0,6,-6
124000411,0,18,-18
124000412,0,0,0
124000413,0,0,0
124000414,5,11,-6
124000415,4,33,-29
124000416,13,24,-11
124000417,1,15,-14
124000418,2,12,-10
124000419,7,20,-13
124000420,0,2,-2
124000421,3,27,-24
124000422,1,1,0
124000423,0,2,-2
124000424,2,8,-6
124000425,0,0,0
124000426,1,29,-28
124000427,0,0,0
124000428,0,3,-3
124000429,0,32,-32
124000430,17,25,-8
124000431,2,22,-20
124000432,11,57,-46
124000439,0,0,0
124000443,0,14,-14
124000445,1,1,0
124000446,84,4,80
124000447,0,0,0
124000448,2,2,0
124000449,1,1,0
124000450,2,20,-18
124000451,0,4,-4
124000452,91,9,82
124000453,395,87,308
124000454,198,720,-522
124000455,1,131,-130
124000456,0,0,0
124000457,0,139,-139
124000458,1,70,-69
124000459,0,0,0
124000460,1,42,-41
124900001,0,0,0
124900002,0,0,0
124900003,0,0,0
124900004,0,0,0
124900005,0,0,0
124900006,0,0,0
124900008,0,0,0
124900009,0,0,0
124900010,0,0,0
124900011,0,0,0
124900012,0,0,0
124900013,0,0,0
124900014,0,0,0
124900015,0,0,0
124900016,0,0,0
124900017,0,0,0
124900018,0,0,0
124900020,0,0,0
124900021,0,0,0
124900022,0,0,0
124900024,0,0,0
124900026,0,1,-1
124900027,0,0,0
124900028,0,0,0
124900030,0,0,0
124900031,0,0,0
124900033,0,0,0
124900035,0,0,0
124900036,0,0,0
124900037,0,0,0
124900038,0,0,0
124900039,0,0,0
124900040,0,0,0
124900041,2,13,-11
124900042,0,0,0
124900043,2,48,-46
124900044,0,0,0
124900045,9,10,-1
124900047,1,2,-1
124900050,5,6,-1
124900052,2,6,-4
124900053,4,21,-17
124900054,178,11,167
124900055,0,10,-10
124900057,4,93,-89
124900060,2,22,-20
124900061,0,0,0
124900062,0,0,0
124900066,0,2,-2
124900067,0,21,-21
124900068,0,0,0
124900070,0,0,0
124900072,0,0,0
124900075,0,0,0
124900076,0,0,0
124900077,0,0,0
124900078,0,0,0
124900080,2,20,-18
124900081,0,0,0
124900082,0,0,0
124900083,11,24,-13
124900085,0,0,0
124900086,0,0,0
124900087,0,0,0
124900088,0,0,0
124900089,16,1,15
124900090,0,0,0
124900091,0,0,0
124900092,0,0,0
124900093,0,0,0
124900094,0,0,0
124900095,0,0,0
124900096,0,0,0
124900097,0,0,0
124900098,0,0,0
124900099,0,0,0
124900100,0,0,0
124900101,0,0,0
124900102,0,0,0
124900103,0,2,-2
124900104,0,0,0
124900105,0,1,-1
124900106,0,0,0
124900107,0,0,0
124900108,0,0,0
124900111,2,30,-28
124900112,1,19,-18
124900113,0,4,-4
124900114,0,2,-2
124900115,0,0,0
124900116,0,0,0
124900117,0,0,0
124900118,0,0,0
124900119,0,0,0
124900120,1,16,-15
124900121,0,0,0
124900122,10,9,1
124900123,0,0,0
124900124,23,7,16
124900125,0,0,0
124900126,1,53,-52
204000001,0,0,0
204000002,0,0,0
204000003,0,0,0
204000004,0,0,0
204000005,0,0,0
204000006,0,0,0
204000011,17,16,1
204000012,4,52,-48
204000019,81,83,-2
204000020,28,36,-8
204000021,91,35,56
204000022,52,69,-17
204000023,131,399,-268
204000031,0,0,0
204000032,0,0,0
204000034,41,108,-67
204000035,10,2,8
204000036,1,7,-6
204000037,6,3,3
204000038,1,12,-11
204000039,2,11,-9
204000040,0,4,-4
204000041,1,9,-8
204000042,0,0,0
204000043,0,0,0
204000044,0,0,0
204000045,0,0,0
204000046,0,0,0
204000057,2,3,-1
204000062,13,48,-35
204000068,28,77,-49
204000069,8,36,-28
204000070,0,0,0
204000080,26,35,-9
204000085,120,312,-192
204000086,533,413,120
204000087,35,60,-25
204000088,7,26,-19
204000090,20,136,-116
204000093,0,0,0
204000096,0,1,-1
204000097,0,0,0
204000099,12,12,0
204000100,2,2,0
204000105,224,257,-33
204000110,119,336,-217
204000111,44,117,-73
204000112,35,167,-132
204000113,64,131,-67
204000114,43,40,3
204000115,11,27,-16
204000116,22,35,-13
204000119,1,1,0
204000132,0,0,0
204000133,0,0,0
204000134,0,0,0
204000135,0,0,0
204000136,0,0,0
204000138,0,0,0
204000140,0,0,0
204000141,0,0,0
204000144,0,0,0
204000145,0,0,0
204000146,12,55,-43
204000147,6,44,-38
204000148,0,0,0
204000154,0,0,0
204000155,0,0,0
204000177,0,0,0
204000179,0,0,0
204000180,0,3,-3
204000222,0,0,0
204000235,7,7,0
204000236,10,65,-55
204000238,0,0,0
204000240,10,19,-9
204000263,96,281,-185
204000268,0,0,0
204000308,0,0,0
204000317,9,15,-6
204000322,4,3,1
204000323,0,0,0
204000328,0,0,0
204000329,53,36,17
204000330,0,0,0
204000331,42,55,-13
204000352,0,0,0
205000001,235,258,-23
205000013,1,31,-30
205000014,8,40,-32
205000015,6,66,-60
205000016,3,53,-50
205000017,13,19,-6
205000022,74,206,-132
205000025,313,279,34
205000029,30,11,19
205000045,10,68,-58
205000046,12,78,-66
205000047,11,104,-93
205000048,27,202,-175
205000049,18,182,-164
205000050,117,104,13
205000059,0,109,-109
205000060,0,14,-14
205000061,0,3,-3
205000062,1,7,-6
205000063,2,11,-9
205000064,0,43,-43
205000065,7,91,-84
205000066,15,158,-143
205000067,4,390,-386
205000069,234,101,133
205000082,0,0,0
205000110,19,53,-34
205000111,51,87,-36
205000112,0,0,0
205000113,34,67,-33
205000121,0,0,0
205000123,31,77,-46
205000126,0,0,0
205000127,0,0,0
205000128,0,0,0
205000129,0,0,0
205000130,0,0,0
205000131,0,0,0
205000132,0,0,0
205000133,0,0,0
205000134,0,0,0
205000137,20,48,-28
205000138,45,82,-37
205000139,6,18,-12
205000144,0,0,0
205000145,0,0,0
205000151,0,0,0
205000152,0,0,0
205000153,0,0,0
205000154,0,0,0
205000155,0,0,0
205000207,90,67,23
205000233,0,0,0
205000234,0,0,0
205000243,0,0,0
205000244,0,1,-1
205000245,9,79,-70
205000249,0,6,-6
205000250,0,0,0
205000264,1,20,-19
206000027,0,0,0
206000028,0,0,0
206000043,3,35,-32
206000053,4,12,-8
206000054,17,15,2
206000055,0,3,-3
206000075,4,5,-1
206000076,11,5,6
206000077,6,3,3
206000078,11,4,7
206000079,21,1,20
206000082,0,0,0
206000100,12,120,-108
206000103,6,33,-27
206000104,5,25,-20
206000105,5,23,-18
206000106,9,27,-18
206000125,0,0,0
206000157,113,271,-158
206000170,0,86,-86
206000171,2,79,-77
206000172,1,176,-175
206000173,1,81,-80
206000174,0,70,-70
206000175,6,100,-94
206000176,9,102,-93
206000177,0,43,-43
206000178,2,42,-40
206000179,0,38,-38
206000180,7,58,-51
206000181,6,53,-47
206000182,9,64,-55
206000183,4,94,-90
206000184,3,83,-80
206000185,3,53,-50
206000186,38,250,-212
206000223,10,68,-58
206000226,0,0,0
206000227,0,0,0
206000237,3,93,-90
206000238,8,136,-128
206000239,114,229,-115
206000240,0,38,-38
206000241,1,40,-39
206000242,13,89,-76
206000243,6,94,-88
206000244,27,198,-171
206000245,21,4,17
206000246,3,2,1
206000247,7,0,7
206000248,7,1,6
206000252,25,16,9
206000258,12,7,5
206000315,3,4,-1
206000317,34,8,26
206000318,16,8,8
206000319,55,7,48
206000320,13,0,13
206000321,10,1,9
206000322,0,0,0
206000323,0,0,0
206000324,0,0,0
206000325,0,0,0
206000326,0,0,0
206000327,7,0,7
206000328,7,1,6
206000329,23,0,23
206000330,0,0,0
206000331,4,0,4
206000332,0,0,0
206000333,17,0,17
206000334,6,1,5
206000335,0,5,-5
206000361,17,100,-83
206000392,3,5,-2
206000405,32,0,32
206000441,0,0,0
206000498,5,2,3
206000515,69,12,57
206000530,0,0,0
206000531,0,0,0
206000532,0,0,0
206000535,30,83,-53
206000536,3,29,-26
206000537,7,14,-7
206000613,0,0,0
206000784,358,29,329
207000001,35,133,-98
207000002,32,119,-87
207000003,23,74,-51
207000007,17,6,11
207000008,2,1,1
207000009,2,3,-1
207000010,73,76,-3
207000012,0,0,0
207000015,99,188,-89
207000019,23,8,15
207000021,14,11,3
207000022,12,9,3
207000023,7,7,0
207000024,4,3,1
207000025,0,1,-1
207000026,25,33,-8
207000027,6,20,-14
207000028,7,72,-65
207000029,34,122,-88
207000033,29,40,-11
207000034,14,7,7
207000039,0,0,0
207000040,0,0,0
207000041,0,0,0
207000042,0,0,0
207000043,0,0,0
207000051,8,89,-81
207000052,2,45,-43
207000053,117,188,-71
207000054,4,45,-41
207000055,18,54,-36
207000056,28,119,-91
207000057,39,73,-34
207000058,27,155,-128
207000059,20,197,-177
207000060,5,30,-25
207000061,1,3,-2
207000062,17,10,7
207000063,17,17,0
207000064,51,36,15
207000065,14,36,-22
207000066,13,25,-12
207000067,2,15,-13
207000068,4,2,2
207000069,131,36,95
207000082,0,0,0
207000083,9,35,-26
207000084,6,1,5
207000085,10,2,8
207000086,6,1,5
207000106,0,0,0
207000107,0,0,0
207000108,0,0,0
207000109,0,0,0
207000110,0,0,0
207000111,0,0,0
207000112,0,0,0
207000114,15,12,3
207000115,7,30,-23
207000116,7,73,-66
207000117,0,33,-33
207000118,0,30,-30
207000119,4,44,-40
207000123,0,0,0
207000124,0,0,0
207000125,0,0,0
207000126,0,0,0
207000134,0,5,-5
207000135,2,6,-4
207000148,0,0,0
207000149,13,10,3
207000152,37,146,-109
207000153,325,326,-1
207000154,39,20,19
207000159,14,64,-50
207000160,22,133,-111
207000238,0,40,-40
207000242,0,33,-33
207000248,5,6,-1
207000249,29,17,12
207000250,62,10,52
207000251,10,15,-5
207000252,2,16,-14
207000278,0,0,0
207000279,9,63,-54
207000280,3,5,-2
207000281,20,121,-101
207000282,0,0,0
207000283,3,21,-18
207000284,11,2,9
207000285,0,0,0
207000291,1,56,-55
207000304,11,12,-1
207000306,14,159,-145
207000310,0,0,0
207000353,0,0,0
207000356,2,4,-2
207000357,0,0,0
207000358,0,0,0
207000415,0,33,-33
207000416,4,20,-16
207000417,0,0,0
207000418,16,24,-8
207000438,0,3,-3
207000439,102,38,64
207000446,0,0,0
207000460,3,0,3
207000466,39,43,-4
207000467,0,0,0
207000468,11,117,-106
207000476,0,1,-1
207000477,1,2,-1
207000478,0,1,-1
207000523,1,10,-9
207000524,0,1,-1
207000527,17,4,13
207000530,0,0,0
207000531,0,0,0
207000532,0,0,0
207000534,0,0,0
207000535,11,69,-58
207000537,16,11,5
207000540,1,27,-26
207000541,1,86,-85
207000548,6,87,-81
207000549,0,0,0
207000561,0,0,0
207000562,4,36,-32
207000567,37,97,-60
207000568,2,4,-2
207000569,2,51,-49
207000584,39,16,23
207000585,0,0,0
207000587,0,0,0
207000616,0,70,-70
207000617,0,0,0
207000624,0,0,0
207000631,0,0,0
208000001,11,48,-37
208000002,17,18,-1
208000003,23,17,6
208000004,76,23,53
208000005,1,9,-8
208000019,0,0,0
208000020,0,0,0
208000021,6,49,-43
208000022,37,40,-3
208000028,7,2,5
208000033,34,65,-31
208000034,65,126,-61
208000037,0,0,0
208000040,0,0,0
208000041,0,0,0
208000042,0,0,0
208000047,6,68,-62
208000064,0,0,0
208000066,0,0,0
208000070,0,0,0
208000071,0,0,0
208000072,0,0,0
208000080,1,11,-10
208000081,2,5,-3
208000082,21,37,-16
208000083,21,104,-83
208000084,0,0,0
208000085,134,94,40
208000086,94,201,-107
208000087,78,154,-76
208000089,85,74,11
208000090,54,118,-64
208000093,3,17,-14
208000094,75,96,-21
208000095,105,63,42
208000104,0,0,0
208000105,0,0,0
208000114,0,0,0
208000115,17,77,-60
208000116,0,0,0
208000117,0,0,0
208000118,0,0,0
208000155,62,195,-133
208000158,352,295,57
208000186,0,0,0
208000204,87,141,-54
208000205,99,178,-79
208000282,411,180,231
209000004,17,19,-2
209000005,2,11,-9
209000006,65,33,32
209000007,32,49,-17
209000010,51,31,20
209000011,9,41,-32
209000012,26,88,-62
209000013,15,79,-64
209000014,98,251,-153
209000025,1,2,-1
209000026,0,0,0
209000027,48,189,-141
209000028,48,195,-147
209000029,73,206,-133
209000030,46,348,-302
209000031,511,725,-214
209000034,47,122,-75
209000035,29,79,-50
209000036,31,66,-35
209000037,18,80,-62
209000038,25,104,-79
209000039,18,37,-19
209000040,39,101,-62
209000041,38,145,-107
209000042,75,115,-40
209000043,49,83,-34
209000044,84,122,-38
209000045,8,45,-37
209000046,23,68,-45
209000047,10,14,-4
209000048,5,20,-15
209000049,15,42,-27
209000050,36,85,-49
209000051,47,85,-38
209000052,23,63,-40
209000062,7,25,-18
209000063,1,23,-22
209000064,3,18,-15
209000065,0,0,0
209000066,0,0,0
209000067,0,0,0
209000080,5,41,-36
209000082,0,0,0
209000091,7,19,-12
209000093,25,4,21
209000094,62,21,41
209000110,0,0,0
209000111,41,132,-91
209000112,30,57,-27
209000113,59,65,-6
209000114,42,35,7
209000115,20,43,-23
209000116,231,118,113
209000118,0,0,0
209000119,2,1,1
209000121,30,124,-94
209000135,0,0,0
209000142,124,104,20
209000143,11,18,-7
209000144,18,11,7
209000229,7,29,-22
209000240,11,76,-65
209000259,28,72,-44
209000260,9,154,-145
209000261,1,80,-79
209000262,0,65,-65
209000263,0,25,-25
209000264,0,6,-6
209000265,0,1,-1
209000266,0,0,0
209000267,0,0,0
209000268,0,0,0
210000037,0,0,0
210000047,0,0,0
210000048,0,0,0
210000049,0,0,0
210000052,0,37,-37
210000053,0,16,-16
210000054,17,18,-1
210000070,0,0,0
210000071,0,0,0
210000072,0,0,0
210000073,0,8,-8
210000074,0,25,-25
210000075,0,15,-15
210000076,1,31,-30
210000077,9,11,-2
210000078,6,15,-9
210000079,0,0,0
210000080,0,0,0
210000081,0,0,0
210000082,0,0,0
210000083,0,0,0
210000084,0,0,0
210000085,0,19,-19
210000086,0,25,-25
210000099,7,67,-60
210000100,5,68,-63
210000101,13,88,-75
210000105,20,36,-16
210000159,0,20,-20
210000163,38,54,-16
210000164,0,0,0
210000168,0,0,0
210000187,0,0,0
210000188,0,2,-2
210000214,0,0,0
210000219,0,0,0
210000220,0,0,0
210000232,0,2,-2
210000233,0,7,-7
210000234,2,16,-14
210000235,3,37,-34
210000245,1,14,-13
210000246,0,0,0
210000258,2,47,-45
210000259,0,0,0
210000282,5,57,-52
210000285,2,28,-26
210000286,1,32,-31
210000290,0,0,0
210000295,3,12,-9
210000296,4,4,0
210000320,0,0,0
210000321,0,0,0
210000338,2,47,-45
210000339,101,152,-51
210000340,33,40,-7
210000341,29,50,-21
210000342,13,59,-46
210000343,54,40,14
210000344,26,21,5
210000345,22,19,3
210000346,6,18,-12
210000347,1,3,-2
210000348,7,7,0
210000349,3,10,-7
210000350,16,15,1
210000351,14,33,-19
210000352,0,0,0
210000353,0,0,0
210000354,0,0,0
210000355,0,0,0
210000356,0,0,0
210000357,0,0,0
210000358,0,0,0
210000359,0,0,0
210000360,0,0,0
210000361,0,0,0
210000362,0,0,0
210000363,0,0,0
210000364,0,0,0
210000365,0,0,0
210000366,0,0,0
210000367,0,0,0
210000368,0,0,0
210000369,0,0,0
210000370,0,0,0
210000372,0,0,0
210000373,0,0,0
210000374,0,0,0
210000375,0,0,0
210000376,0,0,0
210000404,25,43,-18
210000439,0,0,0
210000472,0,0,0
210000482,0,0,0
210000564,0,0,0
210000567,0,0,0
210000568,0,0,0
211000092,0,0,0
211000094,0,0,0
211000169,0,0,0
211000172,0,0,0
211000209,0,0,0
211000226,0,0,0
211000270,0,0,0
211000275,0,0,0
211000276,0,0,0
211000279,0,0,0
211000281,0,0,0
211000302,0,0,0
211507980,0,0,0
211977296,0,0,0
212000003,0,0,0
212000004,3,9,-6
212000005,3,0,3
212000006,5,20,-15
212000008,33,32,1
212000009,5,29,-24
212000012,13,17,-4
212000013,3,20,-17
212000014,42,66,-24
212000015,25,56,-31
212000016,113,170,-57
212000027,0,0,0
212000028,0,0,0
212000029,0,0,0
212000030,0,0,0
212000031,0,0,0
212000048,2,10,-8
212000049,5,5,0
212000050,5,1,4
212000051,50,49,1
212000052,17,93,-76
212000053,85,133,-48
212000054,0,0,0
212000055,0,0,0
212000056,0,0,0
212000057,0,0,0
212000058,0,0,0
212000070,21,62,-41
212000077,41,141,-100
212000099,0,0,0
212000108,0,0,0
212000111,0,0,0
212000120,26,21,5
212000138,6,7,-1
212000156,3,30,-27
212000158,0,0,0
212000159,0,0,0
212000160,0,0,0
212000161,0,0,0
212000310,3,8,-5
212000311,0,0,0
212000374,0,7,-7
213000001,0,65,-65
213000005,2,5,-3
213000006,2,2,0
213000007,0,0,0
213000009,0,0,0
213000010,0,0,0
213000011,0,0,0
213000012,22,63,-41
213000014,0,0,0
213000015,0,0,0
213000016,0,0,0
213000017,0,0,0
213000018,0,17,-17
213000019,0,14,-14
213000020,3,15,-12
213000021,1,6,-5
213000023,0,0,0
213000033,7,84,-77
213000034,0,0,0
213000035,0,0,0
213000045,5,23,-18
213000046,7,14,-7
213000047,55,27,28
213000056,0,0,0
213000069,0,0,0
213000073,0,1,-1
213000074,17,95,-78
213000075,0,0,0
213000076,0,0,0
213000085,1,15,-14
213000086,1,55,-54
213000091,0,0,0
213000092,0,0,0
213000099,47,133,-86
213000100,0,0,0
213000101,0,11,-11
213000102,0,46,-46
213000103,17,36,-19
213000104,3,24,-21
213000105,0,10,-10
213000106,2,26,-24
213000107,10,81,-71
213000108,1,57,-56
213000109,1,33,-32
213000110,8,8,0
213000111,3,7,-4
213000112,47,13,34
213000115,0,0,0
213000116,18,41,-23
213000117,2,67,-65
213000118,33,33,0
213000119,14,150,-136
213000120,22,94,-72
213000122,41,79,-38
213000123,76,98,-22
213000124,5,127,-122
213000125,0,0,0
213000126,3,5,-2
213000127,8,9,-1
213000128,21,30,-9
213000129,0,0,0
213000130,0,0,0
213000132,0,0,0
213000133,0,0,0
213000134,0,0,0
213000136,0,0,0
213000137,0,0,0
213000139,0,0,0
213000147,0,0,0
213000148,0,0,0
213000149,0,0,0
213000150,1,5,-4
213000151,0,14,-14
213000152,0,11,-11
213000153,0,2,-2
213000154,5,33,-28
213000155,3,28,-25
213000156,8,64,-56
213000157,39,89,-50
213000158,6,57,-51
213000159,0,0,0
213000163,0,0,0
213000165,0,0,0
213000171,0,8,-8
213000172,1,23,-22
213000173,0,7,-7
213000174,0,0,0
213000175,0,4,-4
213000176,0,12,-12
213000177,0,1,-1
213000178,0,1,-1
213000179,1,0,1
213000180,2,5,-3
213000182,0,0,0
213000184,6,27,-21
213000188,0,0,0
213000189,0,0,0
213000190,10,116,-106
213000191,3,80,-77
213000192,3,118,-115
213000193,185,22,163
213000194,0,9,-9
213000195,1,62,-61
213000196,6,151,-145
213000197,0,0,0
213000198,0,0,0
213000200,19,138,-119
213000201,15,2,13
213000202,0,120,-120
213000203,0,0,0
213000204,0,0,0
213000205,0,0,0
213000206,0,0,0
213000207,0,0,0
213000208,0,0,0
213000209,0,0,0
213000210,0,0,0
213000211,0,1,-1
213000212,1,6,-5
213000213,1,15,-14
213000218,113,503,-390
213000219,0,0,0
213000220,0,0,0
213000223,0,1,-1
213000224,0,0,0
213000225,0,0,0
213000226,0,0,0
213000227,0,0,0
213000228,0,0,0
213000229,0,0,0
213000230,0,0,0
213000232,4,95,-91
213000233,1,6,-5
213000234,1,17,-16
213000293,0,22,-22
213000294,0,0,0
213000295,1,16,-15
213000296,0,0,0
213000297,0,16,-16
213000298,7,12,-5
213000299,0,0,0
213000300,0,0,0
213000303,5,11,-6
213000304,5,1,4
213000305,0,0,0
213000306,6,1,5
213000307,0,0,0
213000308,20,39,-19
213000309,0,0,0
213000310,0,0,0
213000311,30,37,-7
213000315,6,15,-9
213000316,0,0,0
213000322,0,3,-3
213000323,0,0,0
213000340,11,206,-195
213000341,0,0,0
213000346,0,0,0
213000347,0,0,0
213000348,0,25,-25
213000349,1,2,-1
213000350,10,185,-175
213000366,3,48,-45
213000367,1,2,-1
213000379,0,43,-43
213000386,2,28,-26
213000406,26,39,-13
213000417,20,4,16
213000425,0,0,0
213000426,0,0,0
213000427,0,23,-23
213000428,0,11,-11
213000429,0,2,-2
213000430,0,19,-19
213000431,24,0,24
213000432,0,1,-1
213000433,1,28,-27
213000434,0,0,0
213000435,0,0,0
213000439,0,1,-1
213000441,0,0,0
213000443,0,2,-2
213000445,0,4,-4
213000446,0,0,0
213000447,0,0,0
213000448,0,0,0
213000449,0,0,0
213000450,0,0,0
213000451,0,0,0
213000452,0,0,0
213000453,9,35,-26
213000455,0,0,0
213000456,0,8,-8
213000481,0,0,0
213000482,0,0,0
213000489,0,0,0
213000491,0,11,-11
213000492,0,0,0
213000493,0,12,-12
213000494,0,0,0
213000496,0,0,0
213000497,1,41,-40
213000498,1,10,-9
213000499,4,34,-30
213000500,0,0,0
213000501,0,0,0
213000502,0,0,0
213000503,1,25,-24
213000504,2,12,-10
213000505,0,5,-5
213000506,0,2,-2
213000507,0,45,-45
213900244,0,0,0
213900245,0,4,-4
218000003,1,1,0
218000004,0,2,-2
218000005,0,0,0
218000006,2,38,-36
218000007,1,11,-10
218000012,51,17,34
218000013,31,85,-54
218000014,85,132,-47
218000019,204,96,108
218000020,108,167,-59
218000040,19,0,19
218000046,2,33,-31
218000047,0,49,-49
218000048,4,78,-74
218000049,4,40,-36
218000050,46,73,-27
218000051,4,119,-115
218000052,0,8,-8
218000053,0,3,-3
218000054,0,5,-5
218000055,0,5,-5
218000056,0,7,-7
218000057,0,9,-9
218000064,1,0,1
218000065,1,1,0
218000066,1,0,1
218000067,9,48,-39
218000068,9,27,-18
218000069,13,65,-52
218000070,16,74,-58
218000071,49,82,-33
218000072,82,99,-17
218000078,126,262,-136
218000079,6,43,-37
218000080,17,37,-20
218000081,32,37,-5
218000082,3,25,-22
218000083,2,12,-10
218000084,9,82,-73
218000085,56,124,-68
218000086,14,29,-15
218000087,28,64,-36
218000090,25,27,-2
218000091,111,76,35
218000092,26,61,-35
218000093,36,67,-31
218000094,91,273,-182
218000099,47,111,-64
218000100,38,125,-87
218000101,21,52,-31
218000102,25,80,-55
218000103,11,42,-31
218000104,5,17,-12
218000105,2,4,-2
218000106,5,2,3
218000107,8,52,-44
218000108,0,30,-30
218000112,8,6,2
218000117,0,0,0
218000134,73,175,-102
218000135,9,18,-9
218000136,20,9,11
218000137,13,16,-3
218000138,2,6,-4
218000139,9,58,-49
218000140,6,28,-22
218000141,0,5,-5
218000142,8,23,-15
218000143,3,34,-31
218000144,0,2,-2
218000145,21,74,-53
218000146,18,46,-28
218000151,3,5,-2
218000152,8,20,-12
218000170,0,5,-5
218000171,13,1,12
218000172,1,3,-2
218000173,0,1,-1
218000174,1,0,1
218000176,19,5,14
218000177,83,13,70
218000178,20,8,12
218000179,27,8,19
218000180,7,7,0
218000181,18,3,15
218000187,0,5,-5
218000188,1,7,-6
218000189,2,13,-11
218000190,0,3,-3
218000191,12,28,-16
218000192,21,74,-53
218000193,152,80,72
218000194,9,109,-100
218000195,40,31,9
218000196,72,78,-6
218000197,21,76,-55
218000198,3,39,-36
218000199,8,3,5
218000200,2,17,-15
218000201,2,4,-2
218000202,31,15,16
218000207,2,14,-12
218000208,1,12,-11
218000211,5,22,-17
218000213,33,1,32
218000214,1,1,0
218000215,10,14,-4
218000217,0,13,-13
218000218,44,17,27
218000219,1,5,-4
218000220,48,45,3
218000221,53,94,-41
218000222,6,23,-17
218000223,84,24,60
218000224,0,29,-29
218000225,47,10,37
218000226,27,17,10
218000232,15,20,-5
218000239,0,0,0
218000240,0,0,0
218000241,0,0,0
218000242,0,0,0
218000243,0,0,0
218000244,0,0,0
218000245,0,0,0
218000246,0,0,0
218000247,0,0,0
218000248,0,1,-1
218000249,0,1,-1
218000250,0,1,-1
218000251,0,1,-1
218000252,0,10,-10
218000253,0,0,0
218000254,0,2,-2
218000255,0,1,-1
218000256,0,6,-6
218000267,38,241,-203
218000268,1,29,-28
218000269,4,5,-1
218000270,3,33,-30
218000271,32,112,-80
218000273,0,0,0
218000274,0,0,0
218000275,6,13,-7
218000276,6,68,-62
218000278,14,21,-7
218000279,6,15,-9
218000280,1,14,-13
218000281,1,9,-8
218000282,30,18,12
218000284,0,0,0
218000301,7,13,-6
218000302,3,7,-4
218000303,1,24,-23
218000316,144,131,13
218000317,99,191,-92
218000318,49,151,-102
218000319,114,323,-209
218000320,133,216,-83
218000338,0,4,-4
218000345,10,24,-14
218000346,0,0,0
218000459,9,51,-42
218000490,1,4,-3
218000501,3,7,-4
218000502,4,48,-44
218000503,7,3,4
218000504,10,3,7
218000505,10,58,-48
218000506,19,33,-14
218000508,0,1,-1
218000510,45,4,41
218000520,14,21,-7
218000521,0,1,-1
218000522,0,25,-25
218000523,3,9,-6
218000524,5,13,-8
218000525,0,1,-1
218000526,0,4,-4
218000529,3,6,-3
218000531,0,0,0
218000532,3,8,-5
218000534,0,0,0
218000537,0,0,0
218000538,6,13,-7
218000540,41,8,33
218000543,28,11,17
218000544,29,70,-41
218000545,5,12,-7
218000546,7,32,-25
218000547,11,20,-9
218000548,12,33,-21
218000549,28,10,18
218000550,61,70,-9
218000551,60,59,1
218000552,23,14,9
218000553,2,18,-16
218000554,2,3,-1
218000555,2,15,-13
218000556,35,110,-75
218000557,56,20,36
218000558,0,0,0
218000559,0,4,-4
218000560,0,0,0
218000561,0,0,0
218000562,4,29,-25
218000563,7,5,2
218000564,1,14,-13
218000565,4,3,1
218000566,2,0,2
218000567,0,7,-7
218000568,0,0,0
218000569,0,3,-3
218000570,2,0,2
218000571,0,4,-4
218000572,0,0,0
218000573,0,1,-1
218000574,0,1,-1
218000575,0,0,0
218000576,0,11,-11
218000577,0,0,0
218000578,0,3,-3
218000579,0,0,0
218000581,0,12,-12
218000582,1,0,1
218000583,1,0,1
218000584,0,4,-4
218000585,1,0,1
218000586,1,4,-3
218000587,0,0,0
218000588,0,0,0
218000589,0,0,0
218000590,0,0,0
218000591,0,0,0
218000592,0,0,0
218000601,0,0,0
218000602,0,0,0
218000603,0,0,0
218000604,0,0,0
218000605,0,5,-5
218000606,1,0,1
218000607,0,5,-5
218000608,0,1,-1
218000609,1,3,-2
218000610,0,1,-1
218000611,0,0,0
218000612,0,3,-3
218000613,0,0,0
218000614,0,8,-8
218000615,6,0,6
218000616,1,7,-6
218000617,0,0,0
218000618,0,0,0
218000619,2,2,0
218000620,0,4,-4
218000621,0,0,0
218000622,0,0,0
218000623,0,0,0
218000624,0,1,-1
218000625,0,0,0
218000626,0,3,-3
218000628,2,2,0
218000631,0,0,0
218000632,0,6,-6
218000633,0,0,0
218000634,0,1,-1
218000635,1,2,-1
218000636,136,300,-164
218000637,99,77,22
218000638,0,0,0
218000639,3,127,-124
218000640,0,0,0
218000641,1,85,-84
218000652,10,12,-2
218000653,47,21,26
218000663,0,3,-3
218000675,0,7,-7
218000680,7,37,-30
218000681,0,0,0
218000691,7,39,-32
218000693,0,0,0
218000718,33,35,-2
218000719,0,13,-13
218000720,0,5,-5
218000721,0,2,-2
218001147,1,64,-63
218001214,5,1,4
218001258,0,0,0
218001329,0,0,0
218001330,8,4,4
218001351,0,0,0
218001352,1,0,1
218001353,0,0,0
218001354,1,0,1
218001355,35,42,-7
218001356,0,0,0
218001357,2,42,-40
218001358,0,0,0
218001361,0,1,-1
218001362,0,150,-150
219000001,12,17,-5
219000002,19,38,-19
219000003,51,13,38
219000004,75,37,38
219000017,13,11,2
219000020,11,0,11
219000022,6,0,6
219000023,5,0,5
219000029,0,21,-21
219000034,0,0,0
219000039,20,6,14
219000040,2,4,-2
219000041,18,27,-9
219000051,0,35,-35
219000052,0,14,-14
219000053,0,62,-62
219000055,5,0,5
219000056,1,2,-1
219000057,9,0,9
219000062,1,53,-52
219000063,16,6,10
219000064,1,4,-3
219000110,43,2,41
219000111,21,5,16
219000112,36,6,30
219000113,19,6,13
219000114,24,2,22
219000116,24,30,-6
219000117,71,43,28
219000118,22,60,-38
219000123,54,32,22
219000124,25,20,5
219000125,2,17,-15
219000126,11,34,-23
219000127,0,4,-4
219000128,4,67,-63
219000129,13,56,-43
219000130,579,356,223
219000131,587,502,85
219000133,1,43,-42
219000134,14,6,8
219000135,82,47,35
219000136,118,104,14
219000138,1,26,-25
219000139,3,40,-37
219000140,0,0,0
219000141,0,37,-37
219000142,2,16,-14
219000143,2,30,-28
219000145,0,7,-7
219000146,0,23,-23
219000147,2,29,-27
219000148,0,23,-23
219000149,5,53,-48
219000150,2,37,-35
219000151,0,30,-30
219000157,11,40,-29
219000158,30,77,-47
219000161,61,8,53
219000163,399,114,285
219000166,13,37,-24
219000167,19,71,-52
219000168,27,4,23
219000174,0,0,0
219000175,0,0,0
219000176,0,0,0
219000177,0,0,0
219000178,0,0,0
219000179,0,0,0
219000180,1,10,-9
219000182,0,0,0
219000183,0,14,-14
219000184,0,0,0
219000185,1,44,-43
219000186,1,13,-12
219000187,0,39,-39
219000189,35,57,-22
219000190,39,85,-46
219000191,290,277,13
219000192,115,195,-80
219000193,172,108,64
219000195,1,12,-11
219000196,1,31,-30
219000198,5,30,-25
219000199,10,50,-40
219000200,5,27,-22
219000201,12,37,-25
219000203,5,51,-46
219000204,11,52,-41
219000205,7,37,-30
219000207,23,57,-34
219000209,5,20,-15
219000210,6,21,-15
219000213,1,53,-52
219000239,26,43,-17
219000240,17,44,-27
219000241,2,32,-30
219000242,15,36,-21
219000243,10,62,-52
219000244,19,36,-17
219000245,1,5,-4
219000246,0,0,0
219000247,0,0,0
219000248,0,0,0
219000249,0,0,0
219000250,0,0,0
219000251,0,0,0
219000252,0,0,0
219000253,0,0,0
219000255,0,0,0
219000256,0,0,0
219000257,0,0,0
219000262,30,83,-53
219000263,10,75,-65
219000267,1,41,-40
219000268,6,2,4
219000269,0,0,0
219000270,0,0,0
219000271,23,0,23
219000278,1,3,-2
219000279,1,2,-1
219000283,0,4,-4
219000295,8,36,-28
219000296,18,113,-95
219000297,2,40,-38
219000298,3,88,-85
219000299,0,0,0
219000300,5,66,-61
219000301,22,83,-61
219000302,3,29,-26
219000307,16,39,-23
219000308,9,35,-26
219000311,0,0,0
219000312,0,0,0
219000313,0,0,0
219000314,41,83,-42
219000315,0,0,0
219000316,0,0,0
219000317,0,0,0
219000320,1,10,-9
219000321,0,5,-5
219000323,5,25,-20
219000325,0,22,-22
219000326,11,47,-36
219000327,20,8,12
219000328,7,13,-6
219000329,200,74,126
219000330,3,26,-23
219000331,7,17,-10
219000332,0,0,0
219000333,0,0,0
219000335,0,0,0
219000337,0,0,0
219000338,0,0,0
219000344,22,23,-1
219000345,37,45,-8
219000346,7,59,-52
219000348,33,41,-8
219000349,7,51,-44
219000350,21,16,5
219000351,0,0,0
219000352,18,13,5
219000353,25,16,9
219000354,19,42,-23
219000355,22,5,17
219000356,316,213,103
219000363,109,25,84
219000364,79,19,60
219000365,38,8,30
219000366,239,44,195
219000368,73,24,49
219000370,146,45,101
219000371,2,11,-9
219000382,5,5,0
219000383,113,166,-53
219000385,146,135,11
219000386,236,352,-116
219000387,0,2,-2
219000390,0,0,0
219000391,0,0,0
219000397,22,30,-8
219000398,26,22,4
219000401,1,15,-14
219000402,2,8,-6
219000403,8,20,-12
219000404,3,5,-2
219000407,2,7,-5
219000409,0,0,0
219000410,0,0,0
219000411,0,0,0
219000446,53,148,-95
219000447,0,14,-14
219000448,0,0,0
219000452,0,0,0
219000453,13,13,0
219000454,55,20,35
219000556,0,0,0
219000558,19,53,-34
219000590,1,30,-29
219000591,0,0,0
219000592,18,143,-125
219000595,1,8,-7
219000635,0,0,0
219000636,2,34,-32
219000657,1,8,-7
219000658,1,8,-7
219000673,1,13,-12
219000676,0,0,0
219000679,7,18,-11
219000684,4,0,4
219000685,0,25,-25
219000686,0,0,0
219000688,0,84,-84
219000689,24,18,6
219000690,0,0,0
219000691,3,11,-8
219000692,3,5,-2
219000693,0,2,-2
219000694,0,0,0
219000695,0,0,0
219000698,0,0,0
219000699,0,3,-3
219000727,2,59,-57
219000728,22,0,22
219000770,0,0,0
219000771,0,10,-10
219000788,74,63,11
219001150,2,0,2
219001151,0,2,-2
219001166,0,0,0
219001167,2,9,-7
219001178,14,1,13
220000001,2,3,-1
220000002,1,9,-8
220000003,57,72,-15
220000004,39,77,-38
220000005,324,350,-26
220000006,34,202,-168
220000007,82,222,-140
220000008,42,165,-123
220000009,103,54,49
220000010,16,16,0
220000011,98,37,61
220000012,2,4,-2
220000014,0,7,-7
220000015,0,0,0
220000017,1,16,-15
220000018,68,29,39
220000019,4,41,-37
220000020,19,35,-16
220000021,47,46,1
220000022,60,98,-38
220000023,21,50,-29
220000024,156,103,53
220000025,65,98,-33
220000026,42,45,-3
220000027,1,8,-7
220000028,6,14,-8
220000029,16,30,-14
220000030,6,19,-13
220000031,6,27,-21
220000064,0,0,0
221000046,4,0,4
221000047,0,0,0
221000048,0,0,0
221000049,0,0,0
221000050,0,0,0
221000055,11,13,-2
221000057,6,1,5
221000068,16,8,8
221000069,13,2,11
221000070,10,0,10
221000071,4,0,4
221000072,4,0,4
221000073,5,6,-1
221000074,1,0,1
221000075,0,16,-16
221000076,4,15,-11
221000077,2,20,-18
221000081,3,0,3
221000082,3,0,3
221000083,4,0,4
221000084,0,0,0
221000085,2,29,-27
221000086,3,31,-28
221000087,4,45,-41
221000088,1,60,-59
221000089,7,65,-58
221000090,49,135,-86
221000098,3,2,1
221000099,8,0,8
221000100,3,0,3
221000101,5,1,4
221000102,6,0,6
221000109,2,23,-21
221000110,0,45,-45
221000111,5,41,-36
221000112,0,36,-36
221000113,5,47,-42
221000114,2,84,-82
221000120,0,0,0
221000121,0,0,0
221000122,0,0,0
221000123,0,0,0
221000124,0,7,-7
221000155,0,0,0
221000156,0,0,0
221000175,0,0,0
221000176,0,0,0
221000182,1,0,1
221000241,78,15,63
221000242,138,125,13
221000243,39,14,25
221000244,31,112,-81
221000245,10,15,-5
221000246,12,48,-36
221000247,5,18,-13
221000248,1,31,-30
221000267,0,40,-40
221000325,0,0,0
221000331,0,0,0
221000338,0,0,0
221000378,0,0,0
221000381,1,0,1
222000282,0,0,0
222000296,0,0,0
222000568,0,0,0
222000569,0,0,0
222000570,0,0,0
222000571,0,0,0
222000577,0,7,-7
222000578,2,3,-1
222000579,0,5,-5
222000580,5,30,-25
222000599,0,12,-12
222000600,1,10,-9
222000601,0,18,-18
222000603,0,1,-1
222000604,0,0,0
222000605,0,0,0
222000606,0,0,0
222000607,0,0,0
222000608,0,0,0
222000609,0,0,0
222000616,0,0,0
222000617,0,0,0
222000618,0,0,0
222000620,0,0,0
222000621,0,0,0
222000623,0,0,0
222000624,0,0,0
222000625,0,1,-1
222000636,0,0,0
222000686,0,0,0
222000687,0,0,0
222001066,0,0,0
222001067,0,0,0
222001068,0,0,0
222001069,0,0,0
222001082,0,2,-2
222001083,1,4,-3
222001084,0,2,-2
222001085,0,13,-13
222001111,0,10,-10
222001112,0,0,0
222001313,0,0,0
222001314,0,2,-2
222001464,0,0,0
222001465,0,0,0
222001484,0,0,0
222001485,0,0,0
222001494,0,0,0
222001495,0,0,0
222001496,0,0,0
222001497,0,0,0
222001502,1,26,-25
222001503,0,0,0
222001504,4,67,-63
222001505,0,0,0
222001506,3,52,-49
222001507,0,0,0
222001510,0,0,0
222001511,7,46,-39
222001514,0,0,0
222001515,18,82,-64
222001518,0,0,0
222001519,9,59,-50
222001527,0,0,0
222001528,1,34,-33
222001529,0,0,0
222001530,4,31,-27
222001533,14,88,-74
222001534,0,0,0
222001535,0,0,0
222001536,0,0,0
222001537,0,0,0
222001538,11,50,-39
222001563,0,0,0
222001564,4,117,-113
222001568,0,14,-14
222001576,0,0,0
222001579,0,0,0
222001583,0,1,-1
222001584,0,0,0
222001596,5,94,-89
222001597,0,0,0
222001626,0,1,-1
222001650,0,7,-7
222001651,2,0,2
222001914,0,0,0
222001915,4,24,-20
222001968,0,0,0
222001969,0,0,0
222001970,0,0,0
222001971,0,0,0
222001972,0,2,-2
225000001,1,0,1
225000002,9,1,8
225000003,6,0,6
225000004,6,22,-16
225000005,0,0,0
225000006,0,34,-34
225000007,344,163,181
225000010,79,1,78
225000011,0,0,0
225000012,0,0,0
225000013,0,0,0
225000014,0,0,0
225000015,20,58,-38
225000021,0,0,0
225000027,18,97,-79
225000032,0,0,0
225000042,14,103,-89
225000049,15,11,4
225000050,4,1,3
225000053,1,70,-69
225000058,0,0,0
225000067,9,52,-43
225000068,18,95,-77
225000069,11,78,-67
225000070,14,61,-47
225000071,2,49,-47
225000075,15,92,-77
225000076,8,31,-23
225000078,0,0,0
225000085,0,0,0
225000086,0,0,0
225000087,0,0,0
225000088,0,37,-37
225000089,147,109,38
225000090,12,42,-30
225000091,7,36,-29
225000092,3,19,-16
225000093,8,75,-67
225000094,0,87,-87
225000095,39,79,-40
225000096,22,77,-55
225000098,12,2,10
225000099,3,2,1
225000100,5,0,5
225000104,9,108,-99
225000110,1,66,-65
225000111,17,147,-130
225000112,18,171,-153
225000113,10,143,-133
225000114,16,56,-40
225000115,251,64,187
225000116,0,0,0
225000117,0,0,0
225000118,0,0,0
225000119,0,0,0
225000120,0,0,0
225000121,0,0,0
225000123,0,0,0
225000125,1,7,-6
225000126,111,4,107
225000127,154,8,146
225000128,8,1,7
225000132,43,14,29
225000133,27,12,15
225000134,79,6,73
225000135,21,1,20
225000136,14,0,14
225000137,9,3,6
225000138,77,8,69
225000143,15,28,-13
225000144,1,62,-61
225000145,0,0,0
225000146,1,35,-34
225000147,0,99,-99
225000148,1,57,-56
225000149,49,142,-93
225000151,12,62,-50
225000155,16,66,-50
225000156,16,83,-67
225000157,14,33,-19
225000158,7,87,-80
225000171,0,40,-40
225000180,15,4,11
225000181,0,8,-8
225000182,0,0,0
225000185,3,39,-36
225000187,10,43,-33
225000191,0,0,0
225000194,0,9,-9
225000208,0,16,-16
225000209,0,0,0
225000210,2,36,-34
225000217,0,7,-7
225000218,0,0,0
225000223,0,13,-13
225000224,0,0,0
225000225,0,1,-1
225000226,0,0,0
225000227,8,16,-8
225000228,0,0,0
225000229,0,13,-13
225000230,0,0,0
225000231,0,26,-26
225000232,0,0,0
225000241,0,0,0
225000242,0,19,-19
225000249,0,0,0
225000250,13,160,-147
225000251,36,9,27
226000042,31,84,-53
226000043,1,60,-59
226000044,39,142,-103
226000045,11,112,-101
226000046,0,0,0
226000047,0,0,0
226000048,0,0,0
226000049,0,0,0
226000070,1,17,-16
226000071,0,9,-9
226000072,0,1,-1
226000073,0,4,-4
226000074,0,5,-5
226000084,0,8,-8
226000085,1,0,1
226000086,0,3,-3
226000087,0,1,-1
226000088,0,3,-3
226000090,0,0,0
226000091,0,0,0
226000092,0,0,0
226000093,0,0,0
226000094,0,0,0
226000095,0,0,0
226000105,0,0,0
226000106,0,0,0
226000107,0,0,0
226000108,0,0,0
226000109,0,0,0
226000124,0,0,0
226000134,70,28,42
226000135,84,29,55
226000136,17,22,-5
226000137,2,110,-108
226000138,7,33,-26
226000139,1,1,0
226000156,0,0,0
226000157,0,0,0
226000163,10,36,-26
226000202,0,77,-77
226000231,0,0,0
226000232,0,0,0
227000037,0,0,0
227000038,0,0,0
227000049,0,4,-4
227000050,0,8,-8
227000055,0,0,0
227000056,0,0,0
227000084,0,10,-10
227000085,0,11,-11
227000088,0,0,0
227000089,0,0,0
227000090,0,0,0
227000091,0,0,0
227000093,0,0,0
227000094,0,0,0
227000130,1,24,-23
227000131,0,55,-55
227000132,0,65,-65
227000133,8,61,-53
227000134,1,53,-52
227000152,0,0,0
227000153,1,10,-9
227000155,0,1,-1
227000156,0,5,-5
227000165,0,3,-3
227000196,10,53,-43
227000199,0,0,0
227000230,9,65,-56
227000232,0,0,0
227000241,0,0,0
227000242,14,129,-115
227000243,0,0,0
227000244,0,0,0
227000245,9,76,-67
227000246,20,161,-141
227000247,0,0,0
227000248,0,0,0
227000249,7,104,-97
227000251,55,104,-49
227000252,6,145,-139
227000253,0,0,0
227000262,0,0,0
227000266,0,0,0
227000267,4,208,-204
227000486,0,0,0
227000655,0,0,0
227000661,0,0,0
227000680,0,0,0
229000265,0,6,-6
229000296,0,1,-1
229000297,0,5,-5
229000298,4,21,-17
229000320,0,0,0
229000321,1,0,1
229000412,0,7,-7
229000414,0,11,-11
229000415,2,0,2
229000416,0,2,-2
229000417,0,2,-2
229000419,8,58,-50
229000440,10,2,8
229000442,1,0,1
229000443,0,0,0
229000444,0,11,-11
229000445,0,0,0
229000446,0,4,-4
229000847,10,2,8
229000848,13,1,12
229000849,112,1,111
229000851,3,1,2
229000854,0,8,-8
229000856,1,37,-36
229000857,0,11,-11
229000858,0,51,-51
229000919,4,31,-27
229000930,0,92,-92
229000937,110,8,102
229000966,36,5,31
229000981,5,20,-15
229000985,0,1,-1
229000986,0,0,0
229000987,0,0,0
229000988,0,0,0
229000989,1,0,1
229000990,0,0,0
229000991,0,0,0
229000992,0,0,0
229000993,5,0,5
229000998,3,3,0
229000999,0,0,0
229001034,0,3,-3
229001035,0,0,0
229001037,2,6,-4
229001042,2,0,2
229001047,0,7,-7
229001050,2,2,0
229001200,0,0,0
229001338,0,10,-10
229001394,153,2,151
229001422,142,15,127
229001423,11,68,-57
229001431,100,16,84
229001432,13,33,-20
229001444,1,5,-4
229001445,1,48,-47
229001503,118,22,96
229001504,17,41,-24
229001505,204,27,177
229001506,24,65,-41
229001509,0,8,-8
229001545,42,4,38
229001546,0,28,-28
229001553,40,1,39
229001554,2,50,-48
229001559,0,0,0
229001560,0,0,0
229001630,0,0,0
229001631,4,5,-1
229001635,0,5,-5
229001636,1,0,1
229001658,1,32,-31
229001659,50,5,45
229001660,0,0,0
229001661,0,0,0
229001662,14,0,14
229001663,0,7,-7
229002584,9,5,4
229002831,12,14,-2
229002841,3,3,0
229002842,0,2,-2
229002843,0,0,0
229002844,1,10,-9
229002845,2,11,-9
229002846,2,1,1
229002847,0,0,0
229002848,0,0,0
229002849,0,3,-3
229002850,0,0,0
229002851,0,5,-5
229002852,3,1,2
229002853,1,3,-2
229002854,2,4,-2
229002855,0,2,-2
229002856,2,0,2
229002857,1,6,-5
229002858,0,1,-1
229002859,0,2,-2
229002860,0,1,-1
229002861,0,0,0
229002862,0,1,-1
229002863,1,3,-2
229002864,2,4,-2
229002865,0,0,0
229002866,0,5,-5
229002867,0,2,-2
229002868,0,0,0
229002869,6,29,-23
229002870,2,0,2
235000066,0,0,0
235000067,0,0,0
235000072,5,11,-6
235000073,19,52,-33
235000074,5,16,-11
235000080,1,10,-9
235000081,6,29,-23
235000082,0,0,0
235000083,0,0,0
235000084,0,0,0
235000085,0,0,0
235000089,0,0,0
235000092,3,48,-45
235000093,0,1,-1
235000097,0,0,0
235000098,0,0,0
235000099,0,0,0
235000116,0,0,0
235000117,0,0,0
235000133,2,55,-53
235000134,0,19,-19
235000206,0,0,0
235000207,0,0,0
235000208,0,0,0
235000209,0,0,0
235000210,0,0,0
235000212,0,2,-2
235000213,0,2,-2
235000220,0,2,-2
235000221,0,6,-6
235000238,0,0,0
235000239,0,0,0
235000242,11,3,8
235000245,193,45,148
235000246,1,17,-16
235000284,1,11,-10
235000295,0,0,0
235000305,0,0,0
235000306,0,0,0
235000307,0,0,0
235000308,0,0,0
235000309,0,0,0
235000310,0,0,0
235000311,0,1,-1
235000322,1,5,-4
235000323,0,8,-8
235000324,0,2,-2
235000325,0,3,-3
235000326,0,29,-29
235000351,0,7,-7
235000352,0,2,-2
235000353,0,0,0
235000354,0,1,-1
235000355,0,8,-8
235000356,0,0,0
235000357,0,0,0
235000358,0,0,0
235000359,0,0,0
235000360,0,0,0
235000361,0,0,0
235000381,14,68,-54
235000382,0,0,0
235000390,0,0,0
235000391,0,0,0
235000392,0,0,0
235000393,0,0,0
235000395,0,0,0
235000396,0,0,0
235000400,0,0,0
235000401,2,33,-31
235000405,12,63,-51
235000406,2,75,-73
235000407,7,31,-24
235000409,61,46,15
235000410,9,61,-52
235000411,0,22,-22
235000485,0,1,-1
235000486,0,0,0
235000549,0,0,0
235000550,22,30,-8
235000599,14,6,8
235000600,2,4,-2
235000601,0,0,0
235000602,0,0,0
235000614,0,0,0
235000648,0,27,-27
235000649,0,0,0
235000685,0,3,-3
235000815,0,3,-3
235000834,0,2,-2
235000855,0,0,0
235000862,4,43,-39
235000891,0,1,-1
235000892,0,1,-1
235000901,16,30,-14
235000907,1,3,-2
235001010,0,0,0
235001029,80,67,13
235001030,0,0,0
235001078,0,0,0
235001079,11,40,-29
235001147,0,0,0
235001166,0,0,0
235001167,3,12,-9
235001169,1,39,-38
235001188,0,1,-1
235001189,0,0,0
235001197,1,8,-7
235001200,9,7,2
235001207,0,0,0
235001210,16,92,-76
235001215,11,82,-71
235001239,0,19,-19
235001244,0,0,0
235016267,0,2,-2
277102712,0,0,0
277103813,0,0,0
277104249,0,1,-1
277104250,0,0,0
277104251,0,0,0
277104252,0,0,0
990011530,1,42,-41
990014944,0,51,-51
990015176,0,0,0
990016032,0,23,-23
990032570,0,3,-3
990070001,0,0,0
990070103,0,0,0
990070601,0,1,-1
990070751,0,0,0
990070766,0,48,-48
990071180,0,20,-20
990071343,0,0,0
990071387,0,2,-2
990071823,0,0,0
990072600,0,97,-97
990072964,0,81,-81
990073285,0,0,0
990074393,0,51,-51
990074870,0,1,-1
990075106,0,0,0
990075746,0,0,0
990076437,0,0,0
990076458,0,120,-120
997000007,0,1,-1
997000041,0,32,-32
997000058,0,0,0
997000062,0,0,0
997000069,0,2,-2
997000070,0,8,-8
997000100,0,0,0
997000141,0,0,0
997000198,0,0,0
998000475,0,0,0
998000736,0,18,-18
998000965,0,0,0
998001031,0,10,-10
998001700,0,4,-4
998001899,0,2,-2
998001900,29,0,29
998003073,0,0,0
998101900,0,0,0
998102850,0,0,0
998501927,0,62,-62
998501929,12,0,12
998501930,1,6,-5
998501931,4,0,4
998501932,3,0,3
998501933,1,2,-1
998501937,0,0,0
998501944,0,0,0
998501950,0,0,0
998501970,0,0,0
998501971,0,25,-25
998501973,0,15,-15
998501974,0,37,-37
998501975,0,0,0
998501976,1,1,0
998501977,0,2,-2
998501978,0,0,0
998501979,0,3,-3
998501980,0,0,0
998501981,0,0,0
998501982,0,50,-50
998501983,0,1,-1
998502006,0,0,0
998502032,0,0,0
998502062,3,0,3
998502063,0,0,0
998502173,0,0,0
998502269,0,0,0
998502546,0,3,-3
998502578,0,0,0
998502599,0,3,-3
998502621,0,0,0
998601159,0,14,-14
998601292,0,0,0
999033574,0,75,-75
999800001,0,0,0
999800002,0,2,-2
999800003,0,3,-3
999800004,0,0,0
999800005,0,4,-4
