ID,insum,outsum,diff
100000001,338,115,223
100000002,1065,2133,-1068
100000003,1665,2266,-601
100000004,83,703,-620
100000005,1206,1541,-335
100000006,201,146,55
100000007,534,783,-249
100000008,40,165,-125
100000009,44,455,-411
100000010,15,99,-84
100000011,70,32,38
100000012,43,61,-18
100000013,0,40,-40
100000014,9,126,-117
100000015,397,609,-212
100000016,50,712,-662
100000017,48,773,-725
100000018,304,200,104
100000019,827,926,-99
100000020,363,1663,-1300
100000021,1328,634,694
100000022,187,1056,-869
100000023,1216,402,814
100000025,122,543,-421
100000028,184,610,-426
100000029,2,200,-198
100000030,7,13,-6
100000031,543,2412,-1869
100000032,651,1732,-1081
100000033,389,1346,-957
100000034,11,401,-390
100000035,150,450,-300
100000036,181,566,-385
100000037,349,151,198
100000038,1266,378,888
100000039,80,91,-11
100000040,107,98,9
100000041,510,217,293
100000042,410,151,259
100000043,231,105,126
100000044,12,91,-79
100000045,86,120,-34
100000046,76,133,-57
100000047,34,109,-75
100000048,43,195,-152
100000049,400,279,121
100000051,123,130,-7
100000053,45,0,45
100000054,117,5,112
100000055,222,144,78
100000056,111,269,-158
100000057,771,92,679
100000058,359,303,56
100000059,19,99,-80
100000060,337,134,203
100000061,1110,347,763
100000062,521,498,23
100000063,282,256,26
100000064,517,295,222
100000065,145,224,-79
100000066,101,163,-62
100000067,56,176,-120
100000068,94,449,-355
100000069,151,463,-312
100000072,27,70,-43
100000073,388,290,98
100000075,211,44,167
100000076,413,2038,-1625
100000077,31,203,-172
100000078,0,11,-11
100000079,1,51,-50
100000080,1,67,-66
100000081,3,19,-16
100000102,773,1941,-1168
100000103,552,1185,-633
100000104,1287,834,453
100000105,493,417,76
100000106,169,1184,-1015
100000107,36,363,-327
100000108,68,194,-126
100000109,214,330,-116
100000116,107,191,-84
100000117,4,30,-26
100000118,191,322,-131
100000119,488,427,61
100000121,37,173,-136
100000122,165,798,-633
100000123,410,827,-417
100000124,463,1173,-710
100000125,3016,1884,1132
100000126,192,245,-53
100000127,310,280,30
100000128,112,1370,-1258
100000129,109,388,-279
100000130,403,56,347
100000131,248,450,-202
100000132,211,726,-515
100000133,494,173,321
100000135,246,384,-138
100000139,61,318,-257
100000140,51,40,11
100000142,260,159,101
100000143,189,84,105
100000144,487,179,308
100000147,435,2219,-1784
100000150,41,174,-133
100000151,37,631,-594
100000153,0,190,-190
100000154,0,208,-208
100000155,1,28,-27
100000156,6,90,-84
100000157,70,116,-46
100000158,55,79,-24
100000159,89,718,-629
100000165,347,142,205
100000169,7,650,-643
100000174,113,339,-226
100000179,11,260,-249
100000180,165,413,-248
100000181,65,90,-25
100000188,41,26,15
100000189,259,84,175
100000190,196,411,-215
100000191,237,295,-58
100000192,1,53,-52
100000193,96,75,21
100000330,95,328,-233
100000355,98,227,-129
100000362,829,403,426
100000363,2851,3076,-225
100000364,43,164,-121
100000365,3046,3926,-880
100000366,755,332,423
100000367,2313,2720,-407
100000368,785,364,421
100000369,129,746,-617
100000370,38,379,-341
100000376,11,209,-198
100000379,206,1117,-911
100000380,836,2345,-1509
100000384,1789,2482,-693
100000385,304,1749,-1445
100000386,444,1886,-1442
100000387,745,2108,-1363
100000388,746,1338,-592
100000389,1271,1966,-695
100000390,630,854,-224
100000391,853,2387,-1534
100000392,210,729,-519
100000393,361,1610,-1249
100000394,542,1323,-781
100000395,216,1407,-1191
100000396,353,696,-343
100000397,416,2393,-1977
100000398,2945,1319,1626
100000413,0,2,-2
100000414,20,261,-241
100900002,0,2,-2
100900003,202,233,-31
100900004,2,47,-45
100900005,91,0,91
100900006,25,10,15
100900007,35,0,35
100900008,0,26,-26
100900009,6,5,1
100900010,20,3,17
100900011,149,96,53
100900012,0,5,-5
100900013,519,1,518
100900014,0,0,0
100900015,9,9,0
100900016,1,20,-19
100900017,521,9,512
100900018,0,4,-4
100900019,1,8,-7
100900020,140,0,140
100900021,181,0,181
100900022,2,11,-9
100900023,0,10,-10
100900024,151,1,150
100900025,2,0,2
100900026,58,47,11
100900027,96,1014,-918
100900028,34,85,-51
100900029,27,0,27
100900030,21,21,0
100900031,372,6,366
100900032,131,0,131
100900033,12,120,-108
100900034,813,0,813
100900035,108,0,108
100900036,0,0,0
100900037,88,26,62
100900038,16,14,2
100900039,124,21,103
100900040,421,51,370
100900041,330,51,279
100900042,65,2240,-2175
100900043,0,9,-9
100900044,280,226,54
100900045,0,0,0
100900046,512,4,508
100900047,208,12,196
100900048,61,8,53
100900049,3,18,-15
100900050,0,0,0
100900051,30,71,-41
100900052,36,3,33
100900053,276,1,275
100900054,2,4,-2
100900055,34,450,-416
100900056,22,39,-17
100900057,748,81,667
100900058,147,24,123
100900059,44,0,44
100900060,107,1,106
100900061,11,59,-48
100900062,0,4,-4
100900063,83,335,-252
100900064,201,4,197
100900065,22,74,-52
100900066,91,16,75
100900067,0,0,0
100900068,35,29,6
100900069,61,0,61
100900070,234,3,231
100900071,56,51,5
100900072,3,26,-23
100900073,25,38,-13
100900074,2,2,0
100900075,238,5,233
100900076,0,10,-10
100900077,35,1,34
100900078,15,58,-43
100900079,1,0,1
100900080,41,17,24
100900081,2,87,-85
100900082,110,36,74
100900083,1,1,0
100900085,1,154,-153
100900086,4,141,-137
100900088,100,72,28
100900089,0,14,-14
100900090,7,159,-152
100900091,0,0,0
100900092,39,84,-45
100900093,179,218,-39
100900094,35,21,14
100900095,0,2,-2
100900096,13,44,-31
100900097,1,0,1
100900098,7,2,5
100900099,0,72,-72
100900100,0,28,-28
100900101,55,18,37
100900102,4,28,-24
100900103,2,10,-8
100900104,0,44,-44
100900105,0,41,-41
100900106,5,0,5
100900107,374,167,207
100900108,0,9,-9
100900109,22,4,18
100900110,0,5,-5
100900111,1,23,-22
100900112,0,1,-1
100900113,0,8,-8
100900114,0,16,-16
100900115,2,8,-6
100900116,264,181,83
100900117,69,571,-502
100900118,1,13,-12
100900119,1,0,1
100900120,7,0,7
100900121,141,125,16
100900122,22,15,7
100900123,129,10,119
100900124,1,0,1
100900125,0,5,-5
100900126,189,5,184
100900127,0,0,0
100900128,34,55,-21
100900129,0,159,-159
100900131,1,12,-11
100900133,38,8,30
100900134,2,0,2
100900135,0,138,-138
100900137,42,16,26
100900138,28,56,-28
100900139,4,40,-36
100900140,0,10,-10
100900141,0,105,-105
100900142,0,0,0
100900143,90,74,16
100900144,2,7,-5
100900145,4,38,-34
100900146,0,5,-5
100900147,7,555,-548
100900148,1,50,-49
100900149,5,213,-208
100900150,0,21,-21
100900151,14,98,-84
100900152,21,0,21
100900153,0,179,-179
100900154,20,18,2
100900155,2,8,-6
100900156,2,0,2
100900157,3,91,-88
100900159,0,4,-4
100900160,11,0,11
100900161,0,0,0
100900162,2,38,-36
100900163,1,4,-3
100900164,22,1,21
100900165,19,0,19
100900166,0,0,0
100900167,4,14,-10
100900168,0,18,-18
100900169,7,124,-117
100900170,14,0,14
100900171,2,133,-131
100900172,1,97,-96
100900173,0,46,-46
100900174,2,12,-10
100900176,321,17,304
100900177,52,33,19
100900178,52,106,-54
100900179,49,36,13
100900180,1,0,1
100900181,0,0,0
100900182,1,1,0
100900184,3,41,-38
100900186,109,36,73
100900187,38,43,-5
100900188,28,1,27
100900189,588,121,467
100900191,60,293,-233
100900192,22,38,-16
100900195,33,61,-28
100900197,17,13,4
100900198,22,7,15
100900199,0,3,-3
100900200,203,30,173
100900201,4,218,-214
100900202,13,0,13
100900203,0,21,-21
100900204,7,24,-17
100900205,23,257,-234
100900206,60,94,-34
100900207,89,15,74
100900210,3,13,-10
100900211,174,32,142
100900213,17,13,4
100900214,61,13,48
100900215,2,0,2
100900217,19,12,7
101000001,685,1018,-333
101000002,1889,1919,-30
101000003,39,468,-429
101000004,2024,3560,-1536
101000005,1807,2792,-985
101000006,1625,4528,-2903
101000007,588,1686,-1098
101000009,958,204,754
101000010,347,203,144
101000011,184,168,16
101000012,97,78,19
101000013,147,522,-375
101000014,165,184,-19
101000015,1091,403,688
101000016,56,229,-173
101000017,82,127,-45
101000018,508,1081,-573
101000020,578,229,349
101000021,121,186,-65
101000023,231,317,-86
101000025,111,242,-131
101000026,210,18,192
101000027,481,1230,-749
101000028,260,148,112
101000029,1,331,-330
101000030,279,91,188
101000031,19,408,-389
101000032,803,1652,-849
101000033,339,1286,-947
101000034,203,817,-614
101000035,66,57,9
101000036,105,730,-625
101000037,270,1356,-1086
101000039,535,632,-97
101000040,922,1596,-674
101000041,979,3079,-2100
101000042,10,298,-288
101000043,908,1878,-970
101000045,106,489,-383
101000046,260,769,-509
101000047,452,1698,-1246
101000048,94,178,-84
101000049,136,369,-233
101000050,104,595,-491
101000051,142,693,-551
101000052,608,775,-167
101000053,62,412,-350
101000054,254,146,108
101000055,401,607,-206
101000056,5,92,-87
101000057,234,779,-545
101000058,177,626,-449
101000059,536,1355,-819
101000060,531,279,252
101000061,45,981,-936
101000062,55,322,-267
101000063,37,566,-529
101000064,87,452,-365
101000065,50,414,-364
101000066,84,770,-686
101000067,110,215,-105
101000068,34,170,-136
101000069,78,75,3
101000070,122,219,-97
101000071,1177,491,686
101000072,145,504,-359
101000073,129,853,-724
101000074,732,1282,-550
101000075,657,620,37
101000077,715,644,71
101000078,348,323,25
101000079,532,695,-163
101000080,441,223,218
101000081,626,559,67
101000082,706,527,179
101000083,1442,760,682
101000084,263,138,125
101000085,724,452,272
101000086,296,263,33
101000087,261,314,-53
101000088,730,458,272
101000089,342,541,-199
101000090,447,190,257
101000091,205,124,81
101000092,898,332,566
101000093,566,154,412
101000094,201,136,65
101000095,188,272,-84
101000096,249,132,117
101000097,103,113,-10
101000098,144,192,-48
101000099,95,455,-360
101000100,396,719,-323
101000101,25,215,-190
101000102,125,370,-245
101000103,153,313,-160
101000104,96,371,-275
101000105,197,281,-84
101000106,119,1307,-1188
101000107,160,113,47
101000108,116,33,83
101000109,171,41,130
101000110,2,64,-62
101000111,53,33,20
101000113,21,335,-314
101000114,542,1712,-1170
101000115,0,1,-1
101000116,3,0,3
101000117,137,12,125
101000119,0,52,-52
101000120,4,40,-36
101000121,3,19,-16
101000122,25,46,-21
101000123,12,18,-6
101000124,578,338,240
101000125,63,78,-15
101000128,52,266,-214
101000130,104,47,57
101000131,599,156,443
101000132,325,97,228
101000135,0,32,-32
101000136,29,41,-12
101000137,3,154,-151
101000141,164,1860,-1696
101000147,511,72,439
101000148,325,0,325
101000149,16,38,-22
101000150,70,69,1
101000151,170,8,162
101000152,78,74,4
101000153,95,56,39
101000154,314,154,160
101000155,403,48,355
101000156,15,128,-113
101000157,4,12,-8
101000160,2,0,2
101000163,14,386,-372
101000164,170,85,85
101000165,46,201,-155
101000166,77,96,-19
101000168,489,196,293
101000252,725,226,499
101000254,8,9,-1
101000258,52,3,49
101000261,90,40,50
101000262,382,2302,-1920
101000263,94,553,-459
101000265,7,262,-255
101000266,95,131,-36
101000269,0,3,-3
101000290,60,944,-884
101000293,0,0,0
101000294,79,106,-27
101000295,92,115,-23
101000301,103,432,-329
101000304,546,1168,-622
101000305,1065,451,614
101000328,36,787,-751
101900001,10,17,-7
101900002,0,0,0
101900003,10,23,-13
101900004,0,28,-28
101900005,332,1489,-1157
101900006,419,91,328
101900007,70,41,29
101900008,10,37,-27
101900009,1,205,-204
101900010,98,276,-178
101900011,27,338,-311
101900012,151,19,132
101900013,55,21,34
101900017,0,37,-37
101900018,161,72,89
101900019,2,13,-11
101900020,31,0,31
101900021,0,17,-17
101900022,22,104,-82
101900023,42,7,35
101900026,41,5,36
101900027,4,54,-50
102000001,1041,2849,-1808
102000002,847,481,366
102000003,516,1987,-1471
102000004,826,955,-129
102000005,313,1445,-1132
102000006,192,412,-220
102000007,306,2033,-1727
102000008,1505,539,966
102000009,2611,2969,-358
102000010,1210,832,378
102000011,1619,1650,-31
102000012,1701,1033,668
102000018,841,1334,-493
102000019,676,566,110
102000026,166,181,-15
102000029,108,68,40
102000030,87,126,-39
102000031,14,64,-50
102000032,217,136,81
102000033,223,147,76
102000034,129,97,32
102000035,279,133,146
102000036,1,89,-88
102000037,30,6,24
102000038,33,45,-12
102000039,63,23,40
102000040,59,109,-50
102000041,24,212,-188
102000042,31,152,-121
102000043,9,163,-154
102000044,127,403,-276
102000045,256,392,-136
102000046,539,212,327
102000047,204,180,24
102000048,154,188,-34
102000049,340,222,118
102000050,228,436,-208
102000051,62,104,-42
102000052,377,261,116
102000053,327,187,140
102000054,282,199,83
102000055,307,140,167
102000056,522,119,403
102000057,590,179,411
102000058,292,168,124
102000059,229,243,-14
102000060,392,618,-226
102000061,524,411,113
102000062,1133,430,703
102000063,388,546,-158
102000064,333,387,-54
102000065,30,117,-87
102000066,404,145,259
102000067,1072,1614,-542
102000068,2086,1051,1035
102000069,15,685,-670
102000070,874,11,863
102000071,2606,4739,-2133
102000072,746,1126,-380
102000073,111,134,-23
102000074,208,138,70
102000075,74,51,23
102000076,126,71,55
102000077,329,110,219
102000078,528,84,444
102000079,56,12,44
102000080,163,50,113
102000081,61,272,-211
102000082,162,291,-129
102000083,270,50,220
102000084,580,43,537
102000085,781,145,636
102000086,681,182,499
102000087,119,248,-129
102000088,190,76,114
102000089,658,144,514
102000090,152,473,-321
102000091,501,312,189
102000092,70,211,-141
102000093,248,321,-73
102000094,105,77,28
102000095,127,321,-194
102000096,72,75,-3
102000097,100,132,-32
102000098,28,119,-91
102000099,237,282,-45
102000100,38,353,-315
102000101,60,202,-142
102000102,55,318,-263
102000103,856,168,688
102000104,188,113,75
102000105,105,118,-13
102000106,264,90,174
102000107,895,75,820
102000108,198,68,130
102000109,122,144,-22
102000110,425,154,271
102000111,1,114,-113
102000112,25,68,-43
102000113,0,10,-10
102000114,256,225,31
102000115,75,116,-41
102000116,166,317,-151
102000117,14,175,-161
102000118,386,898,-512
102000119,233,701,-468
102000120,24,254,-230
102000121,322,77,245
102000122,164,345,-181
102000123,299,133,166
102000124,249,384,-135
102000125,154,143,11
102000126,170,317,-147
102000127,365,111,254
102000128,158,246,-88
102000129,345,196,149
102000130,242,230,12
102000131,290,152,138
102000132,158,245,-87
102000133,1625,302,1323
102000134,546,231,315
102000135,141,312,-171
102000136,366,151,215
102000137,124,92,32
102000138,61,31,30
102000139,67,194,-127
102000140,12,76,-64
102000141,10,515,-505
102000142,115,370,-255
102000143,89,62,27
102000144,120,45,75
102000145,106,69,37
102000146,107,126,-19
102000147,137,156,-19
102000148,43,84,-41
102000149,139,46,93
102000150,261,7,254
102000151,34,13,21
102000152,155,42,113
102000153,276,170,106
102000154,106,75,31
102000155,12,131,-119
102000156,93,51,42
102000157,29,111,-82
102000158,69,267,-198
102000159,277,483,-206
102000161,680,772,-92
102000162,70,71,-1
102000163,82,219,-137
102000164,157,296,-139
102000165,98,62,36
102000166,8,68,-60
102000167,43,57,-14
102000168,34,26,8
102000169,32,322,-290
102000170,173,13,160
102000171,16,32,-16
102000172,1,143,-142
102000173,171,177,-6
102000174,66,28,38
102000175,60,6,54
102000176,9,16,-7
102000178,74,201,-127
102000179,181,108,73
102000180,451,123,328
102000181,510,95,415
102000182,263,114,149
102000183,810,292,518
102000184,685,209,476
102000185,1280,161,1119
102000186,597,358,239
102000187,293,127,166
102000188,622,425,197
102000189,692,83,609
102000190,104,870,-766
102000191,224,140,84
102000192,362,570,-208
102000193,17,32,-15
102000194,13,47,-34
102000195,171,84,87
102000196,75,90,-15
102000197,602,73,529
102000198,104,121,-17
102000199,612,65,547
102000200,66,127,-61
102000201,800,137,663
102000202,0,28,-28
102000203,120,40,80
102000204,317,79,238
102000205,616,123,493
102000206,121,98,23
102000207,178,121,57
102000208,156,190,-34
102000209,10,19,-9
102000210,321,15,306
102000211,232,8,224
102000212,230,3,227
102000213,5,81,-76
102000214,334,1,333
102000215,1,65,-64
102000216,115,61,54
102000217,3,22,-19
102000218,123,100,23
102000219,14,17,-3
102000225,65,292,-227
102000226,88,123,-35
102000227,59,0,59
102000228,0,7,-7
102000229,22,35,-13
102000230,86,156,-70
102000231,120,196,-76
102000232,27,117,-90
102000233,250,60,190
102000234,8,420,-412
102000236,70,10,60
102000237,239,88,151
102000238,46,94,-48
102000240,42,176,-134
102000241,92,9,83
102000243,1,49,-48
102000245,2,16,-14
102000246,21,29,-8
102000247,96,227,-131
102000248,149,407,-258
102000249,78,30,48
102000250,10,36,-26
102000254,215,27,188
102000266,0,64,-64
102000271,17,0,17
102000286,99,187,-88
102000297,487,158,329
102000301,0,0,0
102000307,0,5,-5
102000316,58,37,21
102900001,547,107,440
102900002,113,4,109
102900003,41,28,13
102900005,188,113,75
102900006,103,3,100
102900007,331,2,329
102900008,105,12,93
102900009,72,82,-10
102900010,92,264,-172
102900011,274,63,211
102900012,217,44,173
102900013,7,1,6
102900015,290,191,99
102900016,27,5,22
102900017,53,12,41
102900018,19,18,1
102900019,102,113,-11
102900020,59,2,57
102900021,24,1,23
102900022,12,23,-11
102900023,1,4,-3
102900024,13,31,-18
102900025,29,3,26
102900026,120,853,-733
102900027,45,23,22
102900028,22,461,-439
102900029,11,63,-52
102900030,102,152,-50
102900031,92,29,63
102900032,51,14,37
102900033,16,48,-32
102900034,345,7,338
102900035,54,34,20
102900036,96,78,18
102900037,82,42,40
102900038,69,24,45
102900039,12,141,-129
102900040,27,55,-28
102900041,32,6,26
102900042,54,44,10
102900043,47,15,32
102900044,88,340,-252
102900045,48,129,-81
102900046,135,24,111
102900047,18,82,-64
102900048,162,41,121
102900049,25,247,-222
102900050,24,61,-37
102900051,52,39,13
102900053,70,54,16
102900054,40,255,-215
102900055,7,43,-36
102900056,11,48,-37
102900057,8,11,-3
102900058,268,45,223
102900059,4,1,3
102900060,7,27,-20
102900061,20,21,-1
102900062,71,191,-120
102900063,806,20,786
102900064,27,180,-153
102900065,325,41,284
102900066,59,0,59
102900068,0,50,-50
102900070,57,85,-28
102900072,1,8,-7
102900073,0,0,0
102900075,0,2,-2
102900076,0,5,-5
102900077,4,0,4
102900078,2,1,1
102900079,79,0,79
102900080,187,8,179
102900081,4,82,-78
102900082,0,11,-11
102900083,9,1,8
102900084,0,6,-6
102900085,15,7,8
102900086,0,6,-6
102900087,126,24,102
102900088,17,12,5
102900089,90,8,82
102900090,0,7,-7
102900091,135,1,134
102900092,137,39,98
102900094,0,5,-5
102900095,35,0,35
102900096,28,7,21
102900097,0,16,-16
103000001,1013,972,41
103000002,1511,1436,75
103000003,1338,979,359
103000004,289,191,98
103000005,521,1255,-734
103000006,436,517,-81
103000007,154,111,43
103000008,377,333,44
103000009,768,467,301
103000010,82,18,64
103000011,534,205,329
103000012,412,582,-170
103000013,864,571,293
103000014,424,975,-551
103000015,580,232,348
103000016,250,544,-294
103000017,106,407,-301
103000018,161,88,73
103000019,171,237,-66
103000020,643,602,41
103000021,1163,2162,-999
103000022,282,534,-252
103000023,451,1005,-554
103000024,34,55,-21
103000025,34,643,-609
103000026,99,64,35
103000027,10,355,-345
103000028,104,115,-11
103000029,35,108,-73
103000030,521,611,-90
103000031,378,1117,-739
103000032,678,419,259
103000033,1912,1595,317
103000034,397,264,133
103000035,26,438,-412
103000036,60,119,-59
103000037,179,133,46
103000038,95,351,-256
103000039,152,107,45
103000040,497,266,231
103000041,784,596,188
103000042,572,42,530
103000043,392,142,250
103000044,86,35,51
103000046,44,139,-95
103000047,234,92,142
103000048,131,36,95
103000049,27,17,10
103000050,326,42,284
103000051,326,131,195
103000052,217,51,166
103000053,110,73,37
103000054,565,102,463
103000055,679,301,378
103000056,261,349,-88
103000057,758,93,665
103000058,439,148,291
103000059,364,195,169
103000060,362,68,294
103000061,277,251,26
103000062,235,33,202
103000063,425,270,155
103000064,39,28,11
103000065,3,79,-76
103000066,119,1,118
103000069,79,52,27
103000070,294,74,220
103000071,494,220,274
103000072,115,117,-2
103000073,409,10,399
103000074,466,42,424
103000075,19,131,-112
103000076,128,410,-282
103000077,1,102,-101
103000078,232,381,-149
103000079,120,290,-170
103000080,175,126,49
103000081,132,434,-302
103000082,277,71,206
103000083,30,66,-36
103000084,51,3,48
103000085,0,34,-34
103000086,247,242,5
103000087,19,266,-247
103000088,72,170,-98
103000089,94,342,-248
103000090,2172,890,1282
103000091,673,419,254
103000092,127,76,51
103000093,70,161,-91
103000094,196,57,139
103000095,19,98,-79
103000096,275,1,274
103000097,13,279,-266
103000098,187,15,172
103000099,29,116,-87
103000100,113,125,-12
103000101,668,12,656
103000102,39,60,-21
103000103,319,34,285
103000104,106,12,94
103000105,160,32,128
103000106,3,65,-62
103000107,113,23,90
103000108,738,729,9
103000109,247,420,-173
103000110,230,496,-266
103000111,166,184,-18
103000112,87,166,-79
103000113,111,360,-249
103000114,569,275,294
103000115,435,437,-2
103000116,645,198,447
103000117,389,406,-17
103000118,135,155,-20
103000119,333,141,192
103000120,19,99,-80
103000121,7,108,-101
103000122,221,543,-322
103000125,2,12,-10
103000126,297,1,296
103000127,1,43,-42
103000128,62,0,62
103000129,1,45,-44
103000130,25,6,19
103000131,30,50,-20
103000132,29,28,1
103000133,19,125,-106
103000134,52,391,-339
103000135,148,101,47
103000136,128,130,-2
103000137,97,278,-181
103000138,107,325,-218
103000139,3,24,-21
103000140,29,2,27
103000141,7,15,-8
103000142,10,5,5
103000143,22,33,-11
103000144,84,11,73
103000145,1,69,-68
103000150,46,9,37
103000152,27,114,-87
103000153,75,202,-127
103000156,1,25,-24
103000157,145,1,144
103000159,79,26,53
103000162,23,2,21
103000163,1,14,-13
103000164,11,0,11
103000165,51,62,-11
103000166,93,245,-152
103000167,72,75,-3
103000168,99,14,85
103000169,173,378,-205
103000170,932,119,813
103000171,3,17,-14
103000172,386,17,369
103000173,380,63,317
103000174,238,146,92
103000175,150,69,81
103000176,317,395,-78
103000177,87,180,-93
103000178,36,107,-71
103000179,29,1,28
103000183,316,46,270
103000185,155,26,129
103000186,115,55,60
103000187,512,70,442
103000188,5,44,-39
103000189,308,333,-25
103000191,82,113,-31
103000292,347,616,-269
103000293,146,1168,-1022
103000295,67,29,38
103000296,20,0,20
103000297,0,1,-1
103000504,18,4,14
103000505,4,2,2
103000506,0,47,-47
103000507,82,0,82
103000508,28,34,-6
103000509,138,183,-45
103000514,11,0,11
103900001,6,0,6
103900002,72,13,59
103900003,156,6,150
103900004,22,0,22
103900005,1,82,-81
103900006,0,0,0
103900007,76,7,69
103900008,4,0,4
103900009,110,25,85
103900010,189,14,175
103900011,146,6,140
103900012,3,87,-84
103900013,3,4,-1
103900014,17,3,14
103900015,43,8,35
103900016,30,10,20
103900017,28,26,2
103900018,62,8,54
103900019,49,155,-106
103900020,89,164,-75
103900021,36,4,32
103900022,196,52,144
103900023,115,0,115
103900024,5,46,-41
103900025,0,2,-2
103900026,0,0,0
103900027,112,15,97
103900028,21,134,-113
103900029,586,45,541
103900030,73,25,48
103900031,12,0,12
103900032,59,118,-59
103900033,0,0,0
103900034,9,9,0
103900035,27,3,24
103900036,21,41,-20
103900037,27,8,19
103900038,24,125,-101
103900039,72,55,17
103900040,7,39,-32
103900041,56,4,52
103900042,116,50,66
103900043,199,4,195
103900044,16,175,-159
103900045,127,59,68
103900047,65,0,65
103900048,0,13,-13
103900049,15,300,-285
103900050,8,140,-132
103900051,0,63,-63
103900052,101,67,34
103900053,164,52,112
103900054,41,17,24
103900055,208,108,100
103900056,5,2,3
103900057,66,6,60
103900058,225,17,208
103900059,0,13,-13
103900060,44,11,33
103900061,175,3,172
103900062,215,47,168
103900063,0,0,0
103900064,139,0,139
103900065,52,108,-56
103900066,128,23,105
103900067,152,8,144
103900068,0,0,0
103900069,32,8,24
103900070,13,33,-20
103900071,2,25,-23
103900072,6,49,-43
103900073,18,3,15
103900074,36,1,35
103900075,98,21,77
103900076,433,118,315
103900077,4,67,-63
103900078,87,13,74
103900079,12,11,1
103900080,0,1,-1
103900081,4,7,-3
103900082,8,28,-20
103900083,340,705,-365
103900084,7,28,-21
103900085,18,24,-6
103900086,513,89,424
103900088,45,104,-59
103900089,7,54,-47
103900090,2,13,-11
103900091,141,24,117
103900092,335,134,201
103900093,5,83,-78
103900094,2,7,-5
103900095,66,134,-68
103900096,19,5,14
103900097,2,15,-13
103900098,108,25,83
103900099,98,4,94
103900100,137,8,129
103900101,52,122,-70
103900102,1,4,-3
103900104,2,1,1
103900105,1,8,-7
103900106,0,23,-23
103900107,167,12,155
103900108,12,39,-27
103900109,57,18,39
103900110,60,4,56
103900111,163,53,110
103900112,3,25,-22
103900113,8,22,-14
103900114,97,65,32
103900115,21,77,-56
103900116,243,584,-341
103900117,68,10,58
103900119,11,146,-135
103900120,30,25,5
103900122,169,20,149
103900123,97,242,-145
103900124,10,49,-39
103900125,96,46,50
103900126,265,2,263
103900127,24,25,-1
103900128,43,8,35
103900131,6,8,-2
103900133,429,14,415
103900134,0,2,-2
103900135,0,0,0
103900137,0,0,0
103900138,84,27,57
103900139,91,1394,-1303
103900140,1,132,-131
103900141,75,21,54
103900142,292,7,285
103900143,99,0,99
103900144,1,6,-5
103900145,58,74,-16
103900146,94,24,70
103900147,161,11,150
103900148,202,23,179
103900149,147,46,101
103900150,875,1932,-1057
103900151,2,3,-1
103900152,432,13,419
103900153,2,5,-3
103900154,132,794,-662
103900155,18,16,2
103900156,15,14,1
103900157,24,4,20
103900158,124,1,123
103900159,111,0,111
103900160,5,4,1
103900161,4,35,-31
103900162,19,16,3
103900163,1,56,-55
103900167,0,13,-13
103900168,31,6,25
103900169,3,14,-11
103900170,0,15,-15
103900171,0,2,-2
103900172,0,2,-2
103900173,3,4,-1
103900174,80,1,79
103900175,17,61,-44
103900176,2,16,-14
103900177,0,0,0
103900178,20,0,20
103900179,40,2,38
103900180,1,2,-1
103900181,11,14,-3
103900182,0,11,-11
103900184,34,8,26
103900185,1,239,-238
103900187,32,18,14
103900188,8,29,-21
103900189,50,0,50
103900190,32,13,19
103900191,8,9,-1
103900192,10,4,6
103900193,7,4,3
103900194,10,6,4
103900195,0,39,-39
103900196,28,18,10
103900197,3,1,2
103900198,7,12,-5
103900199,88,7,81
103900200,110,5,105
103900201,41,0,41
103900202,3,8,-5
103900203,59,20,39
103900204,0,14,-14
103900207,0,24,-24
103900208,44,0,44
103900209,1,1,0
103900210,16,7,9
103900211,340,37,303
103900212,21,20,1
103900213,4,24,-20
103900214,55,173,-118
103900215,16,95,-79
103900216,3,31,-28
103900217,220,20,200
103900218,7,66,-59
103900219,125,31,94
103900233,27,7,20
103900235,18,38,-20
103900236,2,16,-14
103900242,0,0,0
103900243,0,2,-2
103900244,31,9,22
103900245,27,5,22
103900246,5,2,3
103900247,0,13,-13
103900248,1,32,-31
103900249,0,45,-45
103900250,5,5,0
103900251,0,41,-41
103900253,0,4,-4
103900254,0,7,-7
103900255,22,6,16
103900256,7,13,-6
103900257,76,46,30
103900258,1,1,0
103900259,3,4,-1
103900261,3,0,3
103900262,6,0,6
103900263,1,8,-7
103900264,4,0,4
103900265,0,0,0
103900266,0,37,-37
103900267,10,8,2
103900268,1,3,-2
103900269,81,1,80
103900270,5,2,3
103900271,9,6,3
103900272,15,4,11
103900273,7,1,6
103900274,42,0,42
103900275,57,0,57
103900276,0,0,0
103900277,0,0,0
103900278,0,2,-2
103900279,1,17,-16
103900280,1,0,1
103900281,344,57,287
103900282,4,9,-5
103900283,61,18,43
103900284,2,10,-8
103900285,3,44,-41
103900286,19,437,-418
103900287,0,30,-30
103900288,8,39,-31
103900289,0,0,0
103900290,6,24,-18
103900291,0,1,-1
103900292,0,0,0
103900293,0,1,-1
103900294,0,0,0
104000001,1189,636,553
104000002,960,946,14
104000003,835,615,220
104000004,1276,802,474
104000005,778,717,61
104000006,1213,917,296
104000007,2176,931,1245
104000008,161,120,41
104000009,279,112,167
104000010,117,196,-79
104000011,89,75,14
104000012,69,78,-9
104000013,111,220,-109
104000014,67,92,-25
104000015,219,53,166
104000016,55,119,-64
104000018,426,80,346
104000019,305,141,164
104000020,33,91,-58
104000021,165,43,122
104000022,127,198,-71
104000023,833,131,702
104000024,142,47,95
104000026,9,37,-28
104000027,175,90,85
104000028,340,121,219
104000029,131,93,38
104000030,283,162,121
104000031,565,75,490
104000032,69,94,-25
104000033,533,77,456
104000034,112,52,60
104000035,650,146,504
104000036,570,199,371
104000037,59,41,18
104000038,108,77,31
104000039,175,40,135
104000040,19,174,-155
104000041,541,131,410
104000042,31,24,7
104000043,78,77,1
104000044,129,100,29
104000045,278,170,108
104000046,188,244,-56
104000047,225,215,10
104000048,326,246,80
104000049,247,150,97
104000050,42,258,-216
104000051,91,212,-121
104000052,1249,712,537
104000053,422,200,222
104000054,166,23,143
104000055,889,559,330
104000056,276,103,173
104000057,261,124,137
104000058,810,881,-71
104000059,176,360,-184
104000060,837,660,177
104000061,611,468,143
104000062,264,77,187
104000064,265,120,145
104000065,15,177,-162
104000069,174,532,-358
104000070,19,250,-231
104000071,117,68,49
104000072,369,102,267
104000075,0,17,-17
104000076,262,26,236
104000082,992,1235,-243
104000083,235,71,164
104000084,86,132,-46
104000085,217,103,114
104000086,152,117,35
104000087,119,338,-219
104000090,365,187,178
104000092,590,323,267
104000094,212,250,-38
104000095,1205,691,514
104000096,990,4,986
104000097,1090,83,1007
104000098,1766,107,1659
104000100,1432,164,1268
104000101,533,475,58
104000106,81,318,-237
104000107,240,115,125
104000108,52,69,-17
104000109,66,29,37
104000110,246,510,-264
104000111,562,1198,-636
104000112,199,181,18
104000116,0,189,-189
104000117,161,84,77
104000118,593,67,526
104000119,343,77,266
104000120,182,88,94
104000121,86,144,-58
104000122,366,279,87
104000123,350,251,99
104000124,87,387,-300
104000125,529,1462,-933
104000126,219,250,-31
104000127,767,686,81
104000128,234,61,173
104000129,107,7,100
104000130,5,218,-213
104000131,121,211,-90
104000132,268,273,-5
104000133,649,459,190
104000134,474,829,-355
104000135,191,515,-324
104000136,324,1004,-680
104000137,711,177,534
104000138,518,260,258
104000139,643,766,-123
104000141,185,278,-93
104000142,388,183,205
104000143,412,125,287
104000144,38,84,-46
104000145,180,53,127
104000146,49,168,-119
104000147,45,173,-128
104000148,227,79,148
104000149,45,46,-1
104000150,492,224,268
104000151,159,122,37
104000152,208,99,109
104000153,590,305,285
104000154,190,128,62
104000155,242,557,-315
104000157,553,496,57
104000158,69,155,-86
104000159,336,109,227
104000160,1095,1243,-148
104000161,44,48,-4
104000162,63,35,28
104000165,361,399,-38
104000167,938,877,61
104000168,507,0,507
104000169,154,18,136
104000170,52,94,-42
104000248,170,205,-35
104000251,3,44,-41
104000272,0,0,0
104000273,0,0,0
104000274,0,0,0
104000275,0,0,0
104000279,583,847,-264
104000290,12,364,-352
104000291,706,598,108
104000293,455,518,-63
104000294,52,0,52
104000295,584,606,-22
104000296,202,202,0
104000297,657,1180,-523
104000298,822,397,425
104000299,374,308,66
104000302,36,54,-18
104000303,112,82,30
104900001,18,20,-2
104900002,10,118,-108
104900003,25,42,-17
104900004,2,27,-25
104900005,224,48,176
104900006,228,12,216
104900007,192,38,154
104900009,11,22,-11
104900010,35,1,34
104900011,0,0,0
104900012,35,8,27
104900013,38,2,36
104900014,513,58,455
104900015,22,0,22
104900016,58,16,42
104900017,29,46,-17
104900018,0,16,-16
104900019,28,1815,-1787
104900020,54,26,28
104900021,1,7,-6
104900022,2,54,-52
104900023,0,14,-14
104900024,1,100,-99
104900025,21,17,4
104900026,0,18,-18
104900027,351,140,211
104900028,1,27,-26
104900029,0,35,-35
104900030,114,86,28
104900031,3,66,-63
104900032,7,4,3
104900033,52,35,17
104900034,100,62,38
104900035,188,77,111
104900036,320,24,296
104900037,76,23,53
104900038,22,582,-560
104900039,184,575,-391
104900040,403,5,398
104900041,110,41,69
104900042,118,84,34
104900043,27,235,-208
104900044,506,9,497
104900045,97,64,33
104900046,265,11,254
104900047,212,23,189
104900048,305,23,282
104900049,105,30,75
104900050,359,2,357
104900051,149,31,118
104900052,148,0,148
104900053,199,9,190
104900054,153,7,146
104900055,145,0,145
104900056,143,1,142
104900057,36,2,34
104900058,144,4,140
104900059,71,8,63
104900061,14,31,-17
104900063,6,10,-4
104900064,0,38,-38
104900065,4,55,-51
104900066,0,11,-11
104900067,0,33,-33
104900068,1,25,-24
104900070,12,13,-1
104900071,0,27,-27
104900072,4,22,-18
104900073,24,27,-3
104900074,6,4,2
104900075,4,2,2
104900076,28,7,21
104900077,44,29,15
104900078,48,14,34
104900079,9,357,-348
104900080,28,41,-13
104900082,0,26,-26
104900085,1,66,-65
104900089,404,1,403
104900091,106,84,22
104900093,21,61,-40
104900097,359,915,-556
104900098,31,1,30
104900099,2,142,-140
104900100,34,49,-15
104900102,27,22,5
104900103,38,11,27
104900106,40,14,26
104900107,9,51,-42
104900108,2,16,-14
104900109,40,67,-27
104900110,0,31,-31
104900111,59,4,55
104900112,144,30,114
104900113,264,31,233
104900114,218,63,155
104900115,306,21,285
104900116,111,14,97
104900118,0,1,-1
104900119,0,9,-9
104900120,28,296,-268
104900121,0,16,-16
104900122,0,34,-34
104900123,178,16,162
104900124,51,0,51
104900125,142,15,127
104900126,4,4,0
104900127,0,4,-4
104900128,30,4,26
104900129,198,1142,-944
105000001,1057,456,601
105000002,900,590,310
105000003,815,1249,-434
105000004,453,264,189
105000005,667,445,222
105000006,413,804,-391
105000007,601,753,-152
105000008,251,1044,-793
105000009,1669,1502,167
105000010,881,461,420
105000011,1425,1233,192
105000012,761,649,112
105000013,520,393,127
105000014,1656,1205,451
105000015,2910,6074,-3164
105000016,554,449,105
105000017,793,468,325
105000018,237,391,-154
105000019,344,426,-82
105000020,31,301,-270
105000021,152,93,59
105000022,43,25,18
105000023,431,77,354
105000028,5,43,-38
105000029,260,484,-224
105000030,1155,809,346
105000031,0,5,-5
105000033,474,458,16
105000034,30,484,-454
105000037,264,44,220
105000038,320,548,-228
105000039,243,193,50
105000040,343,375,-32
105000041,91,168,-77
105000042,659,400,259
105000043,229,272,-43
105000044,260,76,184
105000045,122,83,39
105000046,498,41,457
105000047,167,138,29
105000048,570,132,438
105000049,98,139,-41
105000050,480,260,220
105000051,69,144,-75
105000052,260,303,-43
105000053,36,43,-7
105000054,261,225,36
105000055,269,87,182
105000056,1048,576,472
105000057,630,135,495
105000058,519,331,188
105000059,584,264,320
105000060,199,159,40
105000061,826,262,564
105000062,237,211,26
105000063,82,126,-44
105000064,1652,234,1418
105000065,209,98,111
105000066,374,260,114
105000067,896,369,527
105000068,100,309,-209
105000069,566,1486,-920
105000070,153,596,-443
105000071,112,975,-863
105000072,627,2503,-1876
105000073,463,272,191
105000074,112,168,-56
105000075,180,233,-53
105000076,570,269,301
105000077,686,176,510
105000078,187,345,-158
105000079,297,812,-515
105000080,814,924,-110
105000081,411,466,-55
105000082,392,685,-293
105000083,789,1102,-313
105000084,191,382,-191
105000085,1370,1085,285
105000086,236,229,7
105000087,459,462,-3
105000088,821,1139,-318
105000089,497,353,144
105000090,123,93,30
105000091,156,102,54
105000092,171,128,43
105000093,105,258,-153
105000094,76,112,-36
105000095,80,355,-275
105000096,486,871,-385
105000097,175,220,-45
105000098,581,729,-148
105000099,292,317,-25
105000100,932,312,620
105000101,973,358,615
105000102,725,474,251
105000103,613,389,224
105000104,1009,243,766
105000105,532,294,238
105000106,782,238,544
105000107,774,122,652
105000108,876,237,639
105000109,1315,248,1067
105000110,446,124,322
105000111,663,153,510
105000112,316,160,156
105000113,335,382,-47
105000114,358,475,-117
105000115,113,998,-885
105000116,682,202,480
105000117,371,211,160
105000118,394,156,238
105000119,138,139,-1
105000120,840,157,683
105000121,459,205,254
105000122,266,123,143
105000123,221,168,53
105000124,1029,231,798
105000125,458,359,99
105000126,816,439,377
105000127,1328,501,827
105000128,373,484,-111
105000129,629,92,537
105000130,72,2151,-2079
105000131,121,69,52
105000132,645,589,56
105000133,58,122,-64
105000134,876,159,717
105000135,115,47,68
105000136,14,20,-6
105000137,318,28,290
105000138,92,21,71
105000139,292,78,214
105000140,433,101,332
105000141,161,34,127
105000142,220,122,98
105000143,62,146,-84
105000144,120,137,-17
105000145,446,101,345
105000146,90,135,-45
105000147,402,92,310
105000148,471,281,190
105000149,1568,743,825
105000150,438,171,267
105000151,497,242,255
105000152,85,143,-58
105000153,600,188,412
105000154,252,187,65
105000155,405,147,258
105000156,53,201,-148
105000157,274,311,-37
105000158,1092,215,877
105000159,147,268,-121
105000160,2153,309,1844
105000161,256,205,51
105000162,379,1689,-1310
105000163,364,255,109
105000164,20,93,-73
105000165,250,4598,-4348
105000166,1143,936,207
105000167,332,1227,-895
105000168,88,109,-21
105000169,484,47,437
105000170,220,382,-162
105000171,555,76,479
105000172,297,2,295
105000173,474,5,469
105000174,67,6,61
105000175,57,60,-3
105000176,362,14,348
105000177,203,131,72
105000178,109,55,54
105000179,847,8,839
105000180,178,17,161
105000181,150,76,74
105000182,16,19,-3
105000183,666,1124,-458
105000184,47,125,-78
105000185,83,514,-431
105000186,153,275,-122
105000187,252,145,107
105000188,75,102,-27
105000189,47,243,-196
105000190,168,97,71
105000191,87,160,-73
105000192,128,48,80
105000193,54,35,19
105000194,454,19,435
105000195,94,132,-38
105000196,30,170,-140
105000197,62,127,-65
105000198,65,44,21
105000199,27,412,-385
105000200,25,231,-206
105000201,59,12,47
105000203,0,44,-44
105000204,27,26,1
105000205,15,43,-28
105000207,60,22,38
105000208,50,129,-79
105000209,15,15,0
105000211,285,5,280
105000212,549,216,333
105000213,10,57,-47
105000214,68,21,47
105000215,100,50,50
105000216,38,15,23
105000217,67,10,57
105000218,1394,257,1137
105000221,50,36,14
105000222,149,20,129
105000223,211,38,173
105000226,30,17,13
105000227,69,34,35
105000228,17,645,-628
105000229,46,295,-249
105000231,140,56,84
105000233,400,301,99
105000234,171,316,-145
105000235,276,242,34
105000237,813,56,757
105000243,24,28,-4
105000248,18,17,1
105000262,117,51,66
105000269,55,36,19
105000270,427,8,419
105000271,0,57,-57
105000282,16,5,11
105000287,77,45,32
105000288,416,194,222
105000289,328,816,-488
105000290,26,1,25
105000402,471,1337,-866
105000426,118,117,1
105000438,373,423,-50
105000440,9,2,7
105000446,1730,1638,92
105000447,766,565,201
105000454,384,40,344
105000455,90,18,72
105000474,28,0,28
105000477,493,191,302
105000478,1116,2704,-1588
105000479,40,20,20
105000480,2226,2831,-605
105000481,1826,1424,402
105000482,813,1206,-393
105000483,545,762,-217
105000484,452,545,-93
105000485,425,1189,-764
105000486,736,474,262
105000488,684,1040,-356
105000489,791,280,511
105000549,72,41,31
105000550,54,318,-264
105000551,6,22,-16
105000552,440,329,111
105000555,402,637,-235
105000556,43,10,33
105000557,39,37,2
105900001,15,795,-780
105900002,180,589,-409
105900003,0,37,-37
105900004,17,6,11
105900005,1,65,-64
105900006,15,7,8
105900007,20,10,10
105900008,23,48,-25
105900009,54,15,39
105900011,11,12,-1
105900012,126,34,92
105900013,0,4,-4
105900014,2,6,-4
105900015,21,72,-51
105900016,153,88,65
105900017,1053,5,1048
105900018,39,91,-52
105900019,8,27,-19
105900020,24,114,-90
105900021,4,58,-54
105900022,80,62,18
105900023,0,60,-60
105900024,0,30,-30
105900025,166,2,164
105900026,85,0,85
105900027,2075,808,1267
105900028,84,23,61
105900029,410,61,349
105900030,45,74,-29
105900031,208,23,185
105900032,11,28,-17
105900033,30,23,7
105900034,85,56,29
105900035,50,28,22
105900036,78,19,59
105900037,44,9,35
105900038,28,79,-51
105900039,73,29,44
105900040,45,21,24
105900041,64,22,42
105900042,35,23,12
105900043,279,2,277
105900044,0,69,-69
105900045,0,236,-236
105900046,1,44,-43
105900047,1,4,-3
105900048,102,146,-44
105900050,177,434,-257
105900051,0,149,-149
105900052,164,9,155
105900053,444,1647,-1203
105900054,70,53,17
105900056,132,128,4
105900057,3,26,-23
105900058,16,2,14
105900059,0,56,-56
106000001,791,845,-54
106000002,370,893,-523
106000003,1328,1665,-337
106000004,1005,1141,-136
106000005,2299,1849,450
106000006,1556,842,714
106000007,345,45,300
106000008,107,140,-33
106000009,285,80,205
106000010,91,203,-112
106000011,797,321,476
106000012,362,194,168
106000013,1179,549,630
106000014,471,315,156
106000015,1464,434,1030
106000016,497,446,51
106000017,647,279,368
106000018,211,223,-12
106000019,309,120,189
106000020,80,95,-15
106000021,343,189,154
106000022,178,66,112
106000023,504,154,350
106000024,209,170,39
106000025,167,122,45
106000026,34,75,-41
106000027,1413,531,882
106000028,217,91,126
106000029,208,162,46
106000030,30,80,-50
106000034,5,87,-82
106000035,334,866,-532
106000036,27,256,-229
106000037,196,302,-106
106000038,7,31,-24
106000039,34,72,-38
106000040,57,619,-562
106000041,353,261,92
106000043,172,80,92
106000046,88,35,53
106000047,90,246,-156
106000049,671,24,647
106000050,13,152,-139
106000051,444,139,305
106000052,1,2,-1
106000053,304,58,246
106000054,1,2,-1
106000055,555,126,429
106000056,0,1,-1
106000057,349,83,266
106000058,0,1,-1
106000059,308,97,211
106000060,3,38,-35
106000061,86,328,-242
106000062,38,40,-2
106000063,500,382,118
106000064,0,0,0
106000065,334,107,227
106000066,41,12,29
106000067,231,27,204
106000068,51,6,45
106000069,319,15,304
106000070,72,17,55
106000071,396,91,305
106000072,597,497,100
106000073,547,2540,-1993
106000074,278,278,0
106000075,198,429,-231
106000076,398,344,54
106000077,686,244,442
106000078,701,119,582
106000079,423,140,283
106000080,689,197,492
106000081,623,273,350
106000082,556,194,362
106000083,195,369,-174
106000084,324,221,103
106000085,574,315,259
106000086,165,75,90
106000087,318,119,199
106000088,193,81,112
106000089,570,93,477
106000090,210,135,75
106000091,129,170,-41
106000092,370,115,255
106000093,375,15,360
106000094,15,69,-54
106000095,705,256,449
106000096,942,62,880
106000097,730,290,440
106000098,554,97,457
106000099,37,90,-53
106000100,762,34,728
106000101,389,245,144
106000102,36,125,-89
106000103,105,58,47
106000104,260,92,168
106000105,208,115,93
106000106,709,118,591
106000107,65,55,10
106000108,586,94,492
106000109,53,43,10
106000110,312,58,254
106000111,37,38,-1
106000112,209,225,-16
106000113,142,237,-95
106000114,166,446,-280
106000115,205,229,-24
106000116,265,341,-76
106000117,366,146,220
106000118,499,644,-145
106000119,312,183,129
106000120,448,758,-310
106000121,103,79,24
106000122,135,95,40
106000123,640,22,618
106000124,196,37,159
106000125,26,148,-122
106000126,353,15,338
106000127,574,221,353
106000128,695,57,638
106000129,563,221,342
106000130,757,241,516
106000131,49,379,-330
106000132,336,68,268
106000133,543,774,-231
106000134,152,1519,-1367
106000135,96,331,-235
106000136,515,916,-401
106000137,77,334,-257
106000138,1281,36,1245
106000139,85,41,44
106000140,0,2,-2
106000141,3,0,3
106000142,146,53,93
106000143,0,1,-1
106000144,28,24,4
106000145,23,8,15
106000146,389,62,327
106000147,566,188,378
106000148,786,220,566
106000149,490,220,270
106000150,432,1023,-591
106000151,966,302,664
106000152,304,864,-560
106000153,48,685,-637
106000154,464,55,409
106000155,119,159,-40
106000156,607,77,530
106000157,252,588,-336
106000158,480,252,228
106000159,792,930,-138
106000160,344,1546,-1202
106000161,289,42,247
106000162,375,740,-365
106000163,155,53,102
106000164,320,45,275
106000165,99,126,-27
106000166,541,24,517
106000167,152,205,-53
106000168,520,37,483
106000169,165,87,78
106000170,555,70,485
106000171,97,228,-131
106000172,1048,266,782
106000173,292,481,-189
106000174,874,46,828
106000175,120,45,75
106000176,1267,231,1036
106000177,445,313,132
106000178,1899,387,1512
106000179,402,160,242
106000180,370,185,185
106000181,943,582,361
106000182,1083,118,965
106000183,1048,105,943
106000184,646,217,429
106000185,641,723,-82
106000186,61,11,50
106000187,19,381,-362
106000188,0,0,0
106000189,9,16,-7
106000190,19,2,17
106000191,321,26,295
106000192,0,0,0
106000193,35,57,-22
106000194,26,49,-23
106000195,47,34,13
106000196,28,65,-37
106000197,303,25,278
106000198,90,27,63
106000199,295,629,-334
106000200,86,108,-22
106000201,73,3238,-3165
106000202,830,220,610
106000203,9,131,-122
106000204,18,0,18
106000205,1,65,-64
106000206,48,6,42
106000207,4,84,-80
106000208,924,27,897
106000209,1278,147,1131
106000210,163,270,-107
106000211,155,471,-316
106000212,797,154,643
106000213,128,511,-383
106000214,415,134,281
106000215,184,192,-8
106000216,346,61,285
106000217,52,201,-149
106000218,390,69,321
106000219,74,178,-104
106000220,813,142,671
106000221,125,17,108
106000222,40,41,-1
106000223,207,30,177
106000224,101,50,51
106000225,29,51,-22
106000226,30,77,-47
106000228,0,0,0
106000229,39,80,-41
106000231,746,50,696
106000232,53,37,16
106000233,289,34,255
106000234,11,51,-40
106000235,89,44,45
106000236,26,103,-77
106000237,0,60,-60
106000238,20,8,12
106000239,0,41,-41
106000240,5,0,5
106000241,0,291,-291
106000242,93,6,87
106000249,74,27,47
106000250,8,235,-227
106000251,56,2,54
106000252,19,1,18
106000253,83,7,76
106000254,29,2,27
106000255,78,20,58
106000256,5,1,4
106000257,27,82,-55
106000258,2,11,-9
106000259,1,9,-8
106000260,4,1,3
106000261,0,24,-24
106000262,50,0,50
106000263,5,5,0
106000264,52,0,52
106000265,15,11,4
106000266,105,18,87
106000267,2,19,-17
106000268,119,8,111
106000269,2,4,-2
106000270,53,65,-12
106000271,9,11,-2
106000272,49,1,48
106000273,5,62,-57
106000274,42,0,42
106000275,133,51,82
106000276,8,9,-1
106000277,48,72,-24
106000278,9,1,8
106000279,0,5,-5
106000280,56,9,47
106000281,12,39,-27
106000282,37,11,26
106000283,5,15,-10
106000284,72,4,68
106000285,24,46,-22
106000286,27,6,21
106000287,12,29,-17
106000288,68,9,59
106000289,61,33,28
106000290,45,7,38
106000291,36,41,-5
106000292,14,2,12
106000293,24,13,11
106000294,16,1,15
106000295,8,13,-5
106000296,9,1,8
106000297,4,40,-36
106000298,4,26,-22
106000299,11,9,2
106000300,5,23,-18
106000301,3,22,-19
106000303,5,16,-11
106000304,3,1,2
106000305,44,13,31
106000306,21,22,-1
106000307,86,2,84
106000308,3,11,-8
106000309,0,24,-24
106000310,103,194,-91
106000311,287,63,224
106000312,200,75,125
106000313,122,43,79
106000318,4,78,-74
106000319,479,151,328
106000320,2,82,-80
106000321,15,104,-89
106000322,129,22,107
106000324,31,90,-59
106000325,1337,348,989
106000326,256,370,-114
106000327,211,15,196
106000328,16,19,-3
106000329,24,62,-38
106000330,13,64,-51
106000428,60,107,-47
106000429,93,181,-88
106000430,236,390,-154
106000431,1547,208,1339
106000432,473,707,-234
106000433,1510,614,896
106000434,2053,500,1553
106000435,518,578,-60
106000436,0,62,-62
106000437,323,54,269
106000438,91,188,-97
106000439,1,297,-296
106000440,261,409,-148
106000441,8,0,8
106000442,124,1,123
106000443,159,61,98
106000450,0,35,-35
106000451,7,59,-52
106000454,0,118,-118
106000455,1,56,-55
106000456,76,11,65
106000457,7,151,-144
106000458,769,586,183
106000459,77,263,-186
106000460,1265,28,1237
106000461,56,260,-204
106000462,0,6,-6
106000463,7,162,-155
106000464,0,83,-83
106000465,604,3,601
106000466,5,56,-51
106000467,42,201,-159
106000468,92,81,11
106000469,753,21,732
106000470,85,731,-646
106000471,0,113,-113
106000472,114,6,108
106000473,5,6,-1
106000474,262,211,51
106000475,517,138,379
106000476,172,241,-69
106000477,2,6,-4
106000480,0,125,-125
106900001,0,1,-1
106900002,0,66,-66
106900003,18,128,-110
106900004,0,1,-1
106900006,0,4,-4
106900007,0,0,0
106900008,302,5,297
106900009,227,31,196
106900010,111,69,42
106900012,218,1269,-1051
106900013,179,39,140
106900014,28,0,28
106900015,0,0,0
106900016,192,16,176
106900017,14,0,14
106900018,26,0,26
106900019,150,0,150
106900020,507,727,-220
106900021,110,25,85
106900022,1054,5,1049
106900023,5,18,-13
106900024,266,3,263
106900025,3,40,-37
106900026,0,78,-78
106900027,618,1,617
106900028,2,51,-49
106900029,116,9,107
106900030,1,70,-69
107000001,1510,2193,-683
107000002,488,576,-88
107000003,3855,4023,-168
107000004,1271,691,580
107000005,4309,3008,1301
107000006,1122,580,542
107000007,2250,2704,-454
107000008,1032,647,385
107000009,4603,3026,1577
107000010,1913,1340,573
107000011,246,264,-18
107000012,756,444,312
107000013,28,10,18
107000014,48,10,38
107000015,164,85,79
107000016,231,121,110
107000017,332,270,62
107000018,1,205,-204
107000020,345,306,39
107000021,379,140,239
107000022,395,380,15
107000023,657,67,590
107000024,539,494,45
107000025,101,85,16
107000026,239,193,46
107000027,749,177,572
107000028,504,215,289
107000029,1983,1360,623
107000030,848,585,263
107000031,2492,1011,1481
107000032,127,285,-158
107000033,654,1000,-346
107000034,959,249,710
107000035,93,85,8
107000036,163,512,-349
107000037,74,351,-277
107000038,54,68,-14
107000039,387,368,19
107000040,61,62,-1
107000041,296,111,185
107000042,117,830,-713
107000043,438,237,201
107000044,85,131,-46
107000045,5,79,-74
107000046,295,115,180
107000047,167,241,-74
107000048,276,108,168
107000049,152,224,-72
107000050,277,129,148
107000051,130,154,-24
107000052,423,973,-550
107000053,194,211,-17
107000054,12,70,-58
107000055,127,77,50
107000056,305,272,33
107000057,500,107,393
107000058,1195,1003,192
107000059,667,1026,-359
107000060,3267,2565,702
107000061,1570,754,816
107000062,3510,1201,2309
107000063,1101,844,257
107000064,3083,1761,1322
107000065,874,1081,-207
107000066,748,1103,-355
107000067,571,308,263
107000068,299,425,-126
107000069,462,345,117
107000070,538,5,533
107000071,1905,13,1892
107000072,4,369,-365
107000073,496,352,144
107000074,16,152,-136
107000075,1119,80,1039
107000076,37,375,-338
107000077,1446,218,1228
107000078,275,365,-90
107000079,1763,314,1449
107000080,122,377,-255
107000081,2723,264,2459
107000082,251,236,15
107000083,785,442,343
107000084,87,123,-36
107000085,1115,1060,55
107000086,885,462,423
107000087,1335,775,560
107000088,665,738,-73
107000089,918,641,277
107000090,237,281,-44
107000091,870,279,591
107000092,285,291,-6
107000093,750,460,290
107000094,231,143,88
107000095,726,280,446
107000096,264,195,69
107000097,1134,127,1007
107000098,174,240,-66
107000099,214,186,28
107000100,56,89,-33
107000101,49,134,-85
107000102,85,77,8
107000103,177,109,68
107000104,55,137,-82
107000105,323,80,243
107000106,54,41,13
107000107,586,97,489
107000108,35,73,-38
107000109,593,58,535
107000110,11,101,-90
107000111,454,4,450
107000112,5,67,-62
107000113,697,36,661
107000114,7,62,-55
107000115,513,318,195
107000116,8,117,-109
107000117,85,1130,-1045
107000118,16,30,-14
107000119,357,1189,-832
107000120,209,387,-178
107000121,437,260,177
107000122,247,228,19
107000123,312,179,133
107000124,274,139,135
107000125,617,80,537
107000126,781,92,689
107000129,121,182,-61
107000130,657,86,571
107000131,223,136,87
107000132,260,111,149
107000133,188,32,156
107000134,133,1,132
107000135,0,189,-189
107000136,362,0,362
107000137,9,117,-108
107000138,22,3,19
107000139,1,141,-140
107000140,695,29,666
107000141,51,164,-113
107000142,262,30,232
107000143,14,198,-184
107000144,245,336,-91
107000145,15,79,-64
107000146,83,220,-137
107000147,1752,287,1465
107000150,53,2187,-2134
107000151,2,13,-11
107000152,124,1692,-1568
107000153,24,55,-31
107000154,1,69,-68
107000155,462,0,462
107000156,662,0,662
107000157,4,199,-195
107000158,613,2,611
107000159,5,94,-89
107000160,1088,50,1038
107000161,7,151,-144
107000162,124,327,-203
107000163,59,0,59
107000164,555,0,555
107000165,934,1,933
107000166,1,78,-77
107000167,351,63,288
107000168,470,143,327
107000169,69,129,-60
107000170,2260,240,2020
107000171,98,133,-35
107000172,857,1094,-237
107000173,128,98,30
107000174,575,3285,-2710
107000175,810,215,595
107000176,0,0,0
107000177,0,0,0
107000178,42,1,41
107000179,211,348,-137
107000180,1173,66,1107
107000181,244,142,102
107000182,1366,121,1245
107000183,96,201,-105
107000184,752,133,619
107000185,131,295,-164
107000186,412,73,339
107000187,379,317,62
107000188,339,133,206
107000189,395,156,239
107000190,422,187,235
107000191,640,229,411
107000192,762,113,649
107000193,170,99,71
107000194,239,86,153
107000197,508,43,465
107000198,178,245,-67
107000199,219,147,72
107000200,429,297,132
107000201,77,82,-5
107000202,93,167,-74
107000203,143,358,-215
107000204,108,861,-753
107000205,146,82,64
107000206,93,351,-258
107000207,108,152,-44
107000208,33,156,-123
107000209,306,287,19
107000210,65,51,14
107000211,0,10,-10
107000212,22,24,-2
107000213,1,3,-2
107000214,4,3,1
107000215,224,38,186
107000216,169,54,115
107000217,86,15,71
107000219,18,37,-19
107000220,6,17,-11
107000222,68,55,13
107000224,221,22,199
107000225,46,90,-44
107000226,263,16,247
107000227,51,53,-2
107000228,9,111,-102
107000229,26,81,-55
107000230,307,156,151
107000231,147,429,-282
107000232,34,1,33
107000233,64,257,-193
107000234,0,47,-47
107000235,39,4,35
107000236,0,69,-69
107000237,66,0,66
107000238,18,4,14
107000239,646,194,452
107000240,15,72,-57
107000243,0,17,-17
107000244,0,7,-7
107000246,0,139,-139
107000249,0,176,-176
107000251,0,12,-12
107000252,0,56,-56
107000255,49,44,5
107000257,1,226,-225
107000258,0,147,-147
107000259,0,42,-42
107000260,1036,4,1032
107000262,0,77,-77
107000263,228,1,227
107000266,4,2,2
107000267,7,21,-14
107000268,33,2,31
107000269,4,2,2
107000270,112,17,95
107000271,0,0,0
107000272,66,0,66
107000273,0,44,-44
107000274,131,0,131
107000275,17,283,-266
107000280,934,19,915
107000281,27,86,-59
107000282,11,138,-127
107000290,3,6,-3
107000291,5,2,3
107000292,0,29,-29
107000293,24,10,14
107000294,1,22,-21
107000295,14,4,10
107000296,0,6,-6
107000444,149,0,149
107000496,0,16,-16
107000497,258,377,-119
107000500,206,36,170
107000501,25,101,-76
107000502,127,135,-8
107000505,63,181,-118
107000506,0,0,0
107000508,0,38,-38
107000509,42,329,-287
107000510,18,2,16
107000514,73,327,-254
107000515,2,34,-32
107000516,332,118,214
107000518,803,1236,-433
107000519,252,168,84
107000520,131,13,118
107000521,577,65,512
107000522,866,159,707
107900001,24,13,11
107900002,20,1,19
107900003,226,3,223
107900004,0,0,0
107900005,1495,13,1482
107900006,31,1,30
107900007,220,4,216
107900008,47,1,46
107900009,127,2,125
107900010,29,1,28
107900012,160,51,109
107900013,36,1,35
107900014,103,1,102
107900015,1092,3,1089
107900016,108,80,28
107900017,28,0,28
107900018,37,296,-259
107900019,2,1,1
107900020,2,25,-23
107900021,69,0,69
107900023,16,0,16
107900024,0,1,-1
107900025,107,36,71
107900026,45,6,39
107900027,1,163,-162
107900028,130,1,129
107900030,169,1,168
107900031,42,10,32
107900032,16,0,16
107900033,19,1,18
107900034,71,12,59
107900035,952,27,925
107900036,28,17,11
107900037,0,14,-14
107900038,5,157,-152
107900039,39,1,38
107900040,15,207,-192
107900041,0,0,0
107900043,21,18,3
107900044,5,1,4
107900045,32,20,12
107900046,227,128,99
107900047,52,0,52
107900048,190,6,184
107900049,75,294,-219
107900050,2,32,-30
107900051,23,3,20
107900052,0,12,-12
107900053,67,14,53
107900055,71,23,48
107900056,31,80,-49
107900057,0,0,0
107900058,24,115,-91
107900060,0,1,-1
107900061,0,30,-30
107900063,75,18,57
107900064,43,334,-291
107900065,340,6,334
107900066,14,2,12
107900067,0,0,0
107900068,28,241,-213
107900069,2,1830,-1828
107900070,110,118,-8
107900071,1,54,-53
107900072,72,5,67
107900073,37,10,27
107900074,38,104,-66
107900076,88,7,81
107900077,83,0,83
107900079,13,19,-6
107900080,15,451,-436
107900081,34,12,22
107900082,1,2,-1
107900083,282,87,195
107900084,102,37,65
107900086,31,123,-92
107900087,24,6,18
107900088,18,4,14
107900089,35,115,-80
107900090,30,697,-667
107900091,54,42,12
107900093,21,2,19
107900095,197,447,-250
107900097,0,10,-10
107900098,107,80,27
107900100,90,613,-523
107900101,91,23,68
107900102,37,1,36
107900103,8,22,-14
107900104,204,0,204
107900105,0,35,-35
107900106,0,81,-81
107900107,145,133,12
107900108,14,8,6
107900109,1118,11,1107
107900110,39,3,36
107900111,0,47,-47
107900112,5,190,-185
107900113,139,2,137
107900114,213,26,187
107900115,0,7,-7
107900116,138,12,126
107900117,81,93,-12
107900118,5,33,-28
107900119,37,63,-26
107900120,37,2,35
107900121,2,22,-20
107900122,0,7,-7
107900123,9,24,-15
107900124,1,24,-23
107900125,21,10,11
107900126,7,1,6
107900127,83,63,20
107900128,41,13,28
107900129,145,13,132
107900130,85,0,85
107900131,0,42,-42
107900132,3,52,-49
107900133,0,10,-10
107900134,0,8,-8
107900135,2,31,-29
107900136,2,7,-5
107900137,1,3,-2
107900138,150,13,137
107900139,88,3,85
107900141,6,14,-8
107900142,15,90,-75
107900143,12,0,12
107900144,1,8,-7
107900145,0,4,-4
107900146,7,12,-5
107900147,5,1,4
107900148,51,11,40
107900149,151,22,129
107900150,2,55,-53
107900151,28,9,19
107900152,2,28,-26
107900153,22,54,-32
107900154,36,4,32
107900155,30,3,27
107900156,3,6,-3
107900157,3,6,-3
107900158,856,50,806
107900159,1,32,-31
107900160,28,26,2
107900161,19,21,-2
107900162,0,5,-5
107900163,3,30,-27
107900164,7,2,5
107900165,10,129,-119
107900166,26,16,10
107900167,1,33,-32
107900168,15,3,12
107900169,0,16,-16
107900171,0,92,-92
107900172,0,22,-22
107900173,80,1,79
107900174,73,0,73
107900175,0,12,-12
107900176,49,1,48
107900177,0,21,-21
107900178,0,1,-1
107900179,1,3,-2
107900180,46,677,-631
107900181,29,101,-72
107900182,0,102,-102
107900183,34,35,-1
107900184,74,26,48
107900185,31,0,31
107900186,4,6,-2
107900187,0,8,-8
107900188,88,10,78
107900189,3,9,-6
107900190,8,40,-32
107900191,8,23,-15
107900193,3,27,-24
107900194,62,1,61
107900195,128,55,73
107900196,51,3,48
107900197,63,65,-2
107900199,0,58,-58
107900201,22,22,0
107900203,10,11,-1
107900204,47,31,16
107900206,30,189,-159
107900207,0,67,-67
107900208,0,46,-46
107900209,22,24,-2
107900210,16,12,4
107900213,23,55,-32
107900214,0,12,-12
107900215,27,115,-88
107900216,0,5,-5
107900217,37,3,34
107900218,4,82,-78
107900219,0,2,-2
107900220,0,26,-26
107900221,11,18,-7
107900223,64,18,46
107900224,24,117,-93
107900225,1,15,-14
107900226,1,21,-20
107900227,20,16,4
107900228,8,5,3
107900229,6,30,-24
107900230,11,8,3
107900231,26,7,19
107900232,140,2,138
107900233,0,43,-43
107900234,131,7,124
107900235,1,11,-10
107900236,183,3,180
107900237,16,31,-15
107900238,6,5,1
107900239,67,141,-74
107900240,0,14,-14
107900241,1,55,-54
107900242,2,43,-41
107900243,0,15,-15
107900244,163,0,163
107900245,574,7,567
107900246,95,21,74
107900248,198,6,192
107900249,552,41,511
107900250,0,104,-104
107900251,0,102,-102
107900252,326,43,283
107900253,92,0,92
107900254,7,38,-31
107900255,21,12,9
107900256,62,131,-69
107900257,116,59,57
107900258,50,4,46
107900259,8,1548,-1540
107900261,0,25,-25
107900262,6,8,-2
107900264,297,20,277
107900265,49,35,14
107900267,267,0,267
107900268,2,0,2
107900269,0,0,0
107900270,0,1,-1
107900271,0,29,-29
107900272,17,22,-5
107900273,27,11,16
107900274,46,0,46
107900275,2,2,0
107900276,0,13,-13
107900277,0,2,-2
107900278,153,55,98
107900279,2,14,-12
107900280,716,174,542
107900281,269,3264,-2995
107900282,55,697,-642
107900283,134,374,-240
107900284,310,139,171
107900285,97,17,80
107900286,2,3,-1
107900287,324,26,298
107900290,1,244,-243
107900291,174,23,151
107900292,36,29,7
107900293,35,106,-71
107900295,19,1,18
107900297,1,58,-57
107900298,144,162,-18
107900299,572,1470,-898
107900301,174,208,-34
107900302,40,15,25
107900303,279,92,187
107900304,216,33,183
107900305,134,3,131
107900306,0,12,-12
107900307,0,69,-69
107900308,121,31,90
107900309,8,0,8
107900310,25,0,25
107900311,159,220,-61
107900312,41,0,41
107900313,0,46,-46
107900314,1,79,-78
107900315,0,39,-39
107900316,20,0,20
107900317,27,0,27
107900318,0,54,-54
107900319,0,18,-18
107900320,0,31,-31
107900321,45,1,44
107900322,0,11,-11
107900323,1,31,-30
107900324,12,1,11
107900325,106,1,105
107900326,274,9,265
107900327,4,39,-35
107900328,0,0,0
107900329,0,6,-6
107900330,2,16,-14
107900331,322,2,320
107900332,415,4,411
107900333,110,2,108
107900334,4,42,-38
107900335,32,11,21
107900336,41,7,34
107900337,178,609,-431
107900338,0,68,-68
107900339,1,2,-1
107900340,0,84,-84
107900341,25,0,25
107900342,101,30,71
107900343,39,1,38
107900344,1,22,-21
107900345,10,4,6
107900346,0,0,0
107900347,6,0,6
107900348,0,0,0
107900349,28,1,27
107900350,3,49,-46
107900351,11,5,6
107900352,0,3,-3
107900353,18,3,15
107900354,9,12,-3
108000001,2463,1437,1026
108000002,413,598,-185
108000003,1294,752,542
108000004,3101,3288,-187
108000005,4590,1974,2616
108000006,1117,1061,56
108000007,3093,1295,1798
108000008,871,1008,-137
108000009,2894,1452,1442
108000010,767,982,-215
108000011,7206,4280,2926
108000012,2240,2823,-583
108000014,217,667,-450
108000015,367,131,236
108000016,22,175,-153
108000017,716,183,533
108000018,892,169,723
108000019,189,176,13
108000020,397,126,271
108000021,78,167,-89
108000022,141,201,-60
108000023,780,90,690
108000024,185,74,111
108000025,326,18,308
108000026,482,76,406
108000027,498,53,445
108000028,765,90,675
108000029,248,123,125
108000030,194,84,110
108000031,106,87,19
108000032,1147,129,1018
108000033,126,138,-12
108000034,1251,146,1105
108000035,158,349,-191
108000036,60,214,-154
108000037,1375,76,1299
108000038,2050,83,1967
108000039,165,272,-107
108000040,1077,238,839
108000041,105,358,-253
108000042,304,42,262
108000043,19,70,-51
108000044,638,20,618
108000045,39,66,-27
108000046,970,82,888
108000047,111,127,-16
108000048,33,52,-19
108000049,679,78,601
108000050,51,94,-43
108000051,259,89,170
108000052,37,125,-88
108000053,257,71,186
108000054,50,235,-185
108000055,463,216,247
108000056,125,360,-235
108000057,445,704,-259
108000058,682,1857,-1175
108000059,471,415,56
108000060,155,299,-144
108000061,116,104,12
108000062,570,121,449
108000063,210,78,132
108000064,202,123,79
108000065,240,176,64
108000066,514,220,294
108000067,1233,264,969
108000068,531,158,373
108000069,82,188,-106
108000070,1451,168,1283
108000071,120,323,-203
108000072,846,204,642
108000073,285,298,-13
108000074,567,167,400
108000075,53,102,-49
108000076,607,133,474
108000077,202,120,82
108000078,1517,225,1292
108000079,166,244,-78
108000080,1392,140,1252
108000081,156,262,-106
108000082,181,233,-52
108000083,1082,266,816
108000084,104,152,-48
108000085,678,221,457
108000086,58,69,-11
108000087,66,1139,-1073
108000088,667,104,563
108000089,126,132,-6
108000091,32,175,-143
108000092,379,23,356
108000093,159,166,-7
108000094,761,19,742
108000095,47,97,-50
108000096,399,57,342
108000097,52,68,-16
108000098,1378,437,941
108000099,633,50,583
108000100,147,188,-41
108000101,743,421,322
108000102,718,1821,-1103
108000106,556,0,556
108000107,0,287,-287
108000108,467,37,430
108000109,3,177,-174
108000110,287,33,254
108000111,113,196,-83
108000112,14,47,-33
108000113,170,159,11
108000115,87,67,20
108000117,194,174,20
108000118,73,857,-784
108000119,251,74,177
108000120,41,521,-480
108000121,80,116,-36
108000122,498,174,324
108000123,322,34,288
108000124,128,44,84
108000125,336,38,298
108000126,116,39,77
108000127,396,45,351
108000128,391,23,368
108000129,164,73,91
108000130,323,64,259
108000131,509,84,425
108000132,72,201,-129
108000133,1077,68,1009
108000134,104,64,40
108000135,930,244,686
108000136,38,62,-24
108000137,422,71,351
108000138,181,113,68
108000139,374,65,309
108000140,398,4,394
108000141,2,6,-4
108000142,6,15,-9
108000143,10,84,-74
108000144,505,6,499
108000145,36,4,32
108000146,619,25,594
108000147,14,3,11
108000148,455,23,432
108000149,2,1,1
108000150,43,1,42
108000151,4,20,-16
108000152,21,44,-23
108000153,575,47,528
108000154,33,0,33
108000155,120,18,102
108000156,287,150,137
108000157,14,1322,-1308
108000158,13,431,-418
108000159,56,59,-3
108000160,540,799,-259
108000161,528,1906,-1378
108000165,0,117,-117
108000172,15,148,-133
108000173,143,873,-730
108000175,490,52,438
108000178,179,62,117
108000179,20,493,-473
108000181,45,13,32
108000182,42,9,33
108000183,1,45,-44
108000184,133,1565,-1432
108000185,53,43,10
108000186,367,52,315
108000187,39,96,-57
108000188,707,42,665
108000189,213,6512,-6299
108000190,0,21,-21
108000192,146,30,116
108000193,64,7,57
108000194,20,19,1
108000195,0,135,-135
108000196,73,46,27
108000198,454,51,403
108000199,0,60,-60
108000200,774,23,751
108000203,38,58,-20
108000204,174,87,87
108000205,43,45,-2
108000339,230,157,73
108000364,78,114,-36
108000365,2,52,-50
108000367,28,76,-48
108000368,6,15,-9
108000369,173,117,56
108000371,0,331,-331
108000372,412,0,412
108000373,195,48,147
108000376,66,2,64
108000377,435,54,381
108000378,4424,6468,-2044
108000379,1,53,-52
108000381,129,1,128
108000382,71,0,71
108000383,0,134,-134
108900001,4,44,-40
108900002,71,15,56
108900003,15,166,-151
108900004,17,203,-186
108900007,192,32,160
108900008,115,16,99
108900009,26,41,-15
108900010,303,42,261
108900011,635,61,574
108900012,386,70,316
108900013,76,86,-10
108900014,4,22,-18
108900015,0,92,-92
108900016,1,49,-48
108900017,18,102,-84
108900018,44,84,-40
108900019,5,69,-64
108900020,5,32,-27
108900021,25,49,-24
108900022,50,0,50
108900023,22,28,-6
108900024,17,15,2
108900025,119,22,97
108900026,2,7,-5
108900027,1,16,-15
108900028,74,49,25
108900029,19,25,-6
108900030,0,3,-3
108900031,36,36,0
108900032,0,11,-11
108900033,4,12,-8
108900034,0,12,-12
108900035,38,162,-124
108900038,1,35,-34
108900039,2,14,-12
108900040,1,54,-53
108900041,1107,1065,42
108900042,3,212,-209
108900043,5,171,-166
108900044,0,54,-54
108900045,64,30,34
108900046,1,53,-52
108900047,11,19,-8
108900048,8,122,-114
108900049,289,862,-573
108900050,2,60,-58
108900051,0,5,-5
108900052,1,11,-10
108900053,8,130,-122
108900054,1,13,-12
108900055,2,37,-35
108900056,0,14,-14
108900057,0,65,-65
108900058,18,38,-20
108900059,353,42,311
108900060,38,32,6
108900061,4,6,-2
108900062,0,85,-85
108900063,23,47,-24
108900064,156,5,151
108900065,5,41,-36
108900066,242,19,223
108900067,0,54,-54
108900068,22,60,-38
108900069,56,8,48
108900070,1,15,-14
108900071,73,9,64
108900072,420,76,344
108900073,13,53,-40
108900074,250,26,224
108900075,0,5,-5
108900076,393,5,388
108900077,30,210,-180
108900078,38,31,7
108900079,72,23,49
108900080,23,443,-420
108900081,5,35,-30
108900082,36,21,15
108900083,1,92,-91
108900085,262,38,224
108900086,83,13,70
108900087,21,68,-47
108900088,164,39,125
108900089,1,45,-44
108900090,75,16,59
108900091,24,19,5
108900092,120,81,39
108900093,7,7,0
108900094,92,46,46
108900095,3,21,-18
108900096,60,2,58
108900097,70,42,28
108900098,401,429,-28
108900099,90,35,55
108900100,35,42,-7
108900101,102,62,40
108900102,5,774,-769
108900103,94,50,44
108900105,9,1220,-1211
108900106,193,37,156
108900108,163,2,161
108900109,499,24,475
108900110,27,30,-3
108900111,157,66,91
108900113,23,21,2
108900114,87,4,83
108900115,131,49,82
108900116,9,0,9
108900117,97,3,94
108900118,393,4,389
108900119,272,14,258
108900120,313,84,229
108900121,114,13,101
108900122,148,16,132
108900123,303,37,266
108900124,415,22,393
108900125,516,0,516
108900126,90,22,68
108900127,235,40,195
108900128,118,2,116
108900129,766,34,732
108900130,244,0,244
108900131,362,2,360
108900132,255,9,246
108900133,201,15,186
108900134,462,17,445
108900135,226,3,223
108900136,5,2,3
108900137,117,0,117
108900138,458,14,444
108900140,353,25,328
108900141,376,14,362
108900142,35,0,35
108900143,69,0,69
108900144,42,0,42
108900145,182,10,172
108900146,31,0,31
108900147,206,1,205
108900148,18,1,17
108900150,105,8,97
108900151,0,0,0
108900152,40,0,40
108900153,159,29,130
108900154,2753,103,2650
108900156,53,1,52
108900157,1,36,-35
108900158,298,1,297
108900159,19,29,-10
108900160,2,79,-77
108900161,0,60,-60
108900162,149,16,133
108900163,0,310,-310
108900164,24,4,20
108900168,1518,950,568
108900169,3,56,-53
108900171,734,2047,-1313
108900172,52,9,43
108900173,20,67,-47
108900174,709,48,661
108900176,9,67,-58
108900177,1220,4551,-3331
108900178,578,2260,-1682
108900180,68,107,-39
108900183,21,17,4
108900184,178,38,140
108900185,18,53,-35
108900186,13,79,-66
108900189,109,1,108
108900190,2,209,-207
108900192,8,70,-62
108900195,36,6,30
108900196,1,45,-44
108900199,59,71,-12
108900200,439,119,320
108900201,66,185,-119
108900203,217,12,205
108900204,307,2,305
108900205,167,22,145
108900206,157,32,125
108900207,101,78,23
108900208,0,75,-75
108900209,58,97,-39
108900210,87,16,71
108900211,33,236,-203
108900212,11,695,-684
108900215,40,125,-85
108900216,93,146,-53
108900217,19,0,19
108900218,40,3,37
108900221,4,26,-22
108900224,45,12,33
108900225,0,43,-43
108900227,84,98,-14
108900230,64,19,45
108900232,0,74,-74
108900233,221,25,196
108900234,67,49,18
108900235,47,116,-69
108900236,6,93,-87
108900240,63,22,41
108900241,70,39,31
108900245,2,852,-850
108900250,113,22,91
108900258,2,7,-5
108900259,1,19,-18
108900260,6,2,4
108900261,1,7,-6
108900262,36,12,24
108900263,5,10,-5
108900264,6,15,-9
108900265,58,256,-198
108900266,54,557,-503
108900267,2,193,-191
108900268,0,6,-6
108900269,27,9,18
108900270,69,4,65
108900271,36,2,34
108900272,85,2,83
108900273,33,207,-174
108900274,31,2,29
109000001,1539,1883,-344
109000002,124,710,-586
109000003,1620,159,1461
109000004,211,551,-340
109000005,1160,156,1004
109000006,210,390,-180
109000007,1334,169,1165
109000008,264,258,6
109000009,1815,317,1498
109000010,174,804,-630
109000011,2939,621,2318
109000012,474,540,-66
109000013,2993,2341,652
109000014,521,378,143
109000015,1992,8249,-6257
109000016,796,400,396
109000017,2386,386,2000
109000018,287,417,-130
109000019,1653,484,1169
109000020,329,358,-29
109000023,102,3,99
109000024,1,119,-118
109000025,67,242,-175
109000026,224,96,128
109000027,37,266,-229
109000028,58,22,36
109000029,27,190,-163
109000030,2,39,-37
109000031,214,33,181
109000032,3,60,-57
109000033,380,78,302
109000034,8,20,-12
109000035,0,4,-4
109000036,33,199,-166
109000037,225,2718,-2493
109000038,140,111,29
109000039,668,376,292
109000040,589,7029,-6440
109000041,515,1478,-963
109000042,280,936,-656
109000044,265,44,221
109000045,123,22,101
109000046,251,15,236
109000047,13,12,1
109000048,201,109,92
109000049,71,11,60
109000050,232,82,150
109000051,32,7,25
109000052,181,196,-15
109000053,1633,51,1582
109000054,35,153,-118
109000055,102,34,68
109000056,78,105,-27
109000057,446,235,211
109000058,83,59,24
109000059,30,552,-522
109000060,73,341,-268
109000061,86,826,-740
109000062,43,207,-164
109000063,53,12,41
109000064,452,23,429
109000065,100,16,84
109000066,306,45,261
109000067,31,31,0
109000068,210,16,194
109000069,237,22,215
109000070,0,153,-153
109000071,151,22,129
109000072,41,140,-99
109000073,35,45,-10
109000074,2,68,-66
109000075,20,29,-9
109000076,101,139,-38
109000077,138,80,58
109000078,53,74,-21
109000079,50,47,3
109000080,122,44,78
109000081,62,140,-78
109000082,506,55,451
109000083,106,132,-26
109000088,140,31,109
109000089,340,18,322
109000090,69,60,9
109000091,303,6,297
109000092,106,62,44
109000093,207,37,170
109000094,689,1,688
109000095,80,104,-24
109000096,728,67,661
109000097,8,40,-32
109000098,43,83,-40
109000099,424,30,394
109000100,175,174,1
109000101,957,131,826
109000102,197,143,54
109000103,839,182,657
109000104,1619,74,1545
109000105,187,165,22
109000106,970,111,859
109000107,246,244,2
109000108,1654,201,1453
109000109,148,152,-4
109000110,646,180,466
109000111,320,190,130
109000112,69,45,24
109000113,105,42,63
109000114,81,96,-15
109000115,273,14,259
109000116,29,255,-226
109000117,151,12,139
109000118,2,91,-89
109000119,1322,25,1297
109000120,155,105,50
109000121,890,12,878
109000122,146,95,51
109000123,50,83,-33
109000124,559,105,454
109000125,629,82,547
109000126,210,125,85
109000127,2067,74,1993
109000128,230,239,-9
109000129,2294,133,2161
109000130,228,338,-110
109000131,1070,582,488
109000132,166,515,-349
109000133,30,224,-194
109000134,174,230,-56
109000135,109,235,-126
109000136,105,188,-83
109000137,107,117,-10
109000138,148,47,101
109000139,301,112,189
109000140,55,115,-60
109000141,617,142,475
109000142,82,95,-13
109000143,21,32,-11
109000145,35,80,-45
109000146,9,23,-14
109000148,484,514,-30
109000149,4,32,-28
109000150,60,110,-50
109000155,568,387,181
109000156,369,49,320
109000158,5,95,-90
109000159,43,145,-102
109000160,1076,49,1027
109000161,299,194,105
109000162,1025,110,915
109000163,850,253,597
109000164,741,520,221
109000165,896,136,760
109000166,621,21,600
109000167,55,73,-18
109000170,10,8,2
109000171,35,8,27
109000172,2,13,-11
109000173,2,114,-112
109000174,167,5,162
109000175,81,42,39
109000176,222,43,179
109000177,23,19,4
109000178,485,45,440
109000179,918,3176,-2258
109000180,772,1258,-486
109000181,36,17,19
109000182,28,2,26
109000183,33,6,27
109000184,15,16,-1
109000185,22,2,20
109000188,133,195,-62
109000189,1695,190,1505
109000190,347,133,214
109000191,219,170,49
109000192,305,29,276
109000193,160,11,149
109000194,158,6,152
109000195,149,16,133
109000196,142,19,123
109000197,82,52,30
109000198,185,24,161
109000199,37,48,-11
109000206,95,3,92
109000207,125,0,125
109000208,59,72,-13
109000209,101,24,77
109000210,20,64,-44
109000211,822,124,698
109000214,182,138,44
109000215,53,45,8
109000216,234,227,7
109000217,15,59,-44
109000218,132,88,44
109000221,49,195,-146
109000222,284,33,251
109000223,338,164,174
109000224,77,21,56
109000225,111,11,100
109000226,61,27,34
109000227,1442,150,1292
109000228,0,38,-38
109000231,8,33,-25
109000232,418,48,370
109000236,72,177,-105
109000241,941,258,683
109000242,626,180,446
109000293,21,65,-44
109000361,180,79,101
109000364,14,65,-51
109000396,2,89,-87
109000397,439,10,429
109000399,24,93,-69
109000400,109,78,31
109000403,7,872,-865
109000406,319,10,309
109000407,54,26,28
109000408,0,3,-3
109000410,333,47,286
109000411,121,5,116
109000412,0,17,-17
109900001,102,0,102
109900002,390,3,387
109900003,474,8,466
109900005,4,1,3
109900006,366,26,340
109900007,1035,64,971
109900008,0,7,-7
109900009,48,53,-5
109900010,383,2,381
109900011,54,12,42
109900012,163,51,112
109900013,209,30,179
109900014,85,11,74
109900015,34,2,32
109900016,68,6,62
109900017,139,15,124
109900018,59,5,54
109900019,18,3,15
109900020,26,14,12
109900021,36,3,33
109900022,78,52,26
109900023,10,3,7
109900024,5,0,5
109900025,1,3,-2
109900027,21,5,16
109900028,173,1408,-1235
109900029,0,32,-32
109900030,7,2,5
109900031,0,167,-167
109900032,0,72,-72
109900033,0,136,-136
109900034,7,17,-10
109900035,19,19,0
109900036,0,9,-9
109900037,4,86,-82
109900038,47,56,-9
109900039,1,1,0
109900040,37,76,-39
109900041,23,14,9
109900042,15,57,-42
109900044,17,40,-23
109900045,54,13,41
109900046,252,50,202
109900047,10,50,-40
109900048,0,9,-9
109900049,2,21,-19
109900050,0,3,-3
109900051,0,0,0
109900052,10,30,-20
109900053,0,33,-33
109900054,873,26,847
109900055,102,58,44
109900056,2,74,-72
109900057,0,39,-39
109900058,2,9,-7
109900060,643,16,627
109900061,15,36,-21
109900062,0,62,-62
109900064,214,19,195
109900065,15,13,2
109900066,25,366,-341
109900067,0,42,-42
109900068,44,3,41
109900069,0,5,-5
109900071,0,0,0
109900072,0,13,-13
109900073,453,55,398
109900074,0,1,-1
109900075,1,1,0
109900076,15,43,-28
109900077,2,35,-33
109900078,23,26,-3
109900080,50,50,0
109900081,0,91,-91
109900082,8,50,-42
109900083,11,10,1
109900084,4,39,-35
109900085,25,60,-35
109900086,20,953,-933
109900087,28,78,-50
109900089,380,18,362
109900092,139,15,124
109900093,853,62,791
109900094,22,8,14
109900095,23,47,-24
109900096,43,3,40
109900097,99,0,99
109900098,683,9,674
109900099,366,1,365
109900100,18,0,18
109900101,993,2,991
109900102,240,1,239
109900103,5,6,-1
109900104,649,41,608
109900105,444,4,440
109900106,264,11,253
109900107,313,10,303
109900108,38,14,24
109900109,20,2,18
109900111,26,66,-40
109900114,58,440,-382
109900115,96,14,82
109900117,1072,32,1040
109900121,62,25,37
109900123,6,25,-19
109900125,0,95,-95
109900126,377,13,364
109900130,1029,1906,-877
109900131,1,10,-9
109900132,4,12,-8
109900134,19,7,12
109900135,49,10,39
109900137,96,36,60
109900140,49,14,35
109900149,2,8,-6
109900150,1,16,-15
109900151,5,1,4
109900152,2,6,-4
109900153,0,6,-6
109900154,1,0,1
109900155,9,9,0
109900157,26,13,13
109900159,28,2,26
109900161,274,5,269
109900162,228,4,224
109900163,132,34,98
109900164,51,125,-74
109900165,123,0,123
109900166,1,11,-10
109900167,53,91,-38
109900168,53,108,-55
109900169,95,34,61
109900170,22,871,-849
109900171,181,84,97
109900172,90,141,-51
109900173,377,1057,-680
109900174,3,8,-5
109900175,27,26,1
109900176,30,2,28
109900177,4,1,3
109900178,1,55,-54
109900179,2,37,-35
109900180,4,0,4
110000001,157,96,61
110000002,397,266,131
110000003,126,307,-181
110000004,269,215,54
110000005,122,1476,-1354
110000006,78,187,-109
110000007,47,10,37
110000008,8,83,-75
110000009,5,2,3
110000010,30,22,8
110000011,0,19,-19
110000012,186,107,79
110000013,13,311,-298
110000014,357,250,107
110000015,55,320,-265
110000016,133,775,-642
110000017,1416,159,1257
110000018,811,173,638
110000019,0,21,-21
110000020,115,74,41
110000021,67,71,-4
110000022,478,13,465
110000023,3,10,-7
110000024,122,143,-21
110000025,574,2,572
110000026,1,68,-67
110000027,115,230,-115
110000028,612,163,449
110000029,147,254,-107
110000030,264,212,52
110000031,104,93,11
110000032,576,68,508
110000033,27,62,-35
110000034,524,118,406
110000035,106,556,-450
110000036,842,155,687
110000037,18,323,-305
110000038,98,379,-281
110000039,388,3314,-2926
110000040,97,104,-7
110000041,229,2114,-1885
110000042,40,93,-53
110000043,496,228,268
110000044,4,68,-64
110000045,51,32,19
110000046,6,32,-26
110000047,12,29,-17
110000048,2,96,-94
110000049,2,5,-3
110000050,5,116,-111
110000051,16,6,10
110000052,29,37,-8
110000053,9,6,3
110000054,22,103,-81
110000055,45,30,15
110000056,31,26,5
110000057,97,259,-162
110000058,252,117,135
110000059,222,166,56
110000060,626,249,377
110000061,120,188,-68
110000062,380,281,99
110000063,31,120,-89
110000064,35,12,23
110000065,98,86,12
110000066,23,0,23
110000067,21,30,-9
110000068,127,25,102
110000069,442,16,426
110000071,336,7,329
110000073,14,1,13
110000075,26,0,26
110000076,197,235,-38
110000077,72,505,-433
110000078,68,2,66
110000080,82,58,24
110000081,32,34,-2
110000082,3,79,-76
110000083,79,79,0
110000084,661,464,197
110000085,420,264,156
110000086,234,962,-728
110000087,13,6,7
110000088,67,37,30
110000089,128,15,113
110000090,71,45,26
110000091,115,69,46
110000092,0,39,-39
110000093,34,3,31
110000094,97,27,70
110000095,95,473,-378
110000096,431,1035,-604
110000097,301,1033,-732
110000098,713,87,626
110000099,513,644,-131
110000100,1200,64,1136
110000101,71,33,38
110000102,54,23,31
110000104,188,88,100
110000105,54,105,-51
110000106,129,290,-161
110000107,54,119,-65
110000108,60,85,-25
110000109,30,55,-25
110000110,460,1291,-831
110000111,900,1377,-477
110000112,94,272,-178
110000113,48,1416,-1368
110000114,259,275,-16
110000115,388,74,314
110000116,24,15,9
110000117,274,65,209
110000118,470,49,421
110000119,453,50,403
110000120,98,33,65
110000121,39,235,-196
110000122,86,139,-53
110000123,246,57,189
110000124,0,238,-238
110000125,206,1,205
110000126,55,0,55
110000127,359,6,353
110000128,4,251,-247
110000129,1,156,-155
110000130,174,23,151
110000131,41,173,-132
110000132,1,108,-107
110000133,3,87,-84
110000134,24,151,-127
110000135,89,2,87
110000136,25,40,-15
110000137,355,52,303
110000138,375,88,287
110000139,817,64,753
110000140,414,231,183
110000143,128,123,5
110000144,630,553,77
110000145,529,493,36
110000146,358,168,190
110000147,128,368,-240
110000148,382,65,317
110000151,156,297,-141
110000152,157,197,-40
110000153,204,19,185
110000154,3,51,-48
110000155,96,612,-516
110000156,232,353,-121
110000157,195,904,-709
110000160,95,54,41
110000161,35,71,-36
110000166,450,32,418
110000167,806,253,553
110000168,229,289,-60
110000169,360,136,224
110000170,73,69,4
110000171,206,16,190
110000172,131,137,-6
110000173,182,184,-2
110000174,36,99,-63
110000175,1109,56,1053
110000176,12,484,-472
110000177,86,1069,-983
110000178,153,1637,-1484
110000179,401,71,330
110000180,164,98,66
110000181,549,90,459
110000182,73,32,41
110000183,2200,3212,-1012
110000184,122,1701,-1579
110000185,126,250,-124
110000186,199,459,-260
110000191,820,56,764
110000192,481,0,481
110000193,786,0,786
110000194,0,145,-145
110000195,326,11,315
110000196,432,49,383
110000197,38,12,26
110000198,33,1,32
110000199,33,26,7
110000200,218,97,121
110000201,434,417,17
110000202,463,172,291
110000203,63,114,-51
110000204,10,77,-67
110000205,262,7,255
110000206,142,175,-33
110000207,986,56,930
110000208,41,145,-104
110000209,15,68,-53
110000210,1058,105,953
110000211,570,176,394
110000212,182,691,-509
110000213,189,4,185
110000214,276,13,263
110000215,9,62,-53
110000216,39,26,13
110000217,331,19,312
110000218,80,12,68
110000219,202,4,198
110000220,4,18,-14
110000221,420,7,413
110000222,58,73,-15
110000223,8,59,-51
110000224,0,1,-1
110000225,57,131,-74
110000226,182,25,157
110000227,92,214,-122
110000228,167,9,158
110000229,0,41,-41
110000230,232,187,45
110000231,104,108,-4
110000232,62,22,40
110000233,61,133,-72
110000234,217,81,136
110000235,303,249,54
110000236,108,82,26
110000237,1013,329,684
110000238,529,211,318
110000239,990,224,766
110000240,0,10,-10
110000242,0,0,0
110000243,125,61,64
110000244,22,43,-21
110000245,5,110,-105
110000246,607,106,501
110000247,388,391,-3
110000248,501,119,382
110000249,67,3,64
110000250,2,45,-43
110000251,201,45,156
110000252,302,53,249
110000253,1030,66,964
110000254,448,139,309
110000255,76,143,-67
110000256,285,28,257
110000257,115,17,98
110000258,0,27,-27
110000259,170,8,162
110000260,84,10,74
110000263,397,25,372
110000264,302,60,242
110000265,632,503,129
110000266,427,523,-96
110000267,11,9,2
110000268,140,32,108
110000269,0,3,-3
110000270,29,1,28
110000271,421,27,394
110000272,424,353,71
110000273,268,252,16
110000274,65,1339,-1274
110000275,376,169,207
110000276,99,389,-290
110000277,172,48,124
110000278,142,129,13
110000279,485,104,381
110000280,341,87,254
110000281,41,21,20
110000282,61,5,56
110000283,38,21,17
110000284,2,9,-7
110000285,1,28,-27
110000286,1,1,0
110000287,51,0,51
110000288,0,4,-4
110000289,144,1528,-1384
110000290,310,480,-170
110000291,510,330,180
110000292,140,4023,-3883
110000293,266,110,156
110000294,1090,1083,7
110000295,34,87,-53
110000296,429,98,331
110000297,1646,62,1584
110000298,24,154,-130
110000299,122,8,114
110000301,306,9,297
110000302,288,154,134
110000303,417,1,416
110000304,167,55,112
110000305,1296,5,1291
110000306,298,120,178
110000307,1446,0,1446
110000308,186,0,186
110000309,4,60,-56
110000310,687,36,651
110000311,0,65,-65
110000312,348,34,314
110000313,1066,464,602
110000314,0,49,-49
110000315,520,824,-304
110000316,89,350,-261
110000317,95,168,-73
110000318,0,3,-3
110000319,22,5,17
110000320,5,9,-4
110000321,54,29,25
110000322,89,115,-26
110000323,561,63,498
110000324,536,418,118
110000325,655,2619,-1964
110000327,121,43,78
110000328,14,101,-87
110000333,501,699,-198
110000334,71,200,-129
110000335,497,149,348
110000336,129,120,9
110000337,1278,123,1155
110000338,240,61,179
110000339,355,34,321
110000340,4,34,-30
110000341,279,77,202
110000342,37,0,37
110000343,0,1,-1
110000344,14,62,-48
110000345,8,138,-130
110000346,433,526,-93
110000347,685,266,419
110000348,17,4,13
110000349,8,9,-1
110000350,35,0,35
110000351,852,169,683
110000352,249,995,-746
110000353,992,107,885
110000354,285,1950,-1665
110000355,154,7,147
110000356,111,1,110
110000357,476,0,476
110000361,13,8,5
110000362,187,7,180
110000363,426,11,415
110000364,256,59,197
110000365,36,0,36
110000366,0,72,-72
110000367,180,67,113
110000368,0,44,-44
110000369,15,0,15
110000373,0,61,-61
110000374,42,4,38
110000375,47,274,-227
110000376,13,37,-24
110000377,13,123,-110
110000378,0,219,-219
110000379,681,1759,-1078
110000380,47,2,45
110000383,0,125,-125
110000384,367,29,338
110000385,0,41,-41
110000387,44,0,44
110000388,11,90,-79
110000389,162,4,158
110000391,577,93,484
110000396,219,16,203
110000397,80,5,75
110000398,1,2,-1
110000399,56,0,56
110000587,108,32,76
110000589,151,26,125
110000640,91,10,81
110000652,4,97,-93
110000653,153,120,33
110000654,0,167,-167
110000656,0,78,-78
110000674,19,19,0
110000675,1,27,-26
110000676,0,13,-13
110000679,18,360,-342
110000682,67,85,-18
110000683,107,104,3
110000684,0,13,-13
110000685,0,18,-18
110000686,0,39,-39
110000687,5,1,4
110000688,27,862,-835
110000689,29,2,27
110000692,24,42,-18
110000693,2,75,-73
110000694,0,6,-6
110000695,8,153,-145
110000696,30,10,20
110000698,3,207,-204
110000699,28,131,-103
110900001,166,5,161
110900002,155,26,129
110900003,951,18,933
110900004,383,5,378
110900005,445,2223,-1778
110900006,23,28,-5
110900007,239,63,176
110900008,0,14,-14
110900009,158,351,-193
110900010,2,27,-25
110900011,4,7,-3
110900012,0,38,-38
110900013,644,13,631
110900014,333,1,332
110900015,104,253,-149
110900016,15,90,-75
110900017,440,6,434
110900018,258,30,228
110900019,429,0,429
110900020,164,31,133
110900021,71,43,28
110900022,40,47,-7
110900023,7,105,-98
110900024,42,19,23
110900025,5,1,4
110900027,12,11,1
110900028,0,26,-26
110900029,3,39,-36
110900030,3,19,-16
110900031,5,36,-31
110900032,0,8,-8
110900033,18,30,-12
110900035,13,208,-195
110900036,77,0,77
110900037,30,1,29
110900038,76,32,44
110900039,1,78,-77
110900040,76,1,75
110900041,1,11,-10
110900042,18,23,-5
110900043,0,5,-5
110900044,11,4,7
110900045,60,47,13
110900046,4,33,-29
110900047,36,188,-152
110900049,50,51,-1
110900050,13,0,13
110900052,0,22,-22
110900053,40,6,34
110900054,4,36,-32
110900055,0,1,-1
110900056,9,35,-26
110900057,5,42,-37
110900058,212,21,191
110900059,103,62,41
110900060,154,7,147
110900061,3,4,-1
110900062,55,29,26
110900063,0,18,-18
110900064,2,0,2
110900065,46,52,-6
110900066,9,19,-10
110900067,44,269,-225
110900068,66,21,45
110900069,1,1,0
110900070,95,17,78
110900071,19,588,-569
110900073,0,5,-5
110900074,621,24,597
110900075,380,12,368
110900077,809,58,751
110900078,75,10,65
110900079,331,252,79
110900080,143,15,128
110900081,5,1,4
110900082,177,14,163
110900083,63,19,44
110900084,90,2,88
110900085,25,53,-28
110900086,26,89,-63
110900087,234,5,229
110900088,4,0,4
110900090,3,37,-34
110900091,0,10,-10
110900093,80,21,59
110900095,9,0,9
110900097,12,4,8
110900098,3,12,-9
110900099,1,65,-64
110900100,0,9,-9
110900102,4,62,-58
110900105,196,44,152
110900108,2,6,-4
110900111,47,9,38
110900112,316,0,316
110900113,29,23,6
110900115,0,5,-5
110900116,726,182,544
110900118,28,2625,-2597
110900119,467,34,433
110900120,58,17,41
110900121,45,1,44
110900122,248,41,207
110900125,107,398,-291
110900127,71,274,-203
110900128,46,178,-132
110900129,41,294,-253
110900130,63,142,-79
110900131,93,3,90
110900132,310,1,309
110900133,37,32,5
110900135,18,21,-3
110900136,269,0,269
110900139,11,3,8
110900140,0,0,0
110900141,86,32,54
110900142,13,6,7
110900143,181,15,166
110900144,0,63,-63
110900145,84,73,11
110900146,83,169,-86
110900147,2,34,-32
110900148,0,14,-14
110900149,0,7,-7
110900150,7,11,-4
110900151,0,5,-5
110900152,22,29,-7
110900153,176,16,160
111000001,594,321,273
111000002,411,544,-133
111000003,1831,467,1364
111000004,288,490,-202
111000005,799,778,21
111000006,477,1154,-677
111000007,1738,1881,-143
111000008,1501,1714,-213
111000009,181,286,-105
111000010,756,165,591
111000011,58,407,-349
111000012,187,318,-131
111000013,167,578,-411
111000014,1176,238,938
111000017,12,358,-346
111000018,67,143,-76
111000020,102,311,-209
111000021,19,20,-1
111000023,28,19,9
111000025,760,1480,-720
111000029,35,20,15
111000030,5,11,-6
111000031,640,273,367
111000032,304,65,239
111000033,102,36,66
111000034,122,61,61
111000037,267,102,165
111000038,593,413,180
111000039,513,409,104
111000040,551,339,212
111000041,104,72,32
111000042,750,935,-185
111000043,882,2068,-1186
111000044,896,178,718
111000045,1739,600,1139
111000046,1098,508,590
111000047,1628,3601,-1973
111000049,53,79,-26
111000050,272,180,92
111000051,181,162,19
111000052,132,241,-109
111000053,46,113,-67
111000054,103,105,-2
111000055,284,226,58
111000056,50,116,-66
111000057,49,98,-49
111000058,466,41,425
111000059,377,80,297
111000060,2582,332,2250
111000061,462,51,411
111000062,770,191,579
111000063,676,474,202
111000064,1127,143,984
111000065,793,312,481
111000066,408,126,282
111000067,596,81,515
111000068,422,136,286
111000069,364,551,-187
111000070,339,138,201
111000071,24,34,-10
111000072,842,355,487
111000073,128,1030,-902
111000074,943,526,417
111000075,331,123,208
111000076,365,271,94
111000077,526,270,256
111000078,495,186,309
111000079,352,104,248
111000080,305,108,197
111000081,868,3057,-2189
111000082,650,102,548
111000084,379,289,90
111000085,370,456,-86
111000086,785,301,484
111000087,344,176,168
111000088,1819,1895,-76
111000089,374,273,101
111000090,197,376,-179
111000091,199,165,34
111000092,1011,244,767
111000093,487,282,205
111000094,715,398,317
111000095,416,1229,-813
111000096,293,3331,-3038
111000097,804,321,483
111000098,63,183,-120
111000099,161,354,-193
111000100,217,289,-72
111000101,154,153,1
111000102,32,68,-36
111000104,666,33,633
111000107,24,91,-67
111000109,654,46,608
111000110,723,236,487
111000111,2670,54,2616
111000112,1497,76,1421
111000113,490,1641,-1151
111000114,630,2623,-1993
111000115,1113,280,833
111000116,400,206,194
111000117,128,189,-61
111000118,317,208,109
111000119,1005,241,764
111000120,609,224,385
111000121,211,154,57
111000122,87,104,-17
111000123,342,451,-109
111000124,55,574,-519
111000125,63,151,-88
111000126,62,78,-16
111000127,628,7,621
111000128,1631,27,1604
111000129,2141,90,2051
111000130,1894,81,1813
111000131,2027,79,1948
111000132,1528,1059,469
111000133,67,19,48
111000134,50,21,29
111000135,54,102,-48
111000136,251,45,206
111000138,6,5,1
111000140,1,5,-4
111000141,22,116,-94
111000142,2,64,-62
111000143,8,58,-50
111000144,0,114,-114
111000145,60,3,57
111000146,82,0,82
111000147,32,3,29
111000148,61,32,29
111000149,0,28,-28
111000150,68,3,65
111000151,0,23,-23
111000153,83,70,13
111000154,105,48,57
111000155,84,43,41
111000156,260,124,136
111000157,71,194,-123
111000158,469,285,184
111000159,949,259,690
111000160,329,110,219
111000161,4,241,-237
111000162,1,28,-27
111000163,486,334,152
111000164,149,846,-697
111000165,250,79,171
111000166,65,38,27
111000167,59,72,-13
111000168,73,112,-39
111000169,125,71,54
111000170,106,59,47
111000171,94,75,19
111000172,76,248,-172
111000173,138,366,-228
111000174,264,70,194
111000175,26,116,-90
111000176,367,19,348
111000177,815,153,662
111000178,1684,153,1531
111000179,538,50,488
111000180,199,109,90
111000181,1304,43,1261
111000182,172,46,126
111000183,122,25,97
111000184,164,25,139
111000185,41,29,12
111000186,112,53,59
111000187,108,68,40
111000188,191,45,146
111000189,77,142,-65
111000190,59,70,-11
111000191,102,36,66
111000192,12,63,-51
111000193,119,24,95
111000194,54,21,33
111000195,15,42,-27
111000196,37,39,-2
111000197,402,17,385
111000198,294,18,276
111000199,346,80,266
111000200,344,159,185
111000201,539,49,490
111000202,392,18,374
111000203,357,78,279
111000204,190,1012,-822
111000213,129,120,9
111000214,555,260,295
111000215,669,318,351
111000217,797,112,685
111000218,1017,130,887
111000219,85,43,42
111000220,301,254,47
111000221,29,28,1
111000224,6,72,-66
111000225,346,269,77
111000226,5,1,4
111000227,1,0,1
111000228,2,537,-535
111000229,2,1283,-1281
111000230,53,56,-3
111000231,316,74,242
111000232,469,117,352
111000233,1031,147,884
111000234,92,205,-113
111000239,6,8,-2
111000240,40,166,-126
111000241,24,59,-35
111000242,140,20,120
111000243,59,64,-5
111000244,601,34,567
111000245,282,62,220
111000246,436,50,386
111000247,328,105,223
111000248,388,76,312
111000249,375,62,313
111000250,38,30,8
111000251,23,41,-18
111000253,26,13,13
111000255,50,10,40
111000257,14,9,5
111000260,13,311,-298
111000261,1113,39,1074
111000271,10,90,-80
111000273,1059,328,731
111000274,834,1115,-281
111000275,50,3,47
111000276,97,231,-134
111000277,258,81,177
111000278,168,36,132
111000291,1026,7216,-6190
111000298,247,26,221
111000299,261,36,225
111000300,29,70,-41
111000302,268,11,257
111000303,92,35,57
111000312,25,28,-3
111000315,18,158,-140
111000320,103,111,-8
111000321,306,44,262
111000322,250,86,164
111000323,258,36,222
111000324,150,62,88
111000325,4,10,-6
111000326,39,57,-18
111000327,137,99,38
111000328,259,240,19
111000329,0,27,-27
111000330,49,3,46
111000331,9,4,5
111000332,206,210,-4
111000334,68,160,-92
111000335,651,20,631
111000337,1154,36,1118
111000338,55,33,22
111000339,506,29,477
111000340,26,72,-46
111000341,1143,453,690
111000342,39,348,-309
111000344,658,159,499
111000345,39,64,-25
111000346,8,38,-30
111000347,94,0,94
111000350,79,72,7
111000351,47,146,-99
111000352,144,12,132
111000353,51,66,-15
111000354,197,8,189
111000355,146,72,74
111000358,60,142,-82
111000360,55,73,-18
111000361,125,32,93
111000546,404,83,321
111000547,233,94,139
111000548,82,20,62
111000549,76,20,56
111000550,14,425,-411
111000551,130,23,107
111000552,126,42,84
111000907,745,15,730
111000908,41,3,38
111000916,1567,22,1545
111000917,38,150,-112
111000918,52,83,-31
111000920,612,25,587
111000921,0,32,-32
111000922,525,24,501
111000924,8,102,-94
111000925,2824,1027,1797
111000926,578,431,147
111000927,1427,2107,-680
111000928,1331,406,925
111000929,1257,321,936
111000930,410,454,-44
111000931,960,615,345
111000932,896,482,414
111000933,1732,1343,389
111000934,246,394,-148
111000935,1425,453,972
111000936,196,326,-130
111000937,1025,552,473
111000938,364,241,123
111000939,458,2,456
111000940,843,23,820
111000941,234,66,168
111000943,856,37,819
111000944,73,41,32
111000945,65,87,-22
111001109,150,318,-168
111001110,33,56,-23
111001111,130,2,128
111001112,73,1,72
111001113,0,114,-114
111001114,117,61,56
111001115,8,177,-169
111001116,575,3994,-3419
111001117,115,1060,-945
111001120,87,41,46
111001121,23,40,-17
111001122,171,42,129
111001123,340,23,317
111001124,71,23,48
111001125,10,379,-369
111001126,3,0,3
111001127,0,13,-13
111001128,689,101,588
111001129,0,469,-469
111900001,0,4,-4
111900002,0,8,-8
111900003,0,14,-14
111900004,0,5,-5
111900006,9,67,-58
111900007,217,2,215
111900008,315,0,315
111900009,220,0,220
111900010,12,58,-46
111900012,23,25,-2
111900013,8,0,8
111900014,508,3624,-3116
111900015,0,19,-19
111900016,0,18,-18
111900017,0,26,-26
111900018,111,0,111
111900019,0,49,-49
111900020,1,32,-31
111900021,14,5,9
111900022,8,1,7
111900023,92,2,90
111900024,297,9,288
111900025,0,19,-19
111900026,0,10,-10
111900027,1,3,-2
111900028,6,18,-12
111900029,0,0,0
111900030,1,149,-148
111900032,0,32,-32
111900033,1,0,1
111900034,12,90,-78
111900035,18,18,0
111900036,0,20,-20
111900038,19,76,-57
111900039,5,57,-52
111900040,0,48,-48
111900042,0,18,-18
111900043,0,32,-32
111900044,14,45,-31
111900046,0,8,-8
111900048,265,58,207
111900049,0,19,-19
111900050,93,1,92
111900051,0,24,-24
111900052,19,61,-42
111900053,230,1571,-1341
111900054,280,0,280
111900055,2,39,-37
111900056,47,170,-123
111900057,114,7,107
111900058,399,64,335
111900059,431,434,-3
111900060,157,1,156
111900061,6,40,-34
111900062,24,14,10
111900063,124,7,117
111900064,7,54,-47
111900065,150,1,149
111900066,79,39,40
111900067,2,42,-40
111900068,20,31,-11
111900069,35,2,33
111900070,181,6,175
111900071,0,24,-24
111900072,32,23,9
111900073,706,55,651
111900074,4,9,-5
111900075,39,2,37
111900076,218,26,192
111900077,42,0,42
111900078,252,8,244
111900079,13,55,-42
111900080,39,29,10
111900082,120,55,65
111900083,172,20,152
111900084,80,5,75
111900085,19,24,-5
111900086,58,3,55
111900087,82,0,82
111900088,473,2,471
111900089,12,1,11
111900090,7,48,-41
111900091,539,0,539
111900092,193,0,193
111900093,539,1,538
111900094,22,0,22
111900095,346,3,343
111900096,247,0,247
111900097,83,0,83
111900098,219,5,214
111900099,8,0,8
111900100,39,0,39
111900101,166,6,160
111900102,523,64,459
111900103,37,6,31
111900104,42,14,28
111900105,93,140,-47
111900106,31,3,28
111900110,239,71,168
111900111,75,1,74
111900112,72,2549,-2477
111900113,84,28,56
111900118,298,16,282
111900119,81,22,59
111900122,14,16,-2
111900123,1,14,-13
111900124,4,12,-8
111900125,296,49,247
111900126,211,0,211
111900127,0,64,-64
111900128,0,47,-47
111900129,200,15,185
111900130,33,17,16
111900131,360,5,355
111900132,2,133,-131
111900133,6,56,-50
111900134,0,35,-35
111900135,0,1,-1
111900136,11,54,-43
111900137,11,8,3
111900138,6,22,-16
111900139,6,12,-6
111900140,130,3,127
111900141,29,0,29
111900142,33,0,33
111900143,90,5,85
111900144,1,10,-9
111900145,0,25,-25
111900146,0,14,-14
111900147,12,61,-49
111900148,2,89,-87
111900149,2,35,-33
111900150,5,9,-4
111900151,0,6,-6
111900152,23,18,5
111900153,194,565,-371
111900154,15,456,-441
111900155,43,83,-40
111900156,50,45,5
111900157,165,8,157
111900158,442,50,392
111900159,290,59,231
111900160,263,7,256
111900161,284,0,284
111900162,32,170,-138
111900163,0,39,-39
111900164,65,24,41
111901113,503,6,497
111901114,79,50,29
111901115,137,4,133
111901116,20,1,19
111901117,6,23,-17
111901118,2,212,-210
111901119,92,1,91
111901121,2,20,-18
111901122,4,37,-33
111901123,395,18,377
111901124,260,2,258
111901125,562,75,487
111901127,72,638,-566
111901128,0,10,-10
111901129,0,8,-8
111901130,0,6,-6
111901131,0,232,-232
111901132,125,50,75
111901133,79,0,79
111901134,134,1,133
111901135,18,1,17
111901138,0,11,-11
111901139,2,9,-7
111901140,0,9,-9
111901141,1,9,-8
111901142,0,39,-39
111901143,0,51,-51
111901144,44,5,39
111901145,46,172,-126
111901146,1,3,-2
111901147,31,17,14
111901148,0,37,-37
111901149,8,0,8
111901150,23,0,23
111901151,14,0,14
111901152,0,31,-31
112000001,1943,519,1424
112000002,473,1319,-846
112000003,2177,343,1834
112000004,392,202,190
112000005,2384,2259,125
112000006,292,126,166
112000007,2886,2130,756
112000008,1551,2029,-478
112000009,1121,597,524
112000010,1403,2093,-690
112000011,549,389,160
112000012,1532,2429,-897
112000013,824,776,48
112000014,550,1834,-1284
112000015,828,1330,-502
112000016,870,2046,-1176
112000017,229,1505,-1276
112000024,141,136,5
112000026,830,899,-69
112000027,361,215,146
112000028,300,329,-29
112000029,107,343,-236
112000030,86,6,80
112000031,378,1503,-1125
112000032,87,9,78
112000033,538,1490,-952
112000034,122,15,107
112000035,18,308,-290
112000036,110,621,-511
112000037,227,425,-198
112000038,282,504,-222
112000039,28,25,3
112000040,22,68,-46
112000041,55,194,-139
112000042,179,31,148
112000050,638,328,310
112000051,540,786,-246
112000054,494,326,168
112000057,193,38,155
112000058,97,138,-41
112000059,228,150,78
112000061,565,257,308
112000062,68,401,-333
112000063,149,736,-587
112000064,907,786,121
112000065,352,395,-43
112000066,971,639,332
112000067,134,224,-90
112000068,1224,793,431
112000069,194,810,-616
112000070,360,395,-35
112000071,271,409,-138
112000072,1227,284,943
112000073,259,420,-161
112000074,340,261,79
112000075,818,468,350
112000076,997,604,393
112000077,604,206,398
112000078,1053,241,812
112000079,748,454,294
112000080,421,308,113
112000081,276,410,-134
112000082,517,191,326
112000083,247,351,-104
112000084,661,258,403
112000085,937,191,746
112000086,1228,366,862
112000087,670,80,590
112000088,331,157,174
112000089,114,84,30
112000090,37,86,-49
112000091,233,170,63
112000092,1533,196,1337
112000093,547,265,282
112000094,537,246,291
112000095,571,116,455
112000096,482,153,329
112000097,1882,326,1556
112000098,88,129,-41
112000099,492,1240,-748
112000100,1575,172,1403
112000101,245,108,137
112000102,1355,225,1130
112000103,218,138,80
112000105,170,154,16
112000106,2048,103,1945
112000107,156,37,119
112000108,582,232,350
112000109,250,48,202
112000110,1509,235,1274
112000111,173,594,-421
112000112,925,159,766
112000113,382,198,184
112000114,1222,183,1039
112000115,193,45,148
112000116,379,92,287
112000117,429,153,276
112000118,163,180,-17
112000119,114,121,-7
112000120,25,28,-3
112000121,15,66,-51
112000122,300,42,258
112000123,458,24,434
112000124,301,8,293
112000125,187,66,121
112000126,398,116,282
112000127,610,1001,-391
112000128,145,199,-54
112000129,80,22,58
112000130,161,24,137
112000131,26,20,6
112000132,78,13,65
112000133,334,7,327
112000134,186,61,125
112000135,630,80,550
112000136,437,447,-10
112000137,623,782,-159
112000138,564,388,176
112000139,196,210,-14
112000140,58,238,-180
112000141,461,78,383
112000142,44,132,-88
112000143,773,28,745
112000144,57,241,-184
112000145,1814,149,1665
112000146,279,345,-66
112000147,2089,570,1519
112000148,328,317,11
112000149,274,110,164
112000150,213,107,106
112000151,140,95,45
112000152,445,58,387
112000153,51,73,-22
112000154,124,152,-28
112000155,26,20,6
112000157,124,257,-133
112000158,151,39,112
112000159,621,54,567
112000167,112,49,63
112000169,94,462,-368
112000173,556,71,485
112000175,210,79,131
112000176,340,268,72
112000177,707,172,535
112000178,30,44,-14
112000179,202,5,197
112000180,248,36,212
112000181,401,225,176
112000182,1303,203,1100
112000183,2,8,-6
112000184,365,121,244
112000185,536,80,456
112000187,1475,876,599
112000195,31,1,30
112000196,26,0,26
112000197,2,47,-45
112000198,8,42,-34
112000199,130,163,-33
112000202,342,0,342
112000216,11,35,-24
112000230,92,1,91
112000231,0,15,-15
112000256,66,93,-27
112000313,5,12,-7
112000314,4,11,-7
112000337,42,349,-307
112000352,32,73,-41
112000392,652,160,492
112000398,971,193,778
112000399,373,2001,-1628
112000400,252,327,-75
112000401,441,405,36
112000402,1933,2033,-100
112000403,506,2629,-2123
112000404,597,440,157
112000405,1704,1624,80
112000406,780,648,132
112000407,4580,4172,408
112000408,1696,868,828
112000409,507,656,-149
112000410,13,207,-194
112000411,709,689,20
112000412,148,35,113
112000413,773,3651,-2878
112000414,161,30,131
112000415,68,0,68
112000416,1946,321,1625
112000417,185,60,125
112000421,88,3,85
112000422,65,91,-26
112000424,298,1263,-965
112000425,109,89,20
112000426,96,228,-132
112000427,0,24,-24
112000428,175,43,132
112000429,754,543,211
112000430,787,924,-137
112000431,31,57,-26
112000432,123,108,15
112000433,169,130,39
112000437,40,32,8
112900001,55,1,54
112900002,315,71,244
112900003,29,19,10
112900004,50,30,20
112900005,141,3,138
112900007,10,11,-1
112900008,0,11,-11
112900009,139,111,28
112900010,238,88,150
112900011,3,14,-11
112900012,0,0,0
112900013,0,20,-20
112900014,2,10,-8
112900015,1,115,-114
112900016,0,7,-7
112900017,2,11,-9
112900018,285,81,204
112900019,6,54,-48
112900020,40,114,-74
112900021,8,38,-30
112900022,1,5,-4
112900023,0,19,-19
112900024,9,13,-4
112900025,9,49,-40
112900026,0,9,-9
112900027,1,84,-83
112900028,2,8,-6
112900029,18,12,6
112900030,22,16,6
112900031,1,23,-22
112900032,24,40,-16
112900034,0,5,-5
112900035,0,19,-19
112900036,1,30,-29
112900037,19,155,-136
112900038,503,27,476
112900039,3,22,-19
112900040,0,124,-124
112900041,44,313,-269
112900042,87,12,75
112900043,18,21,-3
112900044,31,116,-85
112900045,45,20,25
112900046,23,9,14
112900047,5,15,-10
112900049,169,2,167
112900050,8,160,-152
112900051,19,65,-46
112900052,2,103,-101
112900053,14,90,-76
112900054,30,18,12
112900055,10,4,6
112900056,80,66,14
112900057,2,56,-54
112900058,159,114,45
112900059,23,18,5
112900060,4,5,-1
112900061,23,9,14
112900062,8,19,-11
112900063,10,17,-7
112900064,0,17,-17
112900065,2,0,2
112900066,138,157,-19
112900067,105,9,96
112900068,29,42,-13
112900069,260,401,-141
112900071,1,4,-3
112900072,12,1501,-1489
112900073,206,89,117
112900074,36,153,-117
112900075,195,575,-380
112900076,1,26,-25
112900078,119,373,-254
112900079,146,4,142
112900080,22,3,19
112900081,31,193,-162
112900082,318,7,311
112900083,87,41,46
112900084,60,82,-22
112900086,42,0,42
112900087,559,36,523
112900088,50,11,39
112900089,406,5,401
112900090,35,27,8
112900091,186,4,182
112900092,17,276,-259
112900093,534,9,525
112900095,64,0,64
112900096,311,75,236
112900097,19,42,-23
112900098,37,1,36
112900099,791,0,791
112900100,132,0,132
112900101,253,0,253
112900102,27,6,21
112900103,116,6,110
112900104,951,0,951
112900105,14,0,14
112900106,159,33,126
112900107,7,0,7
112900108,0,0,0
112900109,61,0,61
112900110,1118,2,1116
112900111,472,0,472
112900112,287,4,283
112900113,0,0,0
112900114,286,15,271
112900115,1465,0,1465
112900116,71,0,71
112900117,5,1,4
112900118,0,2,-2
112900119,68,0,68
112900120,58,50,8
112900121,7,5,2
112900122,2,0,2
112900123,80,12,68
112900124,2,11,-9
112900125,0,23,-23
112900126,9,19,-10
112900127,152,8,144
112900128,14,35,-21
112900129,0,58,-58
112900130,20,14,6
112900131,0,27,-27
112900132,2,48,-46
112900133,1,108,-107
112900134,0,31,-31
112900135,35,8,27
112900137,71,135,-64
112900138,0,12,-12
112900139,5,188,-183
112900141,455,1,454
112900142,6,69,-63
112900143,1,300,-299
112900144,0,33,-33
112900145,0,42,-42
112900146,1,36,-35
112900147,1,161,-160
112900148,4,0,4
112900149,21,63,-42
112900151,0,3,-3
112900152,606,66,540
112900153,53,824,-771
112900154,0,10,-10
112900155,57,5,52
112900156,391,151,240
112900157,161,2,159
112900158,27,0,27
112900159,39,53,-14
112900160,16,10,6
112900161,16,13,3
112900162,1,4,-3
112900163,10,26,-16
112900164,3,87,-84
112900165,6,6,0
112900166,3,40,-37
112900167,3,38,-35
112900168,1,3,-2
112900169,4,10,-6
112900170,105,7,98
112900172,22,19,3
112900173,70,7,63
112900174,117,17,100
112900175,31,49,-18
112900176,2,14,-12
112900177,231,19,212
112900178,110,1771,-1661
112900179,15,52,-37
112900180,758,286,472
112900181,603,0,603
112900182,22,97,-75
112900183,28,50,-22
112900184,82,63,19
112900185,3,70,-67
112900186,266,164,102
112900187,6,165,-159
112900188,241,562,-321
112900189,0,0,0
112900190,0,0,0
112900192,180,89,91
112900193,217,41,176
112900194,38,0,38
112900195,220,8,212
112900196,121,46,75
112900197,4,119,-115
112900199,189,14,175
112900200,155,1,154
112900201,87,9,78
112900202,227,70,157
112900203,148,11,137
112900204,29,46,-17
112900205,3,1,2
112900206,4,2,2
112900207,55,0,55
112900208,34,41,-7
112900209,16,74,-58
112900210,3,0,3
112900211,4,0,4
112900212,1,0,1
112900213,33,2,31
112900214,0,8,-8
112900215,7,4,3
112900216,2,4,-2
112900217,0,0,0
112900218,49,0,49
112900219,41,0,41
112900220,2,0,2
112900221,3,3,0
112900222,0,1,-1
112900223,297,9,288
112900224,529,15,514
112900225,234,31,203
112900226,9,31,-22
112900227,227,45,182
112900228,44,18,26
112900229,243,21,222
112900230,2300,801,1499
112900232,92,206,-114
112900233,5,25,-20
112900234,56,0,56
112900235,14,0,14
112900236,401,0,401
112900237,257,56,201
112900238,3,0,3
112900239,71,440,-369
112900240,0,1,-1
112900241,1,18,-17
112900242,0,3,-3
112900243,1,13,-12
112900244,1,4,-3
112900245,0,7,-7
112900246,0,7,-7
112900247,64,1,63
112900248,1,0,1
112900249,12,3,9
112900250,131,7,124
112900251,92,0,92
112900252,119,2,117
112900253,33,1,32
112900254,24,2,22
112900255,5,28,-23
112900256,38,21,17
112900257,0,10,-10
112900258,23,2,21
113000001,1618,1387,231
113000002,1482,1258,224
113000003,476,461,15
113000004,550,742,-192
113000005,459,274,185
113000006,336,452,-116
113000007,737,319,418
113000008,752,291,461
113000009,453,196,257
113000010,856,353,503
113000011,218,381,-163
113000012,424,198,226
113000013,138,222,-84
113000014,179,330,-151
113000015,38,104,-66
113000016,30,148,-118
113000017,26,85,-59
113000018,196,17,179
113000019,29,40,-11
113000020,63,13,50
113000021,770,122,648
113000022,400,599,-199
113000025,34,107,-73
113000026,308,230,78
113000027,279,234,45
113000028,84,104,-20
113000029,189,286,-97
113000030,117,67,50
113000031,62,72,-10
113000032,69,65,4
113000033,119,66,53
113000034,23,27,-4
113000035,2,0,2
113000036,14,17,-3
113000037,11,8,3
113000038,2,8,-6
113000039,26,82,-56
113000040,25,4,21
113000042,153,116,37
113000051,308,987,-679
113000052,559,113,446
113000053,173,78,95
113000054,146,330,-184
113000055,754,68,686
113000056,876,184,692
113000058,100,229,-129
113000059,589,84,505
113000060,157,177,-20
113000061,189,276,-87
113000062,47,104,-57
113000063,170,8,162
113000064,118,71,47
113000065,108,137,-29
113000066,562,37,525
113000067,1299,114,1185
113000068,189,159,30
113000069,176,119,57
113000070,1399,156,1243
113000071,165,108,57
113000072,360,86,274
113000073,62,234,-172
113000074,359,156,203
113000075,744,214,530
113000076,88,649,-561
113000077,238,269,-31
113000078,218,358,-140
113000079,86,195,-109
113000080,157,147,10
113000081,299,222,77
113000082,221,88,133
113000083,275,205,70
113000084,458,158,300
113000085,545,147,398
113000086,270,206,64
113000087,461,459,2
113000088,213,245,-32
113000089,384,568,-184
113000090,39,233,-194
113000091,28,34,-6
113000094,616,85,531
113000095,133,79,54
113000096,22,106,-84
113000097,363,104,259
113000098,33,32,1
113000099,339,135,204
113000100,60,56,4
113000101,45,79,-34
113000102,224,113,111
113000103,1234,146,1088
113000104,295,967,-672
113000105,353,116,237
113000106,189,56,133
113000107,498,384,114
113000108,366,335,31
113000109,196,430,-234
113000110,1127,252,875
113000111,68,150,-82
113000112,328,95,233
113000113,520,181,339
113000114,42,273,-231
113000116,101,67,34
113000117,160,46,114
113000118,16,211,-195
113000119,162,168,-6
113000120,19,217,-198
113000121,145,242,-97
113000124,175,27,148
113000125,7,545,-538
113000127,379,34,345
113000128,533,58,475
113000129,192,200,-8
113000133,470,45,425
113000134,1,527,-526
113000135,1655,1783,-128
113000137,270,1157,-887
113000139,45,25,20
113000140,20,8,12
113000141,5,19,-14
113000142,79,58,21
113000143,124,19,105
113000144,57,93,-36
113000145,40,32,8
113000146,7,2,5
113000147,29,2,27
113000148,86,31,55
113000149,55,42,13
113000150,85,45,40
113000151,5,1,4
113000152,16,69,-53
113000153,229,51,178
113000154,65,600,-535
113000155,106,259,-153
113000156,35,29,6
113000157,121,48,73
113000158,91,34,57
113000159,275,25,250
113000160,153,56,97
113000161,103,40,63
113000162,174,14,160
113000163,44,4,40
113000164,3,0,3
113000166,158,10,148
113000167,29,12,17
113000168,56,26,30
113000169,136,6,130
113000170,94,25,69
113000171,31,60,-29
113000172,118,13,105
113000173,33,8,25
113000174,33,14,19
113000175,245,10,235
113000176,383,31,352
113000177,80,44,36
113000178,22,53,-31
113000179,201,22,179
113000180,314,848,-534
113000181,1026,574,452
113000182,35,150,-115
113000183,234,222,12
113000184,26,2,24
113000189,46,167,-121
113000190,47,56,-9
113000192,314,1178,-864
113000193,683,767,-84
113000194,292,1268,-976
113000195,698,534,164
113000196,218,80,138
113000197,586,1122,-536
113000198,58,89,-31
113000199,660,109,551
113000201,125,180,-55
113000202,1843,383,1460
113000203,22,43,-21
113000204,191,1268,-1077
113000205,2,1,1
113000206,6,28,-22
113000207,22,0,22
113000208,4,3,1
113000209,3,0,3
113000210,2,16,-14
113000211,16,28,-12
113000212,2,3,-1
113000213,5,39,-34
113000214,59,46,13
113000234,94,68,26
113000410,12,58,-46
113000411,403,724,-321
113000412,1486,484,1002
113000413,319,670,-351
113000414,885,4497,-3612
113000415,530,418,112
113000416,604,475,129
113000417,168,300,-132
113000418,1675,1289,386
113000419,361,466,-105
113000420,927,1631,-704
113000421,1616,2703,-1087
113000422,2858,3026,-168
113000423,230,1280,-1050
113000424,396,2850,-2454
113000425,2,45,-43
113000428,0,0,0
113000430,1,36,-35
113000432,1518,136,1382
113000433,88,193,-105
113000434,12,14,-2
113000435,29,66,-37
113000436,1,207,-206
113000437,587,25,562
113000438,100,8,92
113000439,25,13,12
113000440,86,6,80
113000441,72,104,-32
113000442,87,2,85
113000443,324,27,297
113000444,94,3,91
113000445,71,17,54
113000446,3,16,-13
113000448,56,70,-14
113000449,124,630,-506
113000450,133,1679,-1546
113000451,757,148,609
113000452,22,285,-263
113000453,18,198,-180
113000454,33,110,-77
113000455,0,159,-159
113000456,203,497,-294
113000468,237,9,228
113000469,10,45,-35
113000470,117,2,115
113000471,4,134,-130
113000472,23,49,-26
113000474,794,244,550
113000475,515,790,-275
113000476,876,828,48
113000477,2325,602,1723
113000478,1057,1275,-218
113000479,24,82,-58
113000485,0,0,0
113000486,0,0,0
113000487,0,0,0
113000489,0,0,0
113000490,0,0,0
113000491,0,0,0
113000492,0,0,0
113000493,0,0,0
113000495,57,18,39
113000496,28,65,-37
113900001,0,169,-169
113900002,0,27,-27
113900003,0,12,-12
113900004,0,50,-50
113900005,0,87,-87
113900006,1,112,-111
113900007,0,0,0
113900008,0,0,0
113900009,0,0,0
113900010,0,0,0
113900011,0,0,0
113900012,57,0,57
113900013,3,0,3
113900014,217,0,217
113900015,0,3,-3
113900016,1,0,1
113900017,0,22,-22
113900018,8,128,-120
113900019,76,3,73
113900020,118,0,118
113900022,12,2,10
113900023,0,0,0
113900024,15,1,14
113900025,85,11,74
113900026,20,0,20
113900027,10,13,-3
113900028,13,106,-93
113900029,41,25,16
113900030,331,1,330
113900031,31,6,25
113900032,0,0,0
113900033,8,7,1
113900035,37,0,37
113900036,7,4,3
113900037,96,130,-34
113900038,6,75,-69
113900039,136,7,129
113900040,3,8,-5
113900041,1,0,1
113900042,10,6,4
113900043,31,11,20
113900044,4,76,-72
113900045,2,0,2
113900046,14,141,-127
113900047,87,0,87
113900048,14,34,-20
113900049,59,183,-124
113900050,73,40,33
113900051,36,5,31
113900052,10,16,-6
113900053,123,375,-252
113900054,9,0,9
113900055,14,35,-21
113900056,39,3,36
113900057,0,2,-2
113900058,15,5,10
113900059,61,4,57
113900060,46,10,36
113900061,71,33,38
113900062,50,0,50
113900063,0,3,-3
113900064,0,16,-16
113900065,294,3,291
113900066,206,6,200
113900067,73,8,65
113900068,142,321,-179
113900069,4,0,4
113900070,37,63,-26
113900071,50,2,48
113900072,1,2,-1
113900073,178,109,69
113900074,82,16,66
113900075,170,798,-628
113900076,32,0,32
113900077,7,39,-32
113900078,20,9,11
113900079,0,9,-9
113900080,74,41,33
113900081,5,0,5
113900082,15,34,-19
113900083,210,32,178
113900084,52,23,29
113900085,6,46,-40
113900086,49,1,48
113900087,40,41,-1
113900088,56,138,-82
113900089,133,3,130
113900090,140,46,94
113900091,0,0,0
113900092,1,1,0
113900093,0,265,-265
113900094,199,81,118
113900095,24,9,15
113900096,55,8,47
113900097,12,6,6
113900098,211,40,171
113900099,0,0,0
113900100,0,0,0
113900101,5,7,-2
113900102,3,14,-11
113900103,42,69,-27
113900104,15,54,-39
113900105,106,2,104
113900106,0,1,-1
113900107,3,0,3
113900108,6,25,-19
113900109,18,17,1
113900110,2,3,-1
113900111,50,10,40
113900112,55,2,53
113900113,312,80,232
113900114,1,1,0
113900115,0,0,0
113900116,0,16,-16
113900117,21,4,17
113900118,39,297,-258
113900119,44,105,-61
113900120,41,1,40
113900121,30,21,9
113900122,60,1625,-1565
113900123,69,22,47
113900124,1,0,1
113900125,135,12,123
113900126,1,26,-25
113900127,18,148,-130
113900128,86,33,53
113900129,1,22,-21
113900130,0,0,0
113900131,58,5,53
113900132,19,14,5
113900133,4,18,-14
113900135,83,34,49
113900136,10,0,10
113900137,91,77,14
113900138,0,18,-18
113900139,42,55,-13
113900140,18,70,-52
113900141,264,50,214
113900142,23,1,22
113900143,1,25,-24
113900144,30,38,-8
113900145,31,7,24
113900146,61,2,59
113900148,20,33,-13
113900149,34,41,-7
113900150,51,26,25
113900151,210,33,177
113900152,2,7,-5
113900153,6,56,-50
113900154,1,17,-16
113900155,1,12,-11
113900156,14,33,-19
113900157,3,133,-130
113900158,5,14,-9
113900159,2,41,-39
113900160,51,37,14
113900161,15,63,-48
113900162,25,55,-30
113900163,148,31,117
113900164,142,4,138
113900165,71,42,29
113900166,1,9,-8
113900167,278,23,255
113900168,3,1,2
113900169,5,42,-37
113900171,93,12,81
113900172,0,5,-5
113900173,3,52,-49
113900174,16,61,-45
113900175,29,45,-16
113900176,22,31,-9
113900177,27,25,2
113900178,62,21,41
113900179,3,136,-133
113900180,14,4,10
113900181,421,16,405
113900182,82,36,46
113900183,3,6,-3
113900184,1,45,-44
113900185,33,6,27
113900186,0,0,0
113900187,2,20,-18
113900188,8,7,1
113900189,116,30,86
113900190,74,12,62
113900191,15,3,12
113900192,422,884,-462
113900193,1,18,-17
113900194,317,65,252
113900195,28,28,0
113900196,0,16,-16
113900197,0,17,-17
113900198,0,55,-55
113900199,8,25,-17
113900200,0,12,-12
113900201,1,38,-37
113900202,0,23,-23
113900203,17,24,-7
113900204,1,45,-44
113900205,1,1,0
113900206,0,7,-7
113900207,0,4,-4
113900208,1,0,1
113900209,0,2,-2
113900210,69,58,11
113900211,27,1,26
113900212,183,105,78
113900214,11,46,-35
113900215,118,2,116
113900216,74,14,60
113900217,35,28,7
113900218,24,38,-14
113900219,15,40,-25
113900220,6,59,-53
113900221,13,96,-83
113900222,89,169,-80
113900223,76,65,11
113900224,14,2,12
113900225,68,10,58
113900226,46,32,14
113900227,50,15,35
113900228,4,102,-98
113900229,3,288,-285
113900230,205,517,-312
113900231,3,10,-7
113900232,6,0,6
113900233,11,36,-25
113900234,72,142,-70
113900235,60,13,47
113900236,231,35,196
113900237,27,1,26
113900238,13,134,-121
113900239,12,11,1
113900240,0,23,-23
113900241,0,4,-4
113900242,0,26,-26
113900243,3,46,-43
113900244,36,13,23
113900245,72,60,12
113900246,0,30,-30
113900247,9,164,-155
113900248,273,459,-186
113900249,44,187,-143
113900250,0,30,-30
113900251,509,8,501
113900252,373,4,369
113900253,149,4,145
113900254,208,15,193
113900255,463,18,445
113900256,236,21,215
113900257,6,97,-91
113900258,1,75,-74
113900259,297,16,281
113900260,127,1,126
113900261,20,8,12
113900262,138,78,60
113900263,0,20,-20
113900264,0,27,-27
113900265,24,53,-29
113900266,12,34,-22
113900267,2,148,-146
113900268,22,17,5
113900269,18,13,5
113900270,54,40,14
113900271,70,67,3
113900273,1,2,-1
113900274,9,5,4
113900275,0,13,-13
113900276,1,24,-23
113900277,109,12,97
113900278,3,15,-12
113900279,2,5,-3
113900280,113,57,56
113900281,33,273,-240
113900282,39,32,7
113900283,61,112,-51
113900284,549,29,520
113900285,31,9,22
113900286,45,5,40
113900287,33,2,31
113900288,0,36,-36
113900289,83,43,40
113900290,17,124,-107
113900291,6,27,-21
113900292,0,0,0
113900293,0,47,-47
113900294,307,18,289
113900295,35,53,-18
113900296,268,99,169
113900297,791,4,787
113900298,1,120,-119
113900299,13,0,13
113900300,526,741,-215
113900301,31,264,-233
113900302,546,174,372
113900303,29,288,-259
113900304,0,20,-20
113900305,99,0,99
113900306,75,0,75
113900307,0,0,0
113900308,2,4,-2
113900309,1,119,-118
113900310,0,4,-4
113900311,0,0,0
113900312,10,32,-22
113900313,0,0,0
113900314,5,4,1
113900315,217,0,217
114000001,296,530,-234
114000002,153,63,90
114000003,175,86,89
114000004,369,37,332
114000005,219,71,148
114000006,310,229,81
114000007,356,428,-72
114000008,606,572,34
114000009,869,89,780
114000011,1337,575,762
114000012,2563,336,2227
114000013,1128,302,826
114000014,250,43,207
114000015,1106,72,1034
114000016,200,30,170
114000017,63,492,-429
114000018,12,2,10
114000026,1949,322,1627
114000027,2361,854,1507
114000028,693,1406,-713
114000038,247,60,187
114000039,126,13,113
114000040,76,214,-138
114000042,39,93,-54
114000043,92,79,13
114000044,241,21,220
114000045,2,6,-4
114000046,430,844,-414
114000047,1,20,-19
114000048,93,48,45
114000049,794,526,268
114000050,824,372,452
114000051,1411,977,434
114000052,1296,1345,-49
114000053,9,320,-311
114000054,31,171,-140
114000055,135,7,128
114000056,45,157,-112
114000057,1011,624,387
114000058,8,223,-215
114000059,10,255,-245
114000060,77,172,-95
114000061,687,748,-61
114000062,69,380,-311
114000063,353,279,74
114000064,515,1384,-869
114000065,288,441,-153
114000066,344,306,38
114000067,5,565,-560
114000068,80,172,-92
114000069,430,122,308
114000070,667,665,2
114000071,389,90,299
114000072,506,52,454
114000073,19,23,-4
114000074,43,16,27
114000075,91,0,91
114000076,23,18,5
114000077,2,5,-3
114000078,186,41,145
114000079,166,0,166
114000080,11,28,-17
114000081,37,16,21
114000082,11,81,-70
114000083,16,6,10
114000084,116,58,58
114000085,24,38,-14
114000086,97,9,88
114000087,127,11,116
114000088,59,10,49
114000089,216,86,130
114000090,371,256,115
114000091,426,308,118
114000092,170,140,30
114000093,575,95,480
114000094,298,127,171
114000095,172,161,11
114000096,35,108,-73
114000097,44,171,-127
114000098,512,52,460
114000099,456,121,335
114000100,1371,138,1233
114000101,173,176,-3
114000102,668,139,529
114000103,95,116,-21
114000104,0,37,-37
114000105,188,69,119
114000106,234,1078,-844
114000107,306,53,253
114000108,280,239,41
114000109,399,1634,-1235
114000110,271,230,41
114000111,1259,724,535
114000112,98,402,-304
114000113,1721,170,1551
114000114,149,252,-103
114000115,1723,282,1441
114000116,670,2532,-1862
114000117,2500,205,2295
114000118,2196,125,2071
114000119,1969,227,1742
114000120,499,362,137
114000121,151,182,-31
114000122,179,100,79
114000123,1473,120,1353
114000124,792,83,709
114000125,452,453,-1
114000126,774,86,688
114000127,30,49,-19
114000128,510,87,423
114000130,187,334,-147
114000131,276,15,261
114000132,359,84,275
114000133,187,132,55
114000134,22,1,21
114000138,0,0,0
114000139,165,49,116
114000144,350,156,194
114000145,2,11,-9
114000146,64,15,49
114000147,377,1250,-873
114000148,284,583,-299
114000149,97,96,1
114000150,60,105,-45
114000151,191,2340,-2149
114000152,19,6,13
114000153,274,460,-186
114000154,117,172,-55
114000155,383,1623,-1240
114000156,307,194,113
114000157,137,505,-368
114000158,111,160,-49
114000159,62,77,-15
114000160,15,53,-38
114000161,321,615,-294
114000162,601,771,-170
114000163,9,5,4
114000165,144,103,41
114000166,104,155,-51
114000167,823,426,397
114000168,223,91,132
114000169,292,427,-135
114000170,437,366,71
114000171,611,5523,-4912
114000174,60,89,-29
114000176,123,97,26
114000177,197,142,55
114000178,32,22,10
114000179,408,338,70
114000180,145,122,23
114000181,608,2324,-1716
114000182,253,691,-438
114000183,271,183,88
114000184,797,111,686
114000185,551,325,226
114000189,939,71,868
114000190,2130,293,1837
114000191,62,270,-208
114000192,57,252,-195
114000193,131,391,-260
114000194,815,406,409
114000195,198,102,96
114000196,1,68,-67
114000197,1538,6,1532
114000198,216,71,145
114000199,313,670,-357
114000200,281,383,-102
114000201,97,300,-203
114000202,447,322,125
114000203,656,466,190
114000204,18,103,-85
114000205,125,407,-282
114000206,245,354,-109
114000207,160,294,-134
114000208,184,237,-53
114000209,205,320,-115
114000210,77,268,-191
114000211,1176,453,723
114000212,725,522,203
114000213,1513,174,1339
114000214,58,13,45
114000215,23,6,17
114000216,915,251,664
114000217,291,93,198
114000218,215,61,154
114000219,899,36,863
114000220,30,133,-103
114000221,994,79,915
114000222,84,127,-43
114000223,435,55,380
114000224,30,99,-69
114000225,165,99,66
114000226,211,45,166
114000227,793,228,565
114000228,823,237,586
114000229,1154,542,612
114000230,1004,312,692
114000231,598,602,-4
114000232,773,77,696
114000233,1371,17,1354
114000234,886,353,533
114000235,990,473,517
114000236,0,63,-63
114000237,54,198,-144
114000238,103,219,-116
114000239,73,202,-129
114000240,635,520,115
114000241,222,316,-94
114000242,553,208,345
114000243,1272,685,587
114000244,277,158,119
114000245,261,487,-226
114000246,49,13,36
114000247,308,298,10
114000248,986,321,665
114000249,659,155,504
114000250,522,112,410
114000251,139,42,97
114000252,23,15,8
114000253,28,11,17
114000254,40,0,40
114000255,133,81,52
114000256,59,289,-230
114000257,223,342,-119
114000258,280,50,230
114000259,45,99,-54
114000260,0,12,-12
114000261,49,13,36
114000262,152,44,108
114000263,17,2,15
114000264,842,51,791
114000265,0,0,0
114000267,0,1087,-1087
114000268,1,339,-338
114000270,154,27,127
114000271,142,166,-24
114000283,1044,56,988
114000285,2,47,-45
114000288,86,60,26
114000289,1627,49,1578
114000293,176,80,96
114000294,105,152,-47
114000395,758,22,736
114000396,244,160,84
114000402,531,96,435
114000403,338,69,269
114000405,142,92,50
114000423,320,87,233
114000424,351,62,289
114000425,764,61,703
114000426,242,451,-209
114000427,32,1,31
114000428,67,19,48
114000429,9,40,-31
114000432,41,20,21
114000434,5,2,3
114000435,2,29,-27
114900001,431,93,338
114900002,143,21,122
114900003,341,129,212
114900004,64,165,-101
114900005,282,126,156
114900006,19,42,-23
114900007,48,2,46
114900008,241,3,238
114900010,380,728,-348
114900011,274,83,191
114900013,113,66,47
114900018,414,5,409
114900020,55,31,24
114900022,0,172,-172
114900025,271,30,241
114900026,89,30,59
114900029,181,8,173
114900030,161,53,108
114900031,458,3,455
114900032,473,1,472
114900034,4,14,-10
114900035,5,52,-47
114900036,65,41,24
114900039,419,103,316
114900040,62,3,59
114900041,595,65,530
114900042,733,55,678
114900044,49,20,29
114900047,26,1860,-1834
114900048,2,32,-30
114900049,1,14,-13
114900050,11,28,-17
114900051,5,50,-45
114900052,6,36,-30
114900053,63,27,36
114900054,2,10,-8
114900057,30,3,27
114900058,0,10,-10
114900059,80,8,72
114900063,26,8,18
114900064,1265,46,1219
114900065,220,316,-96
114900067,4,20,-16
114900068,23,9,14
114900069,73,28,45
114900070,427,42,385
114900072,0,18,-18
114900073,0,19,-19
114900074,677,49,628
114900075,151,2,149
114900076,3,51,-48
114900080,175,48,127
114900082,778,1120,-342
114900083,13,124,-111
114900090,318,65,253
114900091,27,30,-3
114900097,55,0,55
114900098,0,41,-41
114900099,116,4,112
115000001,1281,880,401
115000002,1642,3151,-1509
115000003,1425,635,790
115000004,2071,3065,-994
115000005,707,837,-130
115000006,599,613,-14
115000007,94,118,-24
115000008,138,169,-31
115000009,126,99,27
115000010,75,83,-8
115000013,8,65,-57
115000015,21,82,-61
115000016,20,66,-46
115000019,17,196,-179
115000020,87,367,-280
115000021,53,150,-97
115000022,29,63,-34
115000023,181,226,-45
115000024,139,71,68
115000025,390,176,214
115000026,94,33,61
115000027,191,100,91
115000028,47,39,8
115000029,502,26,476
115000030,166,92,74
115000031,279,24,255
115000032,3,45,-42
115000033,65,2,63
115000034,44,191,-147
115000035,270,27,243
115000036,0,58,-58
115000037,212,41,171
115000038,40,65,-25
115000039,1053,1807,-754
115000040,1198,1086,112
115000041,704,1975,-1271
115000042,175,254,-79
115000043,1489,966,523
115000044,877,999,-122
115000045,1168,409,759
115000046,1832,945,887
115000047,1466,577,889
115000048,991,684,307
115000049,687,958,-271
115000050,1580,608,972
115000051,726,2351,-1625
115000052,563,674,-111
115000053,1112,1670,-558
115000054,356,314,42
115000055,63,285,-222
115000056,99,82,17
115000057,286,578,-292
115000058,59,204,-145
115000059,36,213,-177
115000061,68,155,-87
115000062,170,376,-206
115000063,178,85,93
115000064,133,41,92
115000065,43,285,-242
115000067,162,8,154
115000069,33,94,-61
115000070,29,377,-348
115000071,50,19,31
115000072,3,23,-20
115000073,608,23,585
115000075,25,66,-41
115000076,721,415,306
115000077,754,359,395
115000078,743,166,577
115000079,623,403,220
115000080,1839,363,1476
115000081,78,173,-95
115000082,2626,1786,840
115000083,1156,335,821
115000084,1974,305,1669
115000085,530,217,313
115000086,621,170,451
115000087,202,535,-333
115000088,827,234,593
115000089,495,380,115
115000090,151,341,-190
115000091,152,222,-70
115000092,627,390,237
115000093,499,0,499
115000094,1822,4146,-2324
115000095,1201,3436,-2235
115000096,568,296,272
115000097,1133,853,280
115000098,882,150,732
115000099,1127,563,564
115000100,948,222,726
115000101,269,290,-21
115000102,427,32,395
115000103,163,221,-58
115000105,55,70,-15
115000106,377,180,197
115000107,72,78,-6
115000108,609,396,213
115000109,1015,3040,-2025
115000110,498,1077,-579
115000111,106,226,-120
115000112,236,173,63
115000113,86,130,-44
115000114,194,128,66
115000116,495,436,59
115000117,520,514,6
115000118,640,516,124
115000119,491,620,-129
115000120,210,576,-366
115000121,227,226,1
115000122,237,433,-196
115000123,211,580,-369
115000124,236,414,-178
115000125,176,402,-226
115000126,43,195,-152
115000127,204,38,166
115000128,54,335,-281
115000129,98,258,-160
115000130,144,116,28
115000131,290,85,205
115000132,179,34,145
115000133,376,29,347
115000134,160,37,123
115000135,122,25,97
115000136,81,73,8
115000137,35,33,2
115000138,164,112,52
115000139,35,24,11
115000140,220,48,172
115000141,156,55,101
115000142,69,17,52
115000143,425,166,259
115000144,265,26,239
115000145,152,38,114
115000146,223,105,118
115000147,138,86,52
115000148,76,252,-176
115000149,245,90,155
115000150,202,112,90
115000151,564,148,416
115000152,270,90,180
115000153,596,134,462
115000154,328,132,196
115000155,277,182,95
115000156,228,415,-187
115000157,83,148,-65
115000158,36,121,-85
115000159,136,137,-1
115000160,114,87,27
115000161,70,172,-102
115000162,175,367,-192
115000163,134,134,0
115000164,144,240,-96
115000165,108,234,-126
115000167,17,12,5
115000168,283,165,118
115000169,97,397,-300
115000170,35,138,-103
115000171,141,263,-122
115000172,186,331,-145
115000173,95,460,-365
115000174,15,133,-118
115000175,91,98,-7
115000176,5,40,-35
115000177,4,113,-109
115000178,1,57,-56
115000179,4,74,-70
115000180,23,75,-52
115000181,420,70,350
115000182,516,102,414
115000183,289,145,144
115000186,272,36,236
115000187,128,62,66
115000188,173,101,72
115000189,116,178,-62
115000190,233,123,110
115000191,85,228,-143
115000194,63,36,27
115000195,17,57,-40
115000196,157,18,139
115000197,103,85,18
115000198,299,14,285
115000199,295,45,250
115000200,176,27,149
115000201,89,45,44
115000206,271,20,251
115000207,104,36,68
115000208,53,243,-190
115000209,277,152,125
115000210,60,59,1
115000211,62,79,-17
115000212,281,74,207
115000224,104,3,101
115000225,31,11,20
115000229,73,10,63
115000230,4,92,-88
115000231,214,302,-88
115000232,1719,90,1629
115000233,10,29,-19
115000234,21,67,-46
115000241,56,24,32
115000242,60,6,54
115000243,84,28,56
115000244,1,32,-31
115000246,2,4,-2
115000247,3,0,3
115000248,35,0,35
115000249,4,0,4
115000250,139,6,133
115000251,140,7,133
115000252,42,76,-34
115000253,0,148,-148
115000258,141,8,133
115000259,28,1,27
115000261,27,7,20
115000262,2,6,-4
115000263,0,7,-7
115000264,0,7,-7
115000267,2,4,-2
115000268,9,21,-12
115000269,24,20,4
115000270,1,3,-2
115000272,28,22,6
115000273,136,1,135
115000280,199,257,-58
115000281,24,593,-569
115000282,164,460,-296
115000284,37,132,-95
115000296,139,7,132
115000297,13,263,-250
115000298,2,362,-360
115000300,69,52,17
115000302,309,7,302
115000303,647,4,643
115000304,554,33,521
115000305,75,100,-25
115000306,233,35,198
115000307,188,71,117
115000308,4,1,3
115000310,1023,156,867
115000311,739,306,433
115000313,70,64,6
115000314,193,105,88
115000315,158,367,-209
115000316,39,79,-40
115000317,60,166,-106
115000318,541,163,378
115000319,47,47,0
115000320,3,209,-206
115000321,181,27,154
115000322,24,69,-45
115000449,15,65,-50
115000557,4,1328,-1324
115000558,92,44,48
115000587,452,110,342
115000588,777,941,-164
115000589,1914,961,953
115000590,229,425,-196
115000591,666,188,478
115000592,326,350,-24
115000593,1010,234,776
115000594,141,756,-615
115000609,214,209,5
115000617,189,1508,-1319
115000624,313,4,309
115000633,126,532,-406
115000634,1203,221,982
115000635,210,25,185
115000638,85,143,-58
115000641,3,98,-95
115000642,89,58,31
115000643,15,112,-97
115000644,52,130,-78
115000646,204,284,-80
115000647,63,155,-92
115000648,1549,148,1401
115000893,548,279,269
115000894,85,264,-179
115000895,97,256,-159
115000896,329,193,136
115000897,99,73,26
115000898,73,93,-20
115000899,25,565,-540
115000900,12,109,-97
115000901,32,149,-117
115000912,151,76,75
115000913,1,1,0
115000915,0,0,0
115000916,1,0,1
115000917,0,13,-13
115000918,3,383,-380
115000919,0,52,-52
115000920,6,26,-20
115000921,74,22,52
115000922,119,279,-160
115000923,13,414,-401
115000925,94,49,45
115000927,14,37,-23
115000933,2,191,-189
115000934,11,54,-43
115000935,39,44,-5
115000936,13,550,-537
115000937,129,95,34
115000938,4,39,-35
115000939,12,50,-38
115000940,0,12,-12
115000941,0,48,-48
115000942,0,45,-45
115000943,0,46,-46
115000944,0,28,-28
115900001,160,10,150
115900002,22,31,-9
115900003,82,9,73
115900004,0,8,-8
115900005,239,5,234
115900006,24,14,10
115900008,98,1,97
115900009,5,13,-8
115900010,265,18,247
115900011,104,20,84
115900012,137,0,137
115900013,267,4,263
115900014,65,23,42
115900015,155,1,154
115900016,26,0,26
115900017,36,32,4
115900018,28,5,23
115900019,6,18,-12
115900020,101,0,101
115900021,126,96,30
115900022,137,0,137
115900023,7,5,2
115900025,2,27,-25
115900026,176,20,156
115900027,1,34,-33
115900028,39,10,29
115900029,2,39,-37
115900030,19,13,6
115900031,2,93,-91
115900032,37,122,-85
115900033,0,14,-14
115900034,1,39,-38
115900035,2,8,-6
115900036,3,710,-707
115900037,0,56,-56
115900038,14,2,12
115900039,76,13,63
115900041,60,309,-249
115900042,8,0,8
115900043,11,7,4
115900044,34,232,-198
115900046,381,13,368
115900047,61,114,-53
115900049,120,30,90
115900051,1,19,-18
115900052,20,96,-76
115900053,156,18,138
115900054,241,10,231
115900055,13,31,-18
115900056,39,16,23
115900057,2,27,-25
115900058,2,9,-7
115900060,28,10,18
115900061,158,1,157
115900062,18,33,-15
115900063,5,0,5
115900064,62,65,-3
115900065,146,4,142
115900066,12,11,1
115900067,1,21,-20
115900068,582,931,-349
115900069,17,40,-23
115900070,60,27,33
115900071,1,13,-12
115900072,3,26,-23
115900073,85,51,34
115900074,0,68,-68
115900075,1,38,-37
115900076,2,23,-21
115900077,0,21,-21
115900078,3,17,-14
115900079,275,1,274
115900080,42,10,32
115900081,11,8,3
115900082,42,18,24
115900084,436,1,435
115900085,5,10,-5
115900086,294,70,224
115900088,0,59,-59
115900089,352,64,288
115900090,365,0,365
115900091,0,9,-9
115900092,26,35,-9
115900093,2,0,2
115900094,1,30,-29
115900096,5,0,5
115900097,5,61,-56
115900098,108,72,36
115900099,10,10,0
115900100,5,118,-113
115900101,76,40,36
115900102,39,8,31
115900103,96,11,85
115900104,101,13,88
115900105,152,47,105
115900106,91,3,88
115900107,75,3,72
115900108,75,1,74
115900109,3,118,-115
115900110,0,0,0
115900111,0,18,-18
115900112,38,163,-125
115900113,37,0,37
115900114,0,3,-3
115900115,62,44,18
115900116,16,144,-128
115900117,43,0,43
115900118,0,54,-54
115900119,122,18,104
115900120,9,39,-30
115900121,162,8,154
115900124,45,425,-380
115900125,280,12,268
115900126,591,20,571
115900127,446,2,444
115900128,0,55,-55
115900129,160,2,158
115900130,8,213,-205
115900131,208,4,204
115900132,270,0,270
115900134,190,1,189
115900135,200,194,6
115900137,9,8,1
115900139,2,17,-15
115900140,369,10,359
115900141,0,27,-27
115900142,3,18,-15
115900143,113,60,53
115900144,49,33,16
115900146,4,29,-25
115900147,69,168,-99
115900148,9,1,8
115900149,55,2,53
115900150,65,11,54
115900151,32,35,-3
115900152,38,46,-8
115900153,60,35,25
115900154,53,87,-34
115900155,0,14,-14
115900156,150,201,-51
115900157,168,180,-12
115900158,9,0,9
115900159,161,45,116
115900160,2,4,-2
115900161,4,20,-16
115900163,133,7,126
115900164,479,0,479
115900166,33,32,1
115900168,255,25,230
115900171,19,20,-1
115900172,6,13,-7
115900173,64,22,42
115900174,16,19,-3
115900175,88,4,84
115900178,46,53,-7
115900179,248,1,247
115900180,47,62,-15
115900181,105,12,93
115900182,425,12,413
115900183,0,46,-46
115900184,81,1,80
115900187,0,168,-168
115900189,0,43,-43
115900190,34,196,-162
115900191,3,23,-20
115900192,0,39,-39
115900193,12,12,0
115900194,460,7,453
115900195,81,1262,-1181
115900198,92,60,32
115900199,144,3,141
115900200,103,12,91
115900201,86,88,-2
115900202,0,89,-89
115900203,19,15,4
115900204,0,44,-44
115900205,7,12,-5
115900206,282,8,274
115900207,12,1,11
115900208,36,4,32
115900209,5,41,-36
115900210,2,90,-88
115900211,0,14,-14
115900212,197,7,190
115900213,60,145,-85
115900214,265,11,254
115900215,4,62,-58
115900216,0,15,-15
115900217,5,1,4
115900218,0,3,-3
115900219,174,1,173
115900220,182,4,178
115900221,173,3,170
115900222,93,22,71
115900223,0,173,-173
115900224,112,931,-819
115900225,29,21,8
115900226,1,23,-22
115900227,0,11,-11
115900228,0,5,-5
115900229,3,1,2
115900230,9,7,2
115900231,22,0,22
115900232,26,0,26
115900233,34,0,34
115900234,22,9,13
115900235,3,4,-1
115900236,3,9,-6
115900237,13,12,1
115900238,13,34,-21
115900239,3,33,-30
115900240,0,20,-20
115900241,185,2,183
115900242,174,244,-70
115900243,0,3,-3
115900244,1,0,1
115900245,7,0,7
115900246,1,1,0
115900247,6,1,5
115900248,0,0,0
115900249,1,0,1
115900250,2,5,-3
115900251,1,0,1
115900252,0,0,0
115900253,14,0,14
115900254,5,27,-22
115900255,0,18,-18
115900256,2,115,-113
115900257,0,1,-1
115900258,0,0,0
115900259,17,0,17
115900260,7,0,7
115900261,2,1,1
115900262,1,0,1
115900263,0,0,0
115900264,5,0,5
115900265,0,0,0
115900266,24,1,23
115900267,0,0,0
115900268,1,10,-9
115900269,635,29,606
115900270,208,16,192
115900271,159,1,158
115900272,14,0,14
115900273,0,22,-22
115900274,0,2,-2
115900275,0,0,0
115900276,0,1,-1
115900277,0,2,-2
115900278,47,6,41
115900279,8,58,-50
115900280,21,257,-236
115900281,58,132,-74
115900282,4,21,-17
115900283,41,0,41
115900284,8,1,7
116000001,1749,552,1197
116000002,1933,8271,-6338
116000003,373,392,-19
116000004,1924,3417,-1493
116000005,331,1180,-849
116000006,1120,1660,-540
116000007,552,953,-401
116000008,2245,1050,1195
116000009,374,1112,-738
116000010,1940,714,1226
116000011,250,351,-101
116000012,1311,529,782
116000013,1871,1283,588
116000014,4499,11389,-6890
116000015,21,394,-373
116000016,1171,2667,-1496
116000017,6,209,-203
116000018,45,88,-43
116000019,482,106,376
116000020,188,184,4
116000021,427,134,293
116000022,190,162,28
116000023,629,405,224
116000024,362,149,213
116000025,423,273,150
116000026,563,748,-185
116000027,122,258,-136
116000028,245,592,-347
116000029,121,126,-5
116000030,273,299,-26
116000031,3,18,-15
116000032,76,26,50
116000033,421,138,283
116000034,512,320,192
116000035,222,73,149
116000036,63,384,-321
116000037,66,134,-68
116000038,42,146,-104
116000039,132,257,-125
116000040,171,343,-172
116000041,30,287,-257
116000042,348,312,36
116000043,60,152,-92
116000044,14,43,-29
116000045,732,526,206
116000046,348,399,-51
116000047,857,967,-110
116000048,1446,574,872
116000049,1011,1039,-28
116000050,739,450,289
116000051,1640,1068,572
116000052,1273,1041,232
116000053,1489,182,1307
116000054,565,659,-94
116000055,482,341,141
116000056,1211,487,724
116000057,944,188,756
116000058,1013,1198,-185
116000059,736,2764,-2028
116000060,874,524,350
116000061,104,978,-874
116000062,184,158,26
116000063,235,1042,-807
116000066,91,328,-237
116000067,100,172,-72
116000068,81,202,-121
116000069,84,65,19
116000078,268,588,-320
116000080,850,210,640
116000082,0,9,-9
116000083,1109,142,967
116000084,378,565,-187
116000085,973,770,203
116000086,253,252,1
116000087,1954,1038,916
116000088,477,309,168
116000089,99,34,65
116000090,141,73,68
116000091,119,313,-194
116000093,482,66,416
116000094,425,103,322
116000095,405,120,285
116000096,755,1123,-368
116000097,427,165,262
116000098,99,4612,-4513
116000099,1845,298,1547
116000100,141,1,140
116000101,759,66,693
116000102,192,141,51
116000103,188,93,95
116000104,124,129,-5
116000105,729,55,674
116000106,307,199,108
116000107,1434,130,1304
116000108,18,140,-122
116000111,52,5,47
116000113,30,12,18
116000114,9,30,-21
116000115,212,25,187
116000116,128,70,58
116000117,723,550,173
116000118,732,228,504
116000119,2291,586,1705
116000120,1358,803,555
116000121,825,199,626
116000122,435,198,237
116000123,1231,85,1146
116000124,329,112,217
116000125,2032,111,1921
116000126,114,197,-83
116000127,342,174,168
116000128,1351,174,1177
116000129,735,42,693
116000130,477,307,170
116000133,1083,118,965
116000134,732,270,462
116000135,1858,358,1500
116000136,377,579,-202
116000137,663,238,425
116000138,416,148,268
116000139,1192,1923,-731
116000140,249,258,-9
116000141,259,119,140
116000142,2135,1350,785
116000143,1538,1153,385
116000144,1454,777,677
116000145,2039,442,1597
116000146,550,42,508
116000147,116,113,3
116000148,467,406,61
116000149,323,205,118
116000151,386,246,140
116000153,49,270,-221
116000155,106,239,-133
116000156,282,175,107
116000157,66,1,65
116000158,306,31,275
116000159,3,2,1
116000160,38,10,28
116000161,6,34,-28
116000162,14,74,-60
116000163,29,10,19
116000164,2,4,-2
116000177,41,72,-31
116000194,25,63,-38
116000195,688,112,576
116000196,24,0,24
116000197,7,23,-16
116000198,744,367,377
116000200,144,435,-291
116000201,366,119,247
116000202,4,79,-75
116000203,0,15,-15
116000204,0,4,-4
116000205,0,20,-20
116000206,0,25,-25
116000207,0,6,-6
116000233,10,59,-49
116000287,183,37,146
116000288,247,108,139
116000292,64,7,57
116000296,6,46,-40
116000297,117,1,116
116000304,212,3,209
116000305,1,3,-2
116000346,146,35,111
116000352,68,12,56
116000354,29,1,28
116000357,2,5,-3
116000358,171,78,93
116000361,29,0,29
116000372,1197,3302,-2105
116000381,122,1,121
116000388,7,8,-1
116000389,351,41,310
116000445,680,81,599
116000446,609,54,555
116000447,10,220,-210
116000448,236,14,222
116000563,220,454,-234
116000565,119,72,47
116000568,15,149,-134
116000579,1,120,-119
116000583,69,21,48
116000584,12,1,11
116000585,40,42,-2
116000586,3,37,-34
116000587,277,167,110
116000589,15,29,-14
116000590,103,22,81
116000591,147,22,125
116000592,2,8,-6
116000593,0,2,-2
116000594,790,81,709
116000595,432,14,418
116000596,91,2,89
116000597,254,114,140
116000598,11,107,-96
116000605,12,44,-32
116000606,57,158,-101
116000607,0,2,-2
116000609,22,732,-710
116000611,199,82,117
116000612,1014,1762,-748
116000613,444,239,205
116000614,296,63,233
116000615,1,0,1
116000616,55,4,51
116000617,124,2,122
116000618,3,5,-2
116000619,1,74,-73
116000620,335,85,250
116000621,81,22,59
116000622,73,48,25
116000624,39,18,21
116000627,239,155,84
116000628,38,76,-38
116000629,9,35,-26
116000630,415,3,412
116000631,201,8,193
116000632,1210,34,1176
116000633,184,69,115
116000634,348,22,326
116000635,956,748,208
116000636,294,798,-504
116000637,509,4,505
116000638,88,121,-33
116000639,68,0,68
116000640,20,27,-7
116000641,12,4,8
116000643,0,30,-30
116000644,21,30,-9
116000645,23,107,-84
116900001,37,15,22
116900002,92,0,92
116900003,81,0,81
116900004,27,87,-60
116900005,124,2,122
116900006,79,61,18
116900007,9,23,-14
116900008,488,21,467
116900009,11,8,3
116900010,1096,157,939
116900011,1,1,0
116900012,66,58,8
116900013,1,4,-3
116900014,217,16,201
116900015,450,24,426
116900016,253,4,249
116900017,116,134,-18
116900018,26,18,8
116900019,1,40,-39
116900020,118,949,-831
116900023,24,6,18
116900024,572,13,559
116900025,1018,159,859
116900026,26,163,-137
116900027,41,12,29
116900028,0,3,-3
116900029,0,105,-105
116900031,1,1,0
116900032,0,57,-57
116900033,22,0,22
116900034,1,7,-6
116900035,36,39,-3
116900036,0,12,-12
116900038,3,1,2
116900041,43,2,41
116900042,29,35,-6
116900043,34,16,18
116900047,2,118,-116
116900049,7,40,-33
116900050,11,39,-28
116900051,183,3,180
116900052,58,13,45
116900055,0,3,-3
116900057,5,22,-17
116900058,2,43,-41
116900059,3,17,-14
116900060,21,106,-85
116900062,0,13,-13
116900064,19,42,-23
116900065,6,29,-23
116900067,33,11,22
116900068,56,61,-5
116900070,9,0,9
116900072,5,35,-30
116900073,0,36,-36
116900074,2,5,-3
116900076,23,6,17
116900077,0,17,-17
116900078,33,17,16
116900079,2,53,-51
116900080,0,3,-3
116900081,21,134,-113
116900082,19,416,-397
116900083,3,3,0
116900084,18,9,9
116900085,0,18,-18
116900086,3,457,-454
116900088,57,5,52
116900090,1,2,-1
116900091,176,6,170
116900092,38,173,-135
116900093,622,546,76
116900094,1210,2952,-1742
116900095,206,4,202
116900096,192,140,52
116900097,505,1817,-1312
116900098,115,86,29
116900099,62,606,-544
116900100,918,30,888
116900101,86,145,-59
116900103,0,0,0
116900104,11,1487,-1476
116900105,206,122,84
116900106,843,8,835
116900107,355,2210,-1855
116900110,11,0,11
116900111,492,122,370
116900112,138,103,35
116900113,265,1292,-1027
116900116,32,102,-70
116900117,99,24,75
116900118,371,621,-250
116900120,371,24,347
116900121,166,8,158
116900122,960,81,879
116900123,185,97,88
116900124,36,49,-13
116900125,336,38,298
116900126,31,340,-309
116900128,0,1,-1
116900129,0,73,-73
116900130,144,2551,-2407
116900131,10,37,-27
116900132,32,37,-5
116900133,78,38,40
116900134,149,94,55
116900136,80,22,58
116900137,81,64,17
116900138,61,16,45
116900139,8,25,-17
116900140,32,10,22
116900141,169,33,136
116900142,0,7,-7
116900143,141,20,121
116900144,22,9,13
116900145,14,12,2
116900147,48,280,-232
116900148,0,6,-6
116900149,39,138,-99
116900150,14,0,14
116900151,10,11,-1
116900153,128,43,85
116900154,90,187,-97
116900155,15,16,-1
116900157,870,15,855
116900158,144,273,-129
116900159,29,183,-154
116900160,374,201,173
116900161,989,4863,-3874
116900162,5,28,-23
116900163,216,4,212
116900164,73,59,14
116900165,393,106,287
116900166,76,44,32
116900167,387,12,375
116900168,306,15,291
116900169,33,145,-112
116900170,384,126,258
116900171,25,43,-18
116900172,19,322,-303
116900173,446,3,443
116900174,15,79,-64
116900175,126,107,19
116900178,35,35,0
116900179,44,259,-215
116900180,66,0,66
116900182,184,42,142
116900183,117,28,89
116900185,10,23,-13
116900186,144,75,69
116900187,17,35,-18
116900188,47,8,39
116900189,16,0,16
116900191,69,82,-13
116900192,259,43,216
116900194,50,431,-381
116900195,60,2,58
116900196,1,56,-55
116900197,99,7,92
116900198,11,271,-260
116900200,93,1,92
116900201,333,1,332
116900202,8,15,-7
116900203,124,3,121
116900204,48,145,-97
116900206,48,3,45
116900207,4,5,-1
116900208,0,24,-24
116900209,4,17,-13
116900210,123,67,56
116900211,123,0,123
116900212,53,0,53
116900213,78,6,72
116900214,163,40,123
116900215,27,9,18
116900216,41,26,15
116900218,0,68,-68
116900219,175,44,131
116900220,65,67,-2
116900221,71,145,-74
116900222,135,75,60
116900223,12,18,-6
116900226,82,6,76
116900227,282,29,253
116900228,266,22,244
116900230,31,43,-12
116900231,13,67,-54
116900232,3,61,-58
116900233,205,29,176
116900234,3,0,3
116900235,254,59,195
116900238,236,78,158
116900239,25,869,-844
116900240,3529,2722,807
116900241,35,15,20
116900242,448,541,-93
116900243,0,1,-1
116900245,22,39,-17
116900246,120,16,104
116900247,716,40,676
116900248,59,4,55
116900249,257,5,252
116900250,200,16,184
116900251,76,775,-699
116900252,78,68,10
116900254,7,74,-67
116900255,47,91,-44
116900256,383,82,301
116900257,0,12,-12
116900258,0,19,-19
116900259,165,0,165
116900260,3,2,1
116900261,72,0,72
116900262,55,15,40
116900263,0,0,0
116900264,51,47,4
116900265,65,0,65
116900266,26,0,26
116900267,1,0,1
116900268,3,126,-123
116900269,258,308,-50
116900271,93,260,-167
116900272,117,118,-1
116900273,15,69,-54
116900274,51,4,47
116900275,121,16,105
116900276,117,168,-51
116900277,51,14,37
116900278,0,0,0
116900279,2,2,0
116900280,14,2,12
116900281,1048,3284,-2236
116900282,1,5,-4
116900283,1,17,-16
116900284,4,38,-34
116900285,6,198,-192
116900286,19,0,19
116900287,4,16,-12
116900288,168,27,141
116900289,6,0,6
116900290,29,0,29
116900291,12,20,-8
116900292,0,18,-18
116900293,48,5,43
116900294,2,15,-13
116900295,98,142,-44
116900296,44,18,26
116900297,0,17,-17
116900298,9,134,-125
116900299,0,701,-701
116900300,0,59,-59
116900301,68,49,19
116900302,0,67,-67
116900303,47,60,-13
116900304,0,41,-41
116900305,3,7,-4
116900306,236,106,130
116900307,152,0,152
116900308,0,41,-41
116900309,140,22,118
116900310,27,22,5
116900311,0,120,-120
117000001,1654,1450,204
117000002,1265,1309,-44
117000003,2921,1208,1713
117000004,1214,1526,-312
117000005,2283,574,1709
117000006,606,957,-351
117000007,3220,664,2556
117000008,507,1124,-617
117000009,2412,626,1786
117000010,655,642,13
117000011,1984,399,1585
117000012,1204,417,787
117000013,1588,431,1157
117000014,1025,1675,-650
117000015,1421,795,626
117000016,121,252,-131
117000017,73,98,-25
117000018,33,640,-607
117000019,12,122,-110
117000020,211,1407,-1196
117000021,587,627,-40
117000022,96,281,-185
117000023,45,410,-365
117000024,66,174,-108
117000025,134,1901,-1767
117000026,683,1551,-868
117000027,309,897,-588
117000028,179,344,-165
117000030,172,226,-54
117000031,172,162,10
117000032,800,816,-16
117000033,748,280,468
117000034,143,216,-73
117000035,135,116,19
117000036,228,179,49
117000037,187,72,115
117000038,87,308,-221
117000039,107,145,-38
117000040,26,226,-200
117000041,899,55,844
117000044,0,217,-217
117000045,370,128,242
117000046,175,451,-276
117000047,503,456,47
117000048,651,418,233
117000049,24,116,-92
117000050,106,398,-292
117000051,1637,29,1608
117000052,51,89,-38
117000053,725,3,722
117000054,1068,5,1063
117000055,1,445,-444
117000056,416,12,404
117000057,171,531,-360
117000060,249,437,-188
117000061,1707,729,978
117000062,106,332,-226
117000063,891,425,466
117000064,296,182,114
117000066,137,242,-105
117000067,65,244,-179
117000074,1,69,-68
117000076,23,7,16
117000077,47,49,-2
117000078,155,154,1
117000079,106,102,4
117000080,0,307,-307
117000081,243,47,196
117000082,29,69,-40
117000083,147,272,-125
117000084,39,0,39
117000085,190,222,-32
117000086,257,90,167
117000087,36,259,-223
117000088,314,40,274
117000089,1776,102,1674
117000090,230,316,-86
117000091,932,56,876
117000092,295,256,39
117000093,1601,93,1508
117000094,375,406,-31
117000095,2115,143,1972
117000096,400,448,-48
117000097,1265,275,990
117000098,557,605,-48
117000099,3568,396,3172
117000100,238,131,107
117000101,40,141,-101
117000102,1362,142,1220
117000103,161,313,-152
117000104,1440,202,1238
117000105,93,333,-240
117000106,1524,95,1429
117000107,214,367,-153
117000108,1804,487,1317
117000109,410,556,-146
117000110,1146,1034,112
117000111,2191,1859,332
117000112,2287,553,1734
117000113,7,18,-11
117000114,313,36,277
117000115,35,6,29
117000116,163,45,118
117000117,792,520,272
117000118,228,309,-81
117000119,60,368,-308
117000120,8,358,-350
117000121,6,330,-324
117000122,346,494,-148
117000123,303,95,208
117000124,23,48,-25
117000125,18,379,-361
117000126,20,6,14
117000127,24,127,-103
117000128,18,170,-152
117000129,93,645,-552
117000130,115,3,112
117000131,0,29,-29
117000132,2318,30,2288
117000133,2315,3,2312
117000134,0,0,0
117000135,0,45,-45
117000136,0,16,-16
117000137,193,44,149
117000138,0,0,0
117000140,169,227,-58
117000141,1528,149,1379
117000181,37,53,-16
117000182,1160,903,257
117000195,22,137,-115
117000196,324,111,213
117000225,5,94,-89
117000226,1,67,-66
117000276,392,2,390
117000277,0,99,-99
117000310,535,2046,-1511
117000315,67,203,-136
117000320,65,0,65
117000906,568,17,551
117000907,2,64,-62
117000909,76,80,-4
117000910,186,52,134
117000911,16,60,-44
117000915,0,62,-62
117000916,33,5,28
117000917,1034,14,1020
117000918,77,49,28
117000919,0,13,-13
117000920,0,244,-244
117000921,0,174,-174
117000922,3,8,-5
117000924,564,424,140
117000926,184,72,112
117000927,82,229,-147
117000928,0,18,-18
117000929,302,60,242
117000930,265,2,263
117000931,64,89,-25
117900002,41,440,-399
117900003,12,27,-15
117900005,1,27,-26
117900006,0,24,-24
117900007,48,39,9
117900008,0,7,-7
117900010,315,183,132
117900011,1,345,-344
117900012,6,15,-9
117900013,1,39,-38
117900014,448,209,239
117900015,0,107,-107
117900016,162,507,-345
117900017,673,303,370
117900018,161,192,-31
117900019,468,89,379
117900020,22,56,-34
117900021,20,64,-44
117900023,690,15,675
117900024,73,14,59
117900025,0,0,0
117900026,367,79,288
117900028,32,0,32
117900029,198,87,111
117900031,121,56,65
117900032,761,272,489
117900033,261,87,174
117900034,68,9,59
117900035,302,29,273
117900036,184,78,106
117900037,163,19,144
117900038,18,10,8
117900039,0,11,-11
117900040,7,14,-7
117900041,0,12,-12
117900042,824,175,649
117900043,0,3,-3
117900044,80,2790,-2710
117900045,127,33,94
117900048,279,35,244
117900049,252,148,104
117900050,0,76,-76
117900051,3,5,-2
117900052,38,437,-399
117900053,1411,76,1335
117900054,0,3,-3
117900055,376,58,318
117900056,3,25,-22
117900057,455,255,200
117900058,0,31,-31
117900059,67,29,38
117900060,1296,589,707
117900061,3,142,-139
117900063,307,46,261
117900065,65,224,-159
117900066,7,78,-71
117900067,495,35,460
117900069,633,79,554
117900070,42,360,-318
117900071,124,38,86
117900073,475,38,437
117900074,5,186,-181
117900075,85,42,43
117900076,18,80,-62
117900077,366,13,353
117900078,418,247,171
117900080,82,47,35
117900081,114,58,56
117900082,506,131,375
117900083,552,112,440
117900086,184,22,162
117900087,91,1,90
117900088,182,285,-103
117900089,1731,324,1407
117900090,384,135,249
117900091,219,18,201
117900092,84,8,76
117900093,84,0,84
117900094,10,44,-34
117900095,288,399,-111
117900096,73,146,-73
117900097,105,4,101
117900098,27,6,21
117900099,191,1636,-1445
117900100,364,0,364
117900101,514,1662,-1148
117900102,45,1,44
117900103,46,1,45
117900104,20,870,-850
117900105,35,39,-4
117900106,57,6,51
117900107,58,1,57
117900109,817,493,324
117900110,123,1,122
117900111,600,35,565
117900112,45,0,45
117900113,409,1458,-1049
117900114,43,1,42
117900115,4,101,-97
117900116,377,225,152
117900117,452,133,319
117900118,49,1,48
117900119,244,5,239
117900120,299,4,295
117900121,77,10,67
117900122,111,3128,-3017
117900123,564,120,444
117900124,40,136,-96
117900125,877,315,562
117900126,30,142,-112
117900127,288,75,213
117900128,253,79,174
117900129,82,2,80
117900130,381,51,330
117900131,0,24,-24
117900132,0,2,-2
117900133,1,11,-10
117900134,24,4,20
117900135,0,34,-34
117900136,0,2,-2
117900137,0,24,-24
117900138,0,4,-4
117900139,19,12,7
117900140,4218,133,4085
117900141,27,67,-40
117900142,50,297,-247
117900144,15,175,-160
117900145,0,61,-61
117900146,47,171,-124
117900147,65,41,24
117900148,941,1948,-1007
117900149,37,14,23
117900150,71,6,65
117900151,44,126,-82
117900152,4,30,-26
117900153,22,97,-75
117900154,336,178,158
117900156,341,124,217
117900157,91,109,-18
117900158,228,4,224
117900160,530,389,141
117900161,310,314,-4
117900162,420,156,264
117900163,20,447,-427
117900165,0,0,0
117900166,2,76,-74
117900168,99,23,76
117900169,0,4,-4
117900170,2,3,-1
117900171,1,0,1
117900172,7,2,5
117900173,13,19,-6
117900174,2,7,-5
117900175,0,0,0
117900176,3,12,-9
117900177,17,8,9
117900178,7,5,2
117900180,34,6,28
117900181,8,296,-288
117900182,0,69,-69
117900183,102,109,-7
117900184,23,16,7
117900185,59,16,43
117900186,44,3,41
117900187,3,5,-2
117900188,46,0,46
117900189,57,20,37
117900190,8,0,8
117900191,62,0,62
117900192,55,0,55
117900193,0,33,-33
117900194,0,1,-1
117900195,18,0,18
117900196,2,3,-1
117900207,21,47,-26
117900208,3,3,0
117900209,120,14,106
117900210,4,14,-10
117900211,1,24,-23
117900212,90,48,42
117900213,56,0,56
117900214,0,5,-5
117900215,25,40,-15
117900216,27,1,26
117900217,34,25,9
117900218,4,125,-121
117900219,1,104,-103
117900220,5,58,-53
117900222,87,26,61
117900223,29,217,-188
118000001,160,640,-480
118000002,157,594,-437
118000003,765,1570,-805
118000004,634,940,-306
118000005,1043,1005,38
118000006,632,1358,-726
118000007,1882,3385,-1503
118000008,422,2392,-1970
118000009,814,1744,-930
118000010,1220,1715,-495
118000011,1093,444,649
118000012,327,360,-33
118000013,699,623,76
118000014,648,495,153
118000016,126,66,60
118000017,374,217,157
118000018,91,61,30
118000019,605,903,-298
118000020,172,733,-561
118000021,131,1202,-1071
118000022,425,253,172
118000023,165,144,21
118000024,203,329,-126
118000027,2665,2366,299
118000029,236,442,-206
118000032,114,719,-605
118000033,952,1615,-663
118000034,846,961,-115
118000035,944,863,81
118000036,345,389,-44
118000037,447,348,99
118000038,204,28,176
118000039,89,38,51
118000040,594,512,82
118000041,1117,536,581
118000045,31,107,-76
118000046,262,392,-130
118000047,143,608,-465
118000048,263,883,-620
118000051,360,989,-629
118000052,149,473,-324
118000053,46,456,-410
118000054,928,493,435
118000055,575,567,8
118000056,74,191,-117
118000057,49,217,-168
118000058,500,1786,-1286
118000059,346,1346,-1000
118000060,510,208,302
118000061,568,500,68
118000062,196,63,133
118000063,124,633,-509
118000064,157,487,-330
118000065,891,388,503
118000066,436,1236,-800
118000067,117,225,-108
118000068,164,3678,-3514
118000069,219,511,-292
118000070,1276,1046,230
118000071,1026,4011,-2985
118000072,254,2074,-1820
118000073,221,1176,-955
118000074,205,931,-726
118000075,272,682,-410
118000076,714,2689,-1975
118000077,507,617,-110
118000078,835,910,-75
118000079,49,103,-54
118000080,161,211,-50
118000081,550,576,-26
118000082,68,605,-537
118000083,440,553,-113
118000084,436,745,-309
118000086,107,222,-115
118000087,1631,955,676
118000088,483,431,52
118000089,1238,1496,-258
118000090,432,1356,-924
118000091,376,1850,-1474
118000092,230,182,48
118000093,37,307,-270
118000096,277,252,25
118000097,279,254,25
118000098,86,29,57
118000099,226,45,181
118000101,732,131,601
118000102,246,214,32
118000107,300,74,226
118000108,101,1921,-1820
118000110,0,20,-20
118000111,0,41,-41
118000112,874,4,870
118000113,0,50,-50
118000114,534,1,533
118000115,3,6,-3
118000116,7,2,5
118000117,207,282,-75
118000118,512,515,-3
118000119,641,609,32
118000120,384,342,42
118000121,5,135,-130
118000122,126,79,47
118000123,71,58,13
118000125,391,357,34
118000126,249,1084,-835
118000127,492,448,44
118000128,149,882,-733
118000129,326,222,104
118000130,594,1415,-821
118000131,108,470,-362
118000132,1236,1072,164
118000133,814,332,482
118000135,208,299,-91
118000136,37,146,-109
118000137,189,47,142
118000138,174,74,100
118000139,182,59,123
118000140,1430,4606,-3176
118000141,1164,893,271
118000142,1340,559,781
118000143,1845,1199,646
118000144,412,184,228
118000145,405,370,35
118000146,742,130,612
118000147,390,376,14
118000148,557,679,-122
118000149,420,104,316
118000150,596,90,506
118000151,468,68,400
118000153,1154,343,811
118000154,1614,427,1187
118000155,1626,631,995
118000156,878,1271,-393
118000157,417,151,266
118000158,59,334,-275
118000159,28,37,-9
118000160,402,99,303
118000161,303,158,145
118000162,687,396,291
118000163,574,522,52
118000164,972,671,301
118000168,193,247,-54
118000169,272,273,-1
118000170,1034,907,127
118000171,147,105,42
118000172,65,99,-34
118000173,456,706,-250
118000175,44,97,-53
118000176,240,133,107
118000177,233,157,76
118000178,5,18,-13
118000179,277,196,81
118000180,232,185,47
118000181,214,67,147
118000182,148,74,74
118000183,133,127,6
118000184,682,197,485
118000185,155,699,-544
118000186,115,533,-418
118000187,1206,108,1098
118000188,552,2,550
118000189,554,27,527
118000190,4,0,4
118000191,0,0,0
118000192,2,45,-43
118000193,1,132,-131
118000194,411,379,32
118000195,72,567,-495
118000196,8,97,-89
118000197,113,286,-173
118000198,135,1071,-936
118000199,263,1441,-1178
118000200,3,130,-127
118000201,41,277,-236
118000202,1,86,-85
118000203,63,415,-352
118000204,8,248,-240
118000205,8,103,-95
118000206,162,49,113
118000207,0,16,-16
118000208,1027,670,357
118000209,1390,196,1194
118000210,139,7,132
118000211,68,24,44
118000213,137,924,-787
118000214,38,188,-150
118000215,28,14,14
118000216,2488,618,1870
118000217,1,37,-36
118000218,11,9,2
118000219,54,48,6
118000220,5,6,-1
118000221,212,268,-56
118000222,14,0,14
118000223,63,26,37
118000224,12,29,-17
118000225,36,167,-131
118000226,685,31,654
118000227,151,134,17
118000228,3,40,-37
118000229,14,86,-72
118000230,14,139,-125
118000231,14,168,-154
118000232,379,78,301
118000233,848,169,679
118000234,252,33,219
118000236,162,151,11
118000237,78,45,33
118000238,148,32,116
118000239,150,161,-11
118000240,37,32,5
118000241,60,31,29
118000242,196,35,161
118000243,39,94,-55
118000244,19,19,0
118000246,0,25,-25
118000255,25,91,-66
118000256,54,105,-51
118000259,2,34,-32
118000260,105,4,101
118000261,36,3,33
118000263,35,24,11
118000266,142,58,84
118000267,0,11,-11
118000268,40,0,40
118000270,37,16,21
118000271,157,38,119
118000272,2,7,-5
118000273,85,36,49
118000274,28,44,-16
118000276,230,75,155
118000295,13,29,-16
118000298,27,19,8
118000299,45,28,17
118000301,0,48,-48
118000302,25,1,24
118000311,724,11,713
118000312,128,13,115
118000313,38,38,0
118000314,80,2,78
118000315,24,3,21
118000316,616,87,529
118000325,66,0,66
118000326,5,1,4
118000331,48,2,46
118000332,4,0,4
118000333,27,12,15
118000335,310,2,308
118000336,0,56,-56
118000407,193,23,170
118000457,4,20,-16
118000465,244,837,-593
118000480,21,5,16
118000489,2,160,-158
118000490,0,107,-107
118000492,421,34,387
118000510,29,5,24
118000514,17,95,-78
118000515,229,659,-430
118000517,95,103,-8
118000524,136,202,-66
118000525,84,164,-80
118000530,23,49,-26
118000531,379,80,299
118000532,81,112,-31
118000533,98,37,61
118000534,429,106,323
118000535,203,22,181
118000536,13,108,-95
118000537,14,36,-22
118000538,2,5,-3
118000539,3,27,-24
118000540,75,45,30
118000541,45,31,14
118000542,73,98,-25
118000543,71,49,22
118000546,49,5,44
118000553,0,0,0
118000557,0,0,0
118000560,213,621,-408
118000562,29,15,14
118000563,870,374,496
118000576,88,24,64
118000577,49,61,-12
118000578,55,41,14
118000579,207,699,-492
118000583,0,0,0
118000595,147,32,115
118000596,0,44,-44
118000597,137,77,60
118000598,8,0,8
118000599,169,6,163
118000600,3,0,3
118000601,2,0,2
118000602,0,18,-18
118000603,0,10,-10
118000605,68,13,55
118000606,0,13,-13
118900001,144,219,-75
118900002,215,427,-212
118900003,235,1,234
118900004,50,2,48
118900005,26,0,26
118900006,49,0,49
118900007,1,0,1
118900008,440,15,425
118900009,46,63,-17
118900010,60,5,55
118900011,47,4,43
118900012,54,27,27
118900013,157,211,-54
118900015,176,2,174
118900016,0,0,0
118900017,1,67,-66
118900018,324,19,305
118900019,0,5,-5
118900020,1,5,-4
118900021,54,153,-99
118900022,29,0,29
118900023,1,54,-53
118900024,24,7,17
118900025,5,19,-14
118900026,19,10,9
118900027,98,57,41
118900028,70,36,34
118900029,109,42,67
118900030,573,12,561
118900031,19,5,14
118900032,79,12,67
118900033,123,190,-67
118900034,100,37,63
118900035,28,9,19
118900036,737,159,578
118900037,49,159,-110
118900038,305,26,279
118900039,386,19,367
118900040,172,29,143
118900041,267,48,219
118900042,83,24,59
118900045,43,72,-29
118900046,130,234,-104
118900047,123,190,-67
118900048,9,92,-83
118900049,5,7,-2
118900050,34,0,34
118900051,16,19,-3
118900052,77,115,-38
118900053,0,15,-15
118900054,128,7,121
118900055,87,8,79
118900056,21,19,2
118900057,403,261,142
118900058,153,83,70
118900059,0,24,-24
118900060,78,25,53
118900062,39,12,27
118900064,27,268,-241
118900065,4,18,-14
118900066,47,19,28
118900067,905,2318,-1413
118900068,0,54,-54
118900069,436,33,403
118900071,0,9,-9
118900072,95,73,22
118900073,215,14,201
118900074,28,9,19
118900075,29,0,29
118900076,84,6,78
118900077,115,26,89
118900078,8,0,8
118900079,7,5,2
118900080,9,15,-6
118900081,19,19,0
118900082,860,38,822
118900083,30,1,29
118900084,0,2,-2
118900085,169,127,42
118900086,27,15,12
118900087,62,384,-322
118900088,2,0,2
118900089,7,6,1
118900090,126,36,90
118900091,133,42,91
118900092,87,11,76
118900093,0,11,-11
118900096,5,10,-5
118900097,38,74,-36
118900099,15,14,1
118900100,1,23,-22
118900101,47,39,8
118900102,1,0,1
118900103,1,9,-8
118900104,113,36,77
118900105,11,21,-10
118900107,15,23,-8
118900108,9,23,-14
118900110,218,445,-227
118900111,167,71,96
118900112,85,43,42
118900113,45,20,25
118900114,0,7,-7
118900115,16,105,-89
118900116,77,29,48
118900117,84,8,76
118900118,208,27,181
118900119,67,39,28
118900120,30,62,-32
118900121,5,145,-140
118900122,1,385,-384
118900123,42,19,23
118900124,20,7,13
118900126,3,61,-58
118900129,132,21,111
118900130,2,19,-17
118900131,126,48,78
118900132,187,45,142
118900133,0,38,-38
118900135,145,65,80
118900136,140,53,87
118900137,1,28,-27
118900139,83,20,63
118900140,258,158,100
118900141,30,23,7
118900144,65,104,-39
118900145,0,36,-36
118900146,92,58,34
118900147,22,77,-55
118900148,23,2,21
118900150,54,133,-79
118900152,261,96,165
118900157,5,34,-29
118900158,102,0,102
118900159,0,37,-37
118900161,12,17,-5
118900163,9,26,-17
118900164,0,6,-6
118900165,26,27,-1
118900166,2,0,2
118900167,6,12,-6
118900168,16,35,-19
118900169,57,66,-9
118900170,106,1,105
118900171,1,1,0
118900174,5,0,5
118900175,449,144,305
118900176,71,116,-45
118900177,50,2,48
118900178,17,7,10
118900179,9,6,3
118900181,60,4,56
118900182,15,5,10
118900183,13,19,-6
118900184,43,0,43
118900185,198,24,174
118900186,50,52,-2
118900187,93,90,3
118900188,46,120,-74
118900189,6,276,-270
118900190,7,22,-15
118900191,317,2,315
118900192,194,8,186
118900193,684,4,680
118900195,78,120,-42
118900196,12,8,4
118900197,179,0,179
118900198,24,4,20
118900199,49,8,41
118900200,14,16,-2
118900201,23,22,1
118900202,0,24,-24
118900203,4,2,2
118900204,5,11,-6
118900205,0,2,-2
118900206,1,2,-1
119000001,946,600,346
119000002,1796,1208,588
119000003,1955,239,1716
119000004,1401,832,569
119000005,1267,1067,200
119000006,2043,702,1341
119000007,1895,1918,-23
119000008,609,545,64
119000009,1691,2847,-1156
119000010,1522,1988,-466
119000011,1028,922,106
119000012,313,1114,-801
119000013,1529,944,585
119000014,655,967,-312
119000019,99,58,41
119000020,1152,965,187
119000021,2437,1710,727
119000022,227,1330,-1103
119000023,77,115,-38
119000024,497,7953,-7456
119000025,1065,273,792
119000026,3,224,-221
119000027,50,161,-111
119000028,639,228,411
119000029,14,74,-60
119000030,369,480,-111
119000031,311,170,141
119000032,359,661,-302
119000033,627,579,48
119000034,508,207,301
119000035,7,55,-48
119000036,1132,392,740
119000037,717,453,264
119000038,59,246,-187
119000039,733,214,519
119000040,378,358,20
119000041,228,674,-446
119000048,967,716,251
119000049,1279,543,736
119000050,429,585,-156
119000051,946,430,516
119000052,779,765,14
119000053,964,498,466
119000054,1600,467,1133
119000055,2617,615,2002
119000056,1817,511,1306
119000057,924,289,635
119000058,521,335,186
119000059,405,226,179
119000060,642,194,448
119000061,280,139,141
119000062,392,265,127
119000063,252,244,8
119000064,158,195,-37
119000065,470,791,-321
119000066,849,393,456
119000067,644,293,351
119000068,786,172,614
119000069,812,294,518
119000070,1429,268,1161
119000071,117,95,22
119000072,1078,735,343
119000073,1477,3476,-1999
119000074,826,435,391
119000075,2541,765,1776
119000076,113,146,-33
119000077,235,70,165
119000078,238,83,155
119000079,130,73,57
119000080,307,66,241
119000081,164,110,54
119000082,382,40,342
119000083,328,169,159
119000084,195,79,116
119000085,193,37,156
119000086,265,253,12
119000087,214,89,125
119000088,180,31,149
119000089,87,249,-162
119000090,84,64,20
119000091,142,215,-73
119000092,105,110,-5
119000093,1158,885,273
119000094,2265,1768,497
119000095,1146,1216,-70
119000097,532,247,285
119000098,532,2320,-1788
119000099,825,267,558
119000100,2444,1184,1260
119000101,1196,742,454
119000102,72,773,-701
119000103,306,291,15
119000104,406,109,297
119000105,335,1074,-739
119000106,199,90,109
119000107,827,283,544
119000108,298,193,105
119000109,63,142,-79
119000110,36,42,-6
119000111,8,267,-259
119000112,27,11,16
119000113,161,22,139
119000114,251,412,-161
119000115,32,82,-50
119000116,3,79,-76
119000117,48,119,-71
119000118,2,1,1
119000123,412,1472,-1060
119000124,583,104,479
119000125,2599,170,2429
119000126,942,202,740
119000127,445,63,382
119000128,28,1,27
119000131,600,46,554
119000132,0,0,0
119000133,0,0,0
119000134,457,201,256
119000135,160,108,52
119000136,154,26,128
119000137,176,51,125
119000138,458,39,419
119000139,34,18,16
119000140,41,104,-63
119000284,325,789,-464
119000285,537,320,217
119000286,1108,947,161
119000287,683,494,189
119000288,975,246,729
119000289,573,813,-240
119000290,71,102,-31
119000291,87,152,-65
119000293,357,126,231
119000294,20,20,0
119000295,578,78,500
119000296,276,84,192
119000302,664,489,175
119000303,11,66,-55
119000314,703,6821,-6118
119000315,0,36,-36
119000316,55,25,30
119000317,76,41,35
119000319,680,63,617
119900001,68,386,-318
119900002,90,36,54
119900003,14,70,-56
119900004,20,879,-859
119900005,119,12,107
119900006,35,157,-122
119900007,144,42,102
119900008,0,28,-28
119900009,85,27,58
119900010,141,136,5
119900011,17,105,-88
119900012,0,34,-34
119900013,460,325,135
119900014,137,17,120
119900015,99,4,95
119900016,3,2,1
119900017,13,20,-7
119900018,315,889,-574
119900019,13,0,13
119900020,8,6,2
119900021,18,4,14
119900022,89,485,-396
119900023,164,1297,-1133
119900025,152,3,149
119900026,74,43,31
119900027,2,9,-7
119900028,47,65,-18
119900029,2,1,1
119900030,127,21,106
119900031,24,289,-265
119900033,151,149,2
119900034,312,3,309
119900037,37,0,37
119900038,8,174,-166
119900039,61,5,56
119900040,48,8,40
119900041,66,0,66
119900042,12,26,-14
119900043,27,12,15
119900044,54,426,-372
119900046,107,2,105
119900047,78,116,-38
119900049,76,0,76
119900050,39,82,-43
119900051,1007,10,997
119900052,33,11,22
119900053,115,31,84
119900054,110,6,104
119900055,739,93,646
119900057,193,42,151
119900058,141,0,141
119900059,18,14,4
119900060,207,7,200
119900061,374,3,371
119900062,44,0,44
119900063,0,22,-22
119900065,152,0,152
119900067,42,0,42
119900068,427,4,423
119900069,62,1,61
119900070,368,1,367
119900071,481,9,472
119900073,275,63,212
119900074,10,22,-12
119900075,337,656,-319
119900076,77,10,67
119900077,742,66,676
119900078,247,67,180
119900079,275,45,230
119900080,167,93,74
119900081,594,5,589
119900082,1157,117,1040
119900083,126,50,76
119900084,123,13,110
119900085,0,0,0
119900086,125,109,16
119900087,32,50,-18
119900088,1,0,1
119900089,6,38,-32
119900090,1,0,1
119900091,74,159,-85
119900092,1,91,-90
119900093,268,58,210
119900094,0,59,-59
119900095,22,18,4
119900096,16,3,13
119900097,6,91,-85
119900098,8,2,6
119900099,0,12,-12
119900100,168,1009,-841
119900101,8,302,-294
119900102,2,14,-12
119900103,18,10,8
119900104,11,13,-2
119900105,198,548,-350
119900106,1,31,-30
119900107,5,307,-302
119900108,1169,235,934
119900109,2,70,-68
119900110,191,48,143
119900111,67,39,28
119900112,317,309,8
119900113,3,48,-45
119900114,107,96,11
119900115,247,44,203
119900116,19,135,-116
119900117,71,62,9
119900118,71,92,-21
119900119,78,19,59
119900120,91,73,18
119900121,314,73,241
119900122,2,38,-36
119900123,33,62,-29
119900124,69,81,-12
119900125,1,26,-25
119900126,418,79,339
119900127,199,101,98
119900128,168,72,96
119900129,98,33,65
119900130,0,18,-18
119900131,9,11,-2
119900132,7,30,-23
119900133,21,11,10
119900134,91,13,78
119900135,0,34,-34
119900136,3,37,-34
119900138,9,36,-27
119900139,2,26,-24
119900140,1,29,-28
119900141,6,367,-361
119900142,0,8,-8
119900143,3,32,-29
119900144,235,38,197
119900145,16,35,-19
119900146,32,37,-5
119900147,1,87,-86
119900148,188,1,187
119900149,175,2387,-2212
119900150,42,11,31
119900151,342,292,50
119900152,83,28,55
119900153,124,1,123
119900154,11,67,-56
119900155,8,5,3
119900156,0,0,0
119900157,126,42,84
119900158,106,21,85
119900159,2,92,-90
119900160,21,6,15
119900161,62,5,57
119900162,407,180,227
119900163,14,27,-13
119900164,0,0,0
119900165,99,18,81
119900166,33,17,16
119900167,0,3,-3
119900168,574,92,482
119900169,0,73,-73
119900170,46,59,-13
119900171,159,67,92
119900172,10,4,6
119900173,5,29,-24
119900174,8,6,2
119900175,1004,83,921
119900177,5,16,-11
119900178,2,44,-42
119900179,57,745,-688
119900180,506,199,307
119900181,1,29,-28
119900182,192,48,144
119900183,20,98,-78
119900184,212,73,139
119900185,9,133,-124
119900186,2,585,-583
119900187,16,50,-34
119900188,66,55,11
119900189,24,24,0
119900190,20,122,-102
119900191,44,68,-24
119900192,8,47,-39
119900193,251,30,221
119900194,11,5,6
119900195,4,64,-60
119900196,45,38,7
119900197,83,41,42
119900198,65,36,29
119900199,19,1,18
119900200,291,73,218
119900201,26,24,2
119900202,13,56,-43
119900203,55,229,-174
119900204,56,110,-54
119900205,517,57,460
119900206,205,35,170
119900208,34,13,21
119900209,293,695,-402
119900210,52,9,43
119900211,27,0,27
119900212,531,120,411
119900213,1,18,-17
119900214,24,8,16
119900215,26,0,26
119900216,18,5,13
119900217,0,0,0
119900218,1,4,-3
119900219,0,28,-28
119900220,0,24,-24
119900221,26,7,19
119900222,11,18,-7
119900223,0,1,-1
119900224,0,1,-1
119900225,79,10,69
119900226,9,637,-628
119900227,74,48,26
119900228,13,72,-59
119900229,10,35,-25
119900230,264,33,231
119900231,260,11,249
119900232,81,12,69
119900233,80,3,77
119900234,3,10,-7
119900235,0,16,-16
119900236,1,16,-15
119900237,10,77,-67
119900238,0,2,-2
119900240,6,20,-14
119900241,103,52,51
119900242,366,278,88
119900244,60,242,-182
119900245,63,39,24
119900246,37,101,-64
119900247,0,9,-9
119900248,2,142,-140
119900249,225,5,220
119900253,251,168,83
119900254,37,463,-426
119900255,12,202,-190
119900256,545,53,492
119900257,108,3,105
119900258,92,0,92
119900259,15,16,-1
119900260,165,3,162
119900261,210,30,180
119900262,25,39,-14
119900263,515,38,477
119900264,65,25,40
119900265,271,51,220
119900266,124,6,118
119900267,55,37,18
119900268,77,5,72
119900269,384,84,300
119900271,7,8,-1
119900272,34,33,1
119900275,155,32,123
119900276,71,1,70
119900277,2,0,2
119900278,52,32,20
119900279,4,106,-102
119900280,123,9,114
119900281,0,72,-72
119900282,4,20,-16
119900283,2,12,-10
119900284,20,46,-26
119900285,0,56,-56
119900286,0,2,-2
119900288,2,0,2
119900289,0,0,0
119900290,0,1,-1
119900291,0,0,0
119900292,4,17,-13
119900293,32,2,30
119900294,9,84,-75
119900295,8,7,1
119900296,32,5,27
119900297,1,1,0
119900298,0,0,0
119900299,14,30,-16
119900300,151,18,133
119900301,8,22,-14
119900302,1,7,-6
119900303,107,22,85
119900304,109,0,109
119900305,0,36,-36
119900306,4,1,3
119900307,50,2,48
119900308,0,0,0
119900309,7,75,-68
119900310,21,21,0
119900311,125,10,115
119900312,50,6,44
119900313,18,25,-7
119900314,133,109,24
119900315,1116,328,788
119900318,5,31,-26
119900319,17,58,-41
119900320,141,66,75
119900321,102,24,78
120000001,3489,13702,-10213
120000002,1232,860,372
120000003,881,446,435
120000004,1122,477,645
120000005,1044,399,645
120000006,565,310,255
120000007,935,1513,-578
120000008,440,307,133
120000009,518,318,200
120000010,965,665,300
120000011,374,373,1
120000012,835,541,294
120000013,1981,1213,768
120000014,439,597,-158
120000015,1431,647,784
120000016,1985,1110,875
120000017,2063,1681,382
120000018,1339,9367,-8028
120000019,527,457,70
120000020,1039,1184,-145
120000021,717,584,133
120000022,1684,2365,-681
120000023,814,776,38
120000024,610,780,-170
120000025,1833,542,1291
120000026,2235,973,1262
120000027,1305,1074,231
120000028,320,412,-92
120000029,314,426,-112
120000030,135,258,-123
120000031,681,1893,-1212
120000032,1456,873,583
120000033,1866,364,1502
120000034,1996,326,1670
120000035,1765,394,1371
120000036,1396,1818,-422
120000037,281,1039,-758
120000038,933,838,95
120000039,155,411,-256
120000040,22,251,-229
120000041,268,455,-187
120000042,846,486,360
120000043,2545,366,2179
120000044,4077,877,3200
120000045,5173,328,4845
120000046,3741,2709,1032
120000047,155,2906,-2751
120000048,2998,1536,1462
120000049,2232,875,1357
120000050,1485,1329,156
120000051,944,1550,-606
120000052,2217,486,1731
120000053,498,787,-289
120000054,352,1194,-842
120000055,599,1025,-426
120000056,1822,851,971
120000057,1672,318,1354
120000058,727,372,355
120000059,1,1098,-1097
120000061,19,190,-171
120000062,40,120,-80
120000063,220,481,-261
120000064,146,348,-202
120000065,158,312,-154
120000066,79,25,54
120000067,15,82,-67
120000068,82,93,-11
120000069,298,123,175
120000070,135,181,-46
120000071,689,20,669
120000072,812,127,685
120000073,671,6,665
120000074,24,9,15
120000075,507,53,454
120000076,1699,92,1607
120000077,1797,132,1665
120000078,1115,344,771
120000079,331,164,167
120000080,151,106,45
120000081,278,27,251
120000082,367,111,256
120000083,32,565,-533
120000084,99,97,2
120000085,81,37,44
120000086,106,123,-17
120000087,94,113,-19
120000088,245,250,-5
120000089,438,96,342
120000090,234,88,146
120000091,736,170,566
120000092,538,148,390
120000093,823,193,630
120000094,248,255,-7
120000095,186,127,59
120000096,213,117,96
120000098,376,118,258
120000099,124,256,-132
120000100,338,221,117
120000101,361,74,287
120000102,357,690,-333
120000103,964,464,500
120000104,1745,162,1583
120000105,1991,55,1936
120000106,2308,49,2259
120000107,3830,61,3769
120000108,1392,34,1358
120000109,851,18,833
120000110,4,291,-287
120000111,42,218,-176
120000112,153,514,-361
120000113,58,429,-371
120000114,111,349,-238
120000115,69,368,-299
120000116,81,372,-291
120000117,166,269,-103
120000118,5,11,-6
120000119,6,16,-10
120000120,83,73,10
120000121,14,16,-2
120000122,43,417,-374
120000123,993,5984,-4991
120000124,224,253,-29
120000125,362,134,228
120000126,100,403,-303
120000127,287,216,71
120000128,794,1261,-467
120000129,146,103,43
120000130,348,113,235
120000131,309,189,120
120000134,55,53,2
120000135,485,296,189
120000137,181,84,97
120000138,1101,67,1034
120000139,125,77,48
120000140,927,48,879
120000141,163,109,54
120000142,675,72,603
120000143,0,30,-30
120000144,95,14,81
120000145,407,0,407
120000146,373,560,-187
120000149,176,134,42
120000150,509,5651,-5142
120000151,354,128,226
120000152,666,65,601
120000153,325,93,232
120000154,217,274,-57
120000155,96,135,-39
120000156,159,847,-688
120000157,590,154,436
120000158,420,153,267
120000159,729,533,196
120000160,882,1084,-202
120000161,2013,1431,582
120000162,89,204,-115
120000163,479,94,385
120000164,457,45,412
120000165,596,96,500
120000166,1447,100,1347
120000167,26,43,-17
120000168,1,137,-136
120000169,2,259,-257
120000170,4,218,-214
120000171,2,92,-90
120000172,4,126,-122
120000173,40,105,-65
120000174,6,28,-22
120000175,28,38,-10
120000176,16,50,-34
120000177,137,55,82
120000178,17,19,-2
120000179,12,6,6
120000180,42,15,27
120000181,3,258,-255
120000182,21,177,-156
120000183,3,78,-75
120000184,25,211,-186
120000186,16,214,-198
120000187,8,70,-62
120000188,4,45,-41
120000190,32,34,-2
120000191,61,20,41
120000192,34,9,25
120000193,50,14,36
120000195,2,0,2
120000196,15,2,13
120000197,22,14,8
120000198,155,3,152
120000199,141,0,141
120000200,231,0,231
120000201,35,51,-16
120000202,0,19,-19
120000203,20,20,0
120000207,0,3,-3
120000208,44,20,24
120000209,2,1,1
120000210,11,3,8
120000211,92,5,87
120000212,128,1,127
120000213,126,2,124
120000214,0,3,-3
120000215,0,1,-1
120000216,85,5,80
120000217,370,293,77
120000218,6,160,-154
120000219,0,86,-86
120000220,0,249,-249
120000225,1728,3,1725
120000226,367,2,365
120000227,514,49,465
120000228,2941,1999,942
120000230,319,31,288
120000231,1070,232,838
120000233,250,15,235
120000235,41,65,-24
120000236,760,0,760
120000237,1,130,-129
120000238,1,71,-70
120000241,747,1931,-1184
120000412,79,92,-13
120000413,233,55,178
120000414,138,0,138
120000415,2,11,-9
120000416,19,0,19
120000417,6,16,-10
120000418,212,1,211
120000419,0,18,-18
120000420,14,10,4
120000421,2817,1793,1024
120000422,56,1302,-1246
120000423,0,3,-3
120000424,27,5,22
120000436,30,875,-845
120000437,6,24,-18
120000438,691,79,612
120000439,163,376,-213
120000443,158,0,158
120000444,1160,115,1045
120000445,1050,516,534
120000446,288,60,228
120000447,338,3,335
120000449,71,0,71
120000450,0,20,-20
120000451,77,77,0
120000452,80,1,79
120000453,0,5,-5
120000454,24,15,9
120000455,54,11,43
120000456,377,1947,-1570
120000457,85,192,-107
120000458,108,136,-28
120000459,109,20,89
120000665,65,110,-45
120000668,19,227,-208
120000669,85,49,36
120000670,24,193,-169
120000671,818,383,435
120000672,26,128,-102
120900001,92,3,89
120900002,12,92,-80
120900003,58,6,52
120900004,0,78,-78
120900005,10,238,-228
120900006,366,38,328
120900007,38,9,29
120900008,347,74,273
120900009,86,6,80
120900010,502,66,436
120900011,5,84,-79
120900012,11,679,-668
120900013,223,37,186
120900014,0,69,-69
120900015,727,28,699
120900016,1188,23,1165
120900017,321,1,320
120900018,83,66,17
120900019,157,191,-34
120900020,186,317,-131
120900021,368,26,342
120900022,1,13,-12
120900023,396,13,383
120900024,448,103,345
120900025,375,160,215
120900026,28,27,1
120900027,64,3,61
120900028,506,90,416
120900029,2,702,-700
120900030,1511,186,1325
120900031,235,55,180
120900032,1424,56,1368
120900033,864,22,842
120900034,7,1408,-1401
120900035,44,14,30
120900037,360,2,358
120900038,45,572,-527
120900039,120,13,107
120900040,279,1,278
120900041,2,4,-2
120900042,334,23,311
120900043,73,7,66
120900044,3,184,-181
120900045,30,17,13
120900046,812,1,811
120900047,112,185,-73
120900048,125,12,113
120900049,427,0,427
120900050,322,1907,-1585
120900051,238,71,167
120900052,1005,0,1005
120900053,222,21,201
120900054,179,36,143
120900055,482,2,480
120900056,603,33,570
120900057,133,13,120
120900058,631,0,631
120900059,60,2,58
120900060,48,1,47
120900061,66,29,37
120900062,231,13,218
120900063,790,8,782
120900064,798,1,797
120900065,719,3,716
120900066,150,17,133
120900067,137,33,104
120900068,383,1,382
120900069,224,9,215
120900071,14,0,14
120900072,988,3,985
120900073,711,8,703
120900074,597,10,587
120900076,434,0,434
120900077,341,66,275
120900078,680,55,625
120900079,692,22,670
120900080,1031,151,880
120900081,1968,144,1824
120900082,116,102,14
120900083,74,1,73
120900084,319,327,-8
120900085,16,27,-11
120900086,11,369,-358
120900087,286,37,249
120900088,71,472,-401
120900089,493,2542,-2049
120900090,158,23,135
120900091,104,469,-365
120900092,32,55,-23
120900093,544,38,506
120900094,57,29,28
120900095,82,5,77
120900096,18,39,-21
120900097,214,134,80
120900098,16,19,-3
120900099,4,10,-6
120900100,10,15,-5
120900101,8,30,-22
120900102,38,2,36
120900103,35,58,-23
120900104,1,6,-5
120900105,1,47,-46
120900106,123,59,64
120900107,85,51,34
120900108,2,107,-105
120900109,4,73,-69
120900110,0,35,-35
120900111,63,74,-11
120900112,5,99,-94
120900113,3,72,-69
120900114,6,43,-37
120900115,73,66,7
120900116,363,66,297
120900117,4,74,-70
120900118,8,54,-46
120900119,1668,981,687
120900120,8,63,-55
120900121,9,75,-66
120900122,632,103,529
120900123,1,99,-98
120900124,2,88,-86
120900125,4,63,-59
120900126,406,146,260
120900127,0,77,-77
120900128,59,198,-139
120900129,4,86,-82
120900130,10,46,-36
120900131,21,22,-1
120900132,715,33,682
120900133,3,155,-152
120900134,10,55,-45
120900135,12,81,-69
120900136,40,44,-4
120900137,191,6,185
120900138,1,79,-78
120900139,0,132,-132
120900140,1,60,-59
120900141,76,38,38
120900142,2,76,-74
120900143,0,95,-95
120900144,0,62,-62
120900145,21,169,-148
120900146,7,111,-104
120900147,85,2,83
120900148,38,16,22
120900149,0,58,-58
120900150,8,61,-53
120900151,120,33,87
120900152,271,8,263
120900153,2,0,2
120900154,0,28,-28
120900155,125,147,-22
120900156,225,72,153
120900157,0,1,-1
120900158,6,70,-64
120900159,0,6,-6
120900160,7,89,-82
120900161,2,85,-83
120900162,2,82,-80
120900163,11,87,-76
120900164,0,26,-26
120900165,2,53,-51
120900166,0,165,-165
120900167,28,15,13
120900169,8,7,1
120900170,72,2697,-2625
120900171,87,21,66
120900172,21,294,-273
120900173,3,10,-7
120900174,4,3,1
120900175,33,22,11
120900176,2,214,-212
120900177,2,887,-885
120900178,3,91,-88
120900179,32,46,-14
120900180,32,117,-85
120900181,0,2,-2
120900182,6,25,-19
120900183,225,49,176
120900184,58,8,50
120900185,62,454,-392
120900186,0,30,-30
120900187,254,172,82
120900188,218,25,193
120900189,18,2187,-2169
120900190,148,8,140
120900191,68,0,68
120900192,1960,7590,-5630
120900194,71,8,63
120900195,22,61,-39
120900196,56,10,46
120900197,627,11,616
120900198,6,147,-141
120900199,158,220,-62
120900200,7,17,-10
120900201,109,31,78
120900202,0,15,-15
120900203,8,5,3
120900204,21,39,-18
120900205,17,4,13
120900206,34,5,29
120900207,2,128,-126
121000001,202,278,-76
121000002,496,769,-273
121000003,2059,929,1130
121000004,622,1524,-902
121000005,1377,1792,-415
121000006,763,1189,-426
121000007,1105,1550,-445
121000008,1328,1458,-130
121000009,2136,2465,-329
121000010,1636,1411,225
121000011,1212,2163,-951
121000012,2539,1198,1341
121000013,2143,2278,-135
121000014,1673,1191,482
121000015,1716,2883,-1167
121000016,1055,774,281
121000017,499,816,-317
121000018,822,528,294
121000019,2077,2559,-482
121000020,3219,5543,-2324
121000021,668,1185,-517
121000022,686,1763,-1077
121000023,803,382,421
121000024,1494,2248,-754
121000025,19,384,-365
121000026,90,44,46
121000027,512,510,2
121000028,184,318,-134
121000029,245,201,44
121000030,92,118,-26
121000031,117,171,-54
121000032,17,79,-62
121000034,44,134,-90
121000035,28,124,-96
121000036,403,342,61
121000037,97,625,-528
121000038,190,243,-53
121000039,28,127,-99
121000041,134,171,-37
121000042,74,167,-93
121000043,81,211,-130
121000044,319,153,166
121000045,304,261,43
121000046,265,323,-58
121000047,71,87,-16
121000049,378,385,-7
121000050,59,827,-768
121000051,356,210,146
121000052,185,1122,-937
121000053,68,148,-80
121000054,16,139,-123
121000055,333,653,-320
121000056,321,631,-310
121000057,9,24,-15
121000058,191,109,82
121000059,2025,410,1615
121000060,423,552,-129
121000061,6,469,-463
121000062,30,148,-118
121000063,317,522,-205
121000064,418,349,69
121000065,94,119,-25
121000066,141,305,-164
121000067,225,133,92
121000068,105,300,-195
121000069,37,689,-652
121000070,221,398,-177
121000071,668,631,37
121000072,283,158,125
121000073,343,361,-18
121000074,70,128,-58
121000075,0,16,-16
121000076,143,56,87
121000077,75,71,4
121000078,8,158,-150
121000080,466,179,287
121000081,643,1307,-664
121000082,0,0,0
121000083,63,101,-38
121000084,165,266,-101
121000085,97,214,-117
121000086,185,232,-47
121000087,19,119,-100
121000088,206,237,-31
121000089,63,105,-42
121000090,96,223,-127
121000091,368,401,-33
121000092,66,13,53
121000093,141,56,85
121000094,143,188,-45
121000095,128,411,-283
121000096,1817,432,1385
121000097,135,464,-329
121000098,138,112,26
121000099,137,129,8
121000100,261,31,230
121000101,98,47,51
121000102,126,28,98
121000103,23,104,-81
121000104,166,19,147
121000105,72,16,56
121000106,28,100,-72
121000107,561,941,-380
121000109,385,504,-119
121000110,72,248,-176
121000114,1234,855,379
121000115,317,159,158
121000116,110,101,9
121000117,142,75,67
121000118,691,36,655
121000119,122,123,-1
121000120,170,365,-195
121000121,133,1971,-1838
121000123,349,265,84
121000127,44,89,-45
121000128,620,64,556
121000129,580,87,493
121000130,121,608,-487
121000131,472,494,-22
121000132,366,646,-280
121000135,41,62,-21
121000136,259,909,-650
121000137,99,162,-63
121000138,183,2292,-2109
121000139,29,366,-337
121000141,135,95,40
121000142,482,559,-77
121000143,3,8,-5
121000144,124,458,-334
121000145,214,253,-39
121000146,418,509,-91
121000147,570,138,432
121000148,210,194,16
121000149,916,999,-83
121000152,134,139,-5
121000153,705,176,529
121000154,569,239,330
121000155,1150,289,861
121000156,133,330,-197
121000157,301,333,-32
121000158,130,96,34
121000159,163,221,-58
121000160,321,157,164
121000161,131,180,-49
121000162,71,19,52
121000165,392,1058,-666
121000166,20,284,-264
121000168,108,389,-281
121000169,26,141,-115
121000170,132,16,116
121000171,31,57,-26
121000172,336,289,47
121000173,752,586,166
121000174,287,286,1
121000175,515,163,352
121000176,196,168,28
121000177,264,293,-29
121000178,78,27,51
121000179,85,17,68
121000181,52,223,-171
121000182,148,444,-296
121000183,17,225,-208
121000184,23,222,-199
121000185,10,418,-408
121000186,112,428,-316
121000187,109,25,84
121000188,77,32,45
121000192,337,205,132
121000193,320,77,243
121000194,515,874,-359
121000195,192,433,-241
121000196,220,97,123
121000197,39,168,-129
121000198,42,111,-69
121000199,116,79,37
121000200,270,61,209
121000201,4,160,-156
121000202,301,46,255
121000203,260,392,-132
121000204,1677,248,1429
121000205,93,129,-36
121000206,29,58,-29
121000207,1093,446,647
121000208,2,212,-210
121000209,443,28,415
121000210,325,137,188
121000211,47,16,31
121000212,139,224,-85
121000213,4673,1090,3583
121000214,370,796,-426
121000215,320,406,-86
121000216,117,340,-223
121000217,1223,1782,-559
121000218,250,631,-381
121000219,555,491,64
121000220,209,50,159
121000221,280,330,-50
121000222,1638,1596,42
121000223,326,202,124
121000224,96,165,-69
121000225,491,2862,-2371
121000226,445,1230,-785
121000227,20,140,-120
121000228,17,127,-110
121000229,84,204,-120
121000230,72,576,-504
121000231,1044,28,1016
121000232,154,62,92
121000233,321,153,168
121000234,0,26,-26
121000235,16,62,-46
121000236,0,17,-17
121000237,2,15,-13
121000238,0,29,-29
121000239,47,1,46
121000240,4,41,-37
121000241,19,1,18
121000242,0,54,-54
121000243,53,2,51
121000244,0,11,-11
121000245,20,0,20
121000246,1,20,-19
121000247,54,0,54
121000248,96,70,26
121000249,38,619,-581
121000250,443,455,-12
121000251,1,215,-214
121000252,39,42,-3
121000253,140,223,-83
121000254,474,112,362
121000255,45,255,-210
121000256,152,238,-86
121000257,8,213,-205
121000258,14,165,-151
121000259,10,111,-101
121000260,7,83,-76
121000261,7,130,-123
121000262,438,212,226
121000263,251,248,3
121000271,136,476,-340
121000273,25,4,21
121000274,8,118,-110
121000275,1,1,0
121000276,1,77,-76
121000278,52,11,41
121000279,1,68,-67
121000280,14,51,-37
121000289,164,24,140
121000290,453,482,-29
121000294,120,21,99
121000297,188,515,-327
121000299,30,721,-691
121000300,451,294,157
121000302,3,364,-361
121000303,190,60,130
121000304,192,8,184
121000305,134,49,85
121000306,80,43,37
121000308,39,38,1
121000309,90,179,-89
121000310,67,71,-4
121000311,34,76,-42
121000312,212,91,121
121000313,51,55,-4
121000314,93,52,41
121000315,69,61,8
121000530,1000,799,201
121000531,875,660,215
121000532,2193,2393,-200
121000533,1442,1074,368
121000919,18,52,-34
121000938,7,63,-56
121000939,9,110,-101
121000956,859,916,-57
121000957,4,5,-1
121000958,1,38,-37
121000959,645,141,504
121000960,850,557,293
121000961,101,3,98
121000962,53,103,-50
121000973,0,195,-195
121000976,0,12,-12
121000979,141,134,7
121000981,158,16,142
121000982,384,191,193
121000983,514,62,452
121000984,0,32,-32
121000985,486,267,219
121000986,433,49,384
121000987,90,324,-234
121000988,768,163,605
121001302,40,35,5
121001308,0,4,-4
121001309,12,269,-257
121001311,0,0,0
121001313,250,145,105
121001314,546,771,-225
121001315,2060,1790,270
121001326,288,198,90
121001327,46,40,6
121001328,49,32,17
121900001,44,211,-167
121900002,18,0,18
121900003,68,0,68
121900004,30,227,-197
121900005,6,0,6
121900006,33,3,30
121900007,887,407,480
121900008,33,19,14
121900009,363,48,315
121900010,9,0,9
121900011,54,22,32
121900012,1,0,1
121900013,52,21,31
121900014,631,86,545
121900015,67,56,11
121900016,3,2,1
121900017,149,232,-83
121900018,170,4,166
121900019,135,46,89
121900020,6,1,5
121900021,504,13,491
121900022,62,52,10
121900023,35,251,-216
121900024,43,30,13
121900025,173,86,87
121900026,85,13,72
121900027,107,53,54
121900028,84,2,82
121900029,16,176,-160
121900030,106,108,-2
121900031,157,2285,-2128
121900032,20,12,8
121900033,45,53,-8
121900034,116,59,57
121900035,1128,518,610
121900036,27,117,-90
121900037,44,283,-239
121900038,2,2,0
121900039,92,5,87
121900040,13,18,-5
121900041,30,244,-214
121900042,96,61,35
121900043,1,0,1
121900044,6,17,-11
121900046,12,97,-85
121900047,7,65,-58
121900048,4,3,1
121900050,23,0,23
121900051,76,275,-199
121900052,54,29,25
121900053,225,109,116
121900054,109,268,-159
121900055,0,14,-14
121900058,95,10,85
121900059,54,29,25
121900060,53,141,-88
121900062,26,23,3
121900063,712,120,592
121900064,189,176,13
121900066,9,4,5
121900067,5,0,5
121900069,35,17,18
121900070,41,60,-19
121900071,267,74,193
121900072,11,4,7
121900073,33,146,-113
121900074,114,151,-37
121900075,153,346,-193
121900076,213,200,13
121900078,21,17,4
121900079,0,0,0
121900080,180,41,139
121900082,46,15,31
121900084,2,4,-2
121900086,2,25,-23
121900087,11,40,-29
121900088,239,405,-166
121900089,88,57,31
121900090,0,7,-7
121900091,30,5,25
121900092,54,39,15
121900093,12,19,-7
121900094,0,7,-7
121900095,110,60,50
121900096,303,225,78
121900097,118,31,87
121900098,0,0,0
121900099,93,43,50
121900100,1,24,-23
121900101,51,30,21
121900102,2,6,-4
121900103,71,200,-129
121900104,784,59,725
121900105,47,45,2
121900106,0,0,0
121900107,16,23,-7
121900108,0,0,0
121900109,84,15,69
121900110,176,64,112
121900111,86,38,48
121900112,31,22,9
121900113,16,77,-61
121900114,17,1,16
121900117,4,33,-29
121900118,353,33,320
121900119,64,4,60
121900120,2,107,-105
121900121,10,2,8
121900122,5,0,5
121900123,109,72,37
121900124,14,46,-32
121900125,465,176,289
121900127,1,81,-80
121900128,9,41,-32
121900129,59,25,34
121900130,22,738,-716
121900131,51,12,39
121900132,11,8,3
121900133,3,255,-252
121900134,0,62,-62
121900135,3908,328,3580
121900136,43,34,9
121900137,1,71,-70
121900138,37,52,-15
121900139,93,1560,-1467
121900140,1,3,-2
121900141,43,32,11
121900142,27,3,24
121900143,0,22,-22
121900144,16,75,-59
121900145,46,33,13
121900146,41,51,-10
121900147,7,15,-8
121900148,3,35,-32
121900149,21,32,-11
121900150,16,24,-8
121900151,3,50,-47
121900152,8,1,7
121900153,0,51,-51
121900154,1,32,-31
121900155,0,15,-15
121900156,9,21,-12
121900157,0,12,-12
121900158,3,7,-4
121900159,0,15,-15
121900160,0,53,-53
121900161,25,126,-101
121900162,26,1,25
121900163,154,73,81
121900164,35,74,-39
121900165,24,34,-10
121900166,125,38,87
121900167,65,9,56
121900168,24,7,17
121900169,0,0,0
121900170,5,15,-10
121900171,261,134,127
121900172,90,62,28
121900173,77,79,-2
121900174,13,1,12
121900175,14,98,-84
121900176,136,377,-241
121900177,33,10,23
121900178,5,0,5
121900179,35,89,-54
121900180,486,2681,-2195
121900182,199,178,21
121900183,69,1072,-1003
121900184,36,918,-882
121900186,5,141,-136
121900187,5,26,-21
121900188,697,84,613
121900189,2,6,-4
121900190,35,182,-147
121900191,1,121,-120
121900192,34,667,-633
121900193,0,28,-28
121900194,10,57,-47
121900195,0,35,-35
121900196,84,507,-423
121900197,63,171,-108
121900198,2511,433,2078
121900199,0,10,-10
121900200,6,24,-18
121900201,127,130,-3
121900202,1,175,-174
121900203,10,127,-117
121900204,195,350,-155
121900205,0,30,-30
121900206,5,13,-8
121900207,28,1,27
121900208,47,134,-87
121900209,1,11,-10
121900210,387,157,230
121900211,188,127,61
121900212,13,37,-24
121900213,98,16,82
121900214,0,131,-131
121900215,1,47,-46
121900216,0,103,-103
121900217,24,71,-47
121900218,37,149,-112
121900220,34,0,34
121900221,85,101,-16
121900222,82,16,66
121900223,24,51,-27
121900224,19,48,-29
121900225,8,81,-73
121900226,46,2,44
121900227,120,240,-120
121900228,31,52,-21
121900230,24,110,-86
121900231,22,134,-112
121900232,49,59,-10
121900233,69,51,18
121900234,33,21,12
121900235,207,42,165
121900236,151,19,132
121900237,47,110,-63
121900238,18,49,-31
121900239,48,8,40
121900240,27,32,-5
121900241,3,2,1
121900242,0,0,0
121900243,1,0,1
121900244,0,0,0
121900245,16,15,1
121900246,1473,86,1387
121900248,198,155,43
121900250,18,217,-199
121900251,187,23,164
121900252,44,33,11
121900253,4,404,-400
121900254,30,88,-58
121900255,182,27,155
121900258,2175,657,1518
121900259,19,125,-106
121900260,21,6,15
121900261,23,143,-120
121900262,72,123,-51
121900263,20,23,-3
121900264,172,139,33
121900265,106,17,89
121900266,187,49,138
121900267,24,12,12
121900269,23,144,-121
121900270,12,42,-30
121900271,6,439,-433
121900273,92,767,-675
121900274,152,55,97
121900277,66,245,-179
121900278,7,301,-294
121900279,54,50,4
121900280,14,105,-91
121900281,40,44,-4
121900284,6,2,4
121900286,32,7,25
121900287,13,2,11
121900288,0,0,0
121900290,6,156,-150
121900291,106,204,-98
121900292,26,30,-4
121900293,210,942,-732
121900294,43,0,43
121900295,23,15,8
121900296,55,51,4
121900298,42,366,-324
121900299,0,70,-70
121900300,26,48,-22
121900301,49,1,48
121900302,0,93,-93
121900303,38,69,-31
121900304,1,4,-3
121900305,2,1,1
121900306,215,1,214
121900307,60,2,58
121900308,0,23,-23
121900309,0,12,-12
121900310,5,105,-100
121900311,248,5,243
121900312,175,8,167
121900313,132,3,129
121900314,1,1,0
121900315,4,0,4
121900316,0,1,-1
121900317,9,26,-17
121900318,0,4,-4
121900319,39,87,-48
121900320,7,18,-11
121900321,25,0,25
121900322,0,1,-1
121900323,4,5,-1
121900324,0,4,-4
121900325,2,0,2
121900326,11,18,-7
121900327,0,7,-7
121900328,0,0,0
121900329,0,11,-11
121900330,0,45,-45
121900331,8,16,-8
121900332,31,3,28
121900333,21,0,21
121900334,8,16,-8
122000001,480,773,-293
122000002,726,170,556
122000003,232,540,-308
122000004,256,293,-37
122000005,1527,1248,279
122000006,242,467,-225
122000007,165,399,-234
122000008,273,652,-379
122000009,104,83,21
122000010,673,742,-69
122000011,949,516,433
122000012,310,581,-271
122000013,167,671,-504
122000014,1402,493,909
122000015,334,221,113
122000016,133,213,-80
122000017,285,507,-222
122000018,542,653,-111
122000019,151,760,-609
122000020,71,155,-84
122000021,33,93,-60
122000022,218,351,-133
122000023,97,439,-342
122000024,122,600,-478
122000025,205,551,-346
122000026,148,332,-184
122000027,136,197,-61
122000028,480,243,237
122000029,66,202,-136
122000030,84,14,70
122000031,58,354,-296
122000032,757,653,104
122000033,62,453,-391
122000034,95,237,-142
122000035,18,137,-119
122000036,165,138,27
122000037,180,83,97
122000038,94,105,-11
122000039,243,193,50
122000040,66,60,6
122000041,298,513,-215
122000042,191,223,-32
122000043,28,57,-29
122000044,42,35,7
122000045,279,296,-17
122000046,140,306,-166
122000047,42,39,3
122000048,758,1245,-487
122000049,1943,976,967
122000050,198,287,-89
122000051,40,361,-321
122000052,153,396,-243
122000053,128,926,-798
122000054,899,844,55
122000055,1137,1543,-406
122000056,834,878,-44
122000057,726,1555,-829
122000058,188,782,-594
122000059,152,954,-802
122000060,149,219,-70
122000061,74,89,-15
122000062,385,117,268
122000063,142,435,-293
122000064,1133,2420,-1287
122000065,1000,861,139
122000066,70,324,-254
122000067,572,1006,-434
122000068,620,643,-23
122000069,466,337,129
122000070,234,466,-232
122000071,1385,488,897
122000072,184,186,-2
122000073,46,407,-361
122000074,601,591,10
122000075,262,275,-13
122000076,1179,437,742
122000077,252,882,-630
122000078,199,816,-617
122000079,197,913,-716
122000080,116,121,-5
122000081,39,154,-115
122000082,123,407,-284
122000083,1102,531,571
122000084,951,379,572
122000085,82,241,-159
122000086,791,2537,-1746
122000087,143,142,1
122000088,18,98,-80
122000089,1544,1114,430
122000090,62,470,-408
122000091,48,149,-101
122000092,40,16,24
122000093,427,1052,-625
122000094,2303,1044,1259
122000095,394,1199,-805
122000096,224,579,-355
122000098,948,1316,-368
122000099,179,636,-457
122000100,291,200,91
122000101,89,165,-76
122000102,657,351,306
122000103,439,529,-90
122000104,402,157,245
122000105,95,161,-66
122000106,120,474,-354
122000107,492,206,286
122000108,171,232,-61
122000109,100,93,7
122000110,121,295,-174
122000111,665,395,270
122000112,426,597,-171
122000113,149,149,0
122000114,298,1077,-779
122000115,552,976,-424
122000116,44,71,-27
122000117,159,157,2
122000118,235,62,173
122000119,331,248,83
122000120,220,333,-113
122000121,186,519,-333
122000122,148,285,-137
122000123,200,328,-128
122000124,243,230,13
122000125,22,140,-118
122000126,60,158,-98
122000127,73,105,-32
122000128,148,83,65
122000129,81,812,-731
122000130,526,182,344
122000131,265,141,124
122000132,131,74,57
122000133,172,190,-18
122000134,334,500,-166
122000135,231,126,105
122000136,193,223,-30
122000137,512,258,254
122000139,295,700,-405
122000140,83,246,-163
122000141,1587,473,1114
122000142,46,660,-614
122000143,147,186,-39
122000144,688,173,515
122000145,268,168,100
122000146,189,634,-445
122000147,125,166,-41
122000148,151,193,-42
122000149,423,169,254
122000150,472,243,229
122000151,15,8,7
122000152,144,107,37
122000153,76,152,-76
122000154,66,94,-28
122000155,350,436,-86
122000156,1347,963,384
122000157,1109,2513,-1404
122000158,54,262,-208
122000159,396,442,-46
122000160,594,308,286
122000161,391,265,126
122000162,200,450,-250
122000163,151,14,137
122000164,4,49,-45
122000165,195,473,-278
122000166,205,1025,-820
122000167,40,131,-91
122000168,55,974,-919
122000169,109,66,43
122000170,61,93,-32
122000171,2,13,-11
122000172,670,426,244
122000173,606,728,-122
122000174,290,854,-564
122000175,155,148,7
122000176,105,1696,-1591
122000177,304,777,-473
122000178,1540,1073,467
122000179,927,1145,-218
122000180,249,587,-338
122000181,213,725,-512
122000182,295,279,16
122000183,502,328,174
122000184,1307,565,742
122000185,447,707,-260
122000186,109,286,-177
122000187,775,292,483
122000188,81,63,18
122000189,44,63,-19
122000190,341,606,-265
122000191,192,221,-29
122000192,387,147,240
122000193,276,348,-72
122000194,194,66,128
122000195,55,455,-400
122000196,382,167,215
122000197,184,366,-182
122000198,117,639,-522
122000199,116,73,43
122000200,365,167,198
122000201,378,1010,-632
122000202,239,1306,-1067
122000203,662,253,409
122000204,375,388,-13
122000205,151,195,-44
122000206,1446,392,1054
122000207,998,720,278
122000208,798,479,319
122000209,680,95,585
122000210,548,530,18
122000211,279,564,-285
122000212,247,198,49
122000213,237,603,-366
122000214,631,658,-27
122000215,1169,1235,-66
122000217,382,510,-128
122000218,221,32,189
122000219,500,231,269
122000220,131,309,-178
122000221,26,356,-330
122000222,147,41,106
122000223,169,242,-73
122000225,167,203,-36
122000226,574,586,-12
122000227,37,330,-293
122000228,44,52,-8
122000229,13,183,-170
122000230,4,172,-168
122000231,116,447,-331
122000232,152,412,-260
122000233,1,57,-56
122000234,281,43,238
122000235,661,25,636
122000236,627,22,605
122000237,29,38,-9
122000238,80,371,-291
122000239,207,93,114
122000240,426,219,207
122000241,928,136,792
122000242,126,6,120
122000243,137,40,97
122000244,50,129,-79
122000245,26,23,3
122000246,226,53,173
122000247,141,334,-193
122000248,472,362,110
122000249,625,464,161
122000250,502,500,2
122000251,18,73,-55
122000252,60,34,26
122000253,9,66,-57
122000254,131,47,84
122000255,125,384,-259
122000256,220,295,-75
122000257,97,385,-288
122000258,55,293,-238
122000259,25,253,-228
122000260,93,202,-109
122000261,14,89,-75
122000262,0,46,-46
122000263,58,61,-3
122000264,815,72,743
122000265,875,287,588
122000266,1344,193,1151
122000267,100,23,77
122000268,54,20,34
122000269,468,66,402
122000270,202,46,156
122000271,111,360,-249
122000272,120,138,-18
122000273,114,53,61
122000274,76,110,-34
122000275,96,114,-18
122000276,451,162,289
122000277,372,721,-349
122000278,760,418,342
122000279,58,52,6
122000280,238,91,147
122000281,186,94,92
122000282,26,839,-813
122000283,25,157,-132
122000284,25,18,7
122000285,227,83,144
122000286,19,142,-123
122000287,771,1347,-576
122000288,92,187,-95
122000291,872,405,467
122000293,117,71,46
122000294,30,141,-111
122000295,679,161,518
122000296,26,461,-435
122000297,589,1844,-1255
122000299,307,1052,-745
122000300,140,212,-72
122000301,2730,2135,595
122000302,154,1339,-1185
122000303,470,272,198
122000304,1,111,-110
122000305,896,380,516
122000306,25,173,-148
122000307,15,68,-53
122000309,8,69,-61
122000310,9,25,-16
122000311,27,71,-44
122000312,75,176,-101
122000313,15,51,-36
122000314,82,239,-157
122000315,115,2,113
122000316,612,149,463
122000317,1373,161,1212
122000318,118,405,-287
122000319,27,148,-121
122000320,87,259,-172
122000321,67,33,34
122000322,589,485,104
122000323,167,485,-318
122000324,393,887,-494
122000325,185,545,-360
122000326,73,58,15
122000327,70,227,-157
122000328,276,164,112
122000330,687,387,300
122000333,28,23,5
122000337,658,179,479
122000338,266,80,186
122000340,51,675,-624
122000342,592,454,138
122000343,266,126,140
122000344,60,5,55
122000345,110,5,105
122000346,41,15,26
122000348,247,169,78
122000349,25,74,-49
122000351,71,92,-21
122000352,166,45,121
122000353,28,15,13
122000355,45,239,-194
122000356,161,513,-352
122000357,14,5,9
122000358,0,1,-1
122000359,0,1,-1
122000360,0,0,0
122000362,0,3,-3
122000364,176,87,89
122000365,0,14,-14
122000366,62,0,62
122000368,232,173,59
122000370,3,1,2
122000371,38,2,36
122000372,1,0,1
122000381,126,136,-10
122000382,8,64,-56
122000384,351,431,-80
122000385,33,0,33
122000386,77,446,-369
122000387,177,545,-368
122000388,337,258,79
122000389,93,288,-195
122000390,140,181,-41
122000391,9,298,-289
122000392,48,47,1
122000393,301,238,63
122000394,225,63,162
122000395,56,43,13
122000396,160,17,143
122000399,64,20,44
122000400,14,245,-231
122000401,53,1,52
122000402,267,58,209
122000403,75,97,-22
122000404,160,20,140
122000408,118,352,-234
122000503,1,39,-38
122000524,10,63,-53
122000544,16,1201,-1185
122000614,76,84,-8
122000616,53,0,53
122000640,59,26,33
122000641,87,111,-24
122000642,732,327,405
122000643,31,240,-209
122000644,108,48,60
122000645,52,187,-135
122000651,110,489,-379
122000664,107,35,72
122000665,214,174,40
122000666,87,144,-57
122000673,34,68,-34
122000674,334,104,230
122000675,1059,392,667
122000686,58,229,-171
122000687,778,32,746
122000688,160,139,21
122000689,559,28,531
122000690,1487,77,1410
122000691,721,237,484
122000692,1207,82,1125
122000693,321,709,-388
122000695,237,77,160
122000696,347,16,331
122000698,187,80,107
122000699,169,39,130
122000701,1195,180,1015
122000702,299,1074,-775
122000703,45,7,38
122000712,0,0,0
122000717,550,178,372
122000718,139,1777,-1638
122000719,10,16,-6
122000720,660,40,620
122000724,39,43,-4
122900001,14,14,0
122900002,272,2711,-2439
122900003,220,2,218
122900004,2130,102,2028
122900005,17,216,-199
122900006,34,1077,-1043
122900007,11,26,-15
122900008,102,312,-210
122900009,65,36,29
122900010,99,48,51
122900012,110,198,-88
122900014,26,13,13
122900015,661,169,492
122900016,30,66,-36
122900017,102,285,-183
122900018,18,2,16
122900020,48,528,-480
122900021,3,126,-123
122900022,468,523,-55
122900023,185,34,151
122900024,51,24,27
122900025,1,27,-26
122900026,3,22,-19
122900027,1,331,-330
122900028,50,16,34
122900029,1734,941,793
122900030,223,33,190
122900031,33,201,-168
122900032,136,104,32
122900033,116,56,60
122900034,983,1367,-384
122900035,1,0,1
122900036,21,1,20
122900037,103,17,86
122900038,10,692,-682
122900039,4,121,-117
122900040,180,265,-85
122900041,37,216,-179
122900042,61,26,35
122900043,77,79,-2
122900044,14,131,-117
122900045,30,84,-54
122900046,78,201,-123
122900047,50,14,36
122900048,3,121,-118
122900049,948,34,914
122900051,4,94,-90
122900052,112,21,91
122900053,0,11,-11
122900055,38,10,28
122900057,112,2,110
122900061,219,6,213
122900062,178,280,-102
122900063,95,26,69
122900064,339,282,57
122900065,105,118,-13
122900066,138,63,75
122900067,193,78,115
122900069,137,554,-417
122900070,168,6,162
122900071,28,44,-16
122900073,38,54,-16
122900074,821,79,742
122900075,0,3,-3
122900076,0,137,-137
122900077,0,3,-3
122900078,137,5,132
122900080,2,11,-9
122900081,30,55,-25
122900082,853,56,797
122900083,2,24,-22
122900084,1,94,-93
122900086,0,13,-13
122900087,336,131,205
122900088,0,81,-81
122900089,46,215,-169
122900090,1,109,-108
122900091,272,1,271
122900092,0,30,-30
122900093,0,10,-10
122900094,1,46,-45
122900095,97,2,95
122900096,410,17,393
122900097,10,37,-27
122900098,6,24,-18
122900099,70,46,24
122900100,5,419,-414
122900101,73,54,19
122900102,60,39,21
122900103,202,1,201
122900104,122,0,122
122900105,4,1,3
122900106,0,4,-4
122900107,0,12,-12
122900108,3,37,-34
122900109,128,78,50
123000001,215,203,12
123000002,900,2326,-1426
123000003,1066,1031,35
123000004,1355,2582,-1227
123000005,1177,742,435
123000006,880,1036,-156
123000007,1448,937,511
123000008,826,959,-133
123000009,1804,1696,108
123000010,1518,1507,11
123000011,508,446,62
123000012,317,882,-565
123000013,1678,319,1359
123000014,192,990,-798
123000015,1055,711,344
123000016,489,1111,-622
123000017,3664,1686,1978
123000018,134,71,63
123000019,369,7,362
123000020,266,17,249
123000021,206,250,-44
123000022,560,967,-407
123000023,1478,1110,368
123000024,900,523,377
123000025,268,59,209
123000026,38,78,-40
123000027,33,535,-502
123000028,59,2887,-2828
123000029,82,1247,-1165
123000030,174,91,83
123000031,389,82,307
123000032,478,97,381
123000033,146,45,101
123000034,403,422,-19
123000035,92,217,-125
123000036,42,431,-389
123000037,32,17,15
123000038,8,208,-200
123000039,221,1012,-791
123000040,224,77,147
123000041,171,353,-182
123000042,227,305,-78
123000043,365,2508,-2143
123000044,1640,785,855
123000045,928,404,524
123000046,90,416,-326
123000047,239,339,-100
123000048,12,896,-884
123000049,1266,2922,-1656
123000050,829,818,11
123000051,14,113,-99
123000052,424,824,-400
123000053,549,585,-36
123000054,621,825,-204
123000055,1236,1809,-573
123000056,247,184,63
123000057,1392,1587,-195
123000058,168,537,-369
123000059,153,1988,-1835
123000060,592,349,243
123000061,442,869,-427
123000063,195,79,116
123000064,846,113,733
123000065,740,421,319
123000066,97,174,-77
123000067,196,140,56
123000068,455,526,-71
123000069,700,350,350
123000070,8,82,-74
123000071,436,155,281
123000072,287,155,132
123000073,924,260,664
123000074,539,679,-140
123000075,338,546,-208
123000076,289,110,179
123000077,549,441,108
123000078,750,251,499
123000079,1036,522,514
123000080,948,385,563
123000081,46,88,-42
123000082,36,254,-218
123000083,447,173,274
123000084,386,309,77
123000085,412,39,373
123000086,488,26,462
123000087,283,90,193
123000088,597,206,391
123000089,434,244,190
123000090,528,249,279
123000091,991,586,405
123000092,508,429,79
123000094,322,77,245
123000095,341,122,219
123000096,429,125,304
123000097,375,74,301
123000098,449,105,344
123000099,362,118,244
123000100,156,225,-69
123000101,173,161,12
123000102,200,326,-126
123000104,128,140,-12
123000105,127,37,90
123000106,231,62,169
123000107,112,53,59
123000108,417,362,55
123000111,471,100,371
123000112,320,31,289
123000113,200,236,-36
123000114,79,257,-178
123000115,111,214,-103
123000116,38,52,-14
123000117,434,311,123
123000118,216,88,128
123000119,170,146,24
123000120,309,222,87
123000121,190,174,16
123000122,119,54,65
123000123,250,209,41
123000124,142,67,75
123000125,458,459,-1
123000126,603,1480,-877
123000127,132,123,9
123000128,123,86,37
123000129,627,33,594
123000130,586,34,552
123000131,580,340,240
123000132,89,183,-94
123000133,60,43,17
123000134,97,26,71
123000135,781,171,610
123000136,49,152,-103
123000137,47,48,-1
123000138,67,71,-4
123000139,325,52,273
123000140,26,72,-46
123000141,226,21,205
123000142,645,293,352
123000143,308,590,-282
123000144,1,20,-19
123000145,71,358,-287
123000146,10,229,-219
123000147,14,219,-205
123000149,129,124,5
123000150,42,94,-52
123000151,63,244,-181
123000152,22,179,-157
123000153,28,470,-442
123000154,487,1191,-704
123000155,1000,923,77
123000156,37,46,-9
123000157,299,481,-182
123000158,174,327,-153
123000159,534,1028,-494
123000160,375,525,-150
123000161,521,419,102
123000162,584,960,-376
123000163,380,67,313
123000164,886,30,856
123000165,57,233,-176
123000166,4,23,-19
123000167,62,51,11
123000168,124,53,71
123000169,524,15,509
123000170,108,28,80
123000171,602,2,600
123000172,24,135,-111
123000173,221,61,160
123000174,263,146,117
123000175,78,213,-135
123000176,900,165,735
123000177,121,227,-106
123000178,513,89,424
123000179,2,125,-123
123000180,711,128,583
123000181,26,231,-205
123000183,71,256,-185
123000186,36,254,-218
123000187,392,17,375
123000188,291,18,273
123000189,130,37,93
123000190,0,53,-53
123000192,5,68,-63
123000193,21,151,-130
123000194,107,114,-7
123000195,74,0,74
123000196,91,2,89
123000197,28,41,-13
123000198,13,268,-255
123000199,25,201,-176
123000200,217,49,168
123000201,224,2,222
123000202,9,157,-148
123000203,562,5,557
123000204,22,263,-241
123000205,50,253,-203
123000206,1626,109,1517
123000207,63,225,-162
123000208,742,25,717
123000209,1515,159,1356
123000210,87,409,-322
123000211,95,585,-490
123000212,2645,147,2498
123000213,421,200,221
123000215,37,144,-107
123000216,39,497,-458
123000217,177,10,167
123000218,96,249,-153
123000219,273,54,219
123000220,130,50,80
123000222,140,68,72
123000223,280,40,240
123000224,245,88,157
123000225,96,12,84
123000226,67,81,-14
123000227,32,20,12
123000228,251,35,216
123000229,187,168,19
123000232,36,58,-22
123000233,364,26,338
123000234,183,124,59
123000235,597,105,492
123000236,111,201,-90
123000237,284,54,230
123000238,12,64,-52
123000239,115,148,-33
123000240,45,405,-360
123000241,108,9,99
123000243,420,348,72
123000244,334,266,68
123000245,0,24,-24
123000249,142,240,-98
123000252,352,31,321
123000253,888,192,696
123000254,213,198,15
123000255,398,566,-168
123000256,172,155,17
123000257,237,197,40
123000258,343,289,54
123000259,299,115,184
123000260,369,57,312
123000261,471,45,426
123000262,18,12,6
123000263,302,12,290
123000264,188,43,145
123000265,24,32,-8
123000266,223,149,74
123000267,394,93,301
123000268,14,7,7
123000269,23,65,-42
123000270,17,69,-52
123000271,9,18,-9
123000272,274,141,133
123000273,141,612,-471
123000274,718,309,409
123000275,52,181,-129
123000278,911,1362,-451
123000279,176,55,121
123000280,189,349,-160
123000281,151,29,122
123000282,32,110,-78
123000283,300,13,287
123000284,13,27,-14
123000286,58,282,-224
123000287,102,109,-7
123000288,296,579,-283
123000289,72,809,-737
123000291,47,251,-204
123000294,114,213,-99
123000295,534,954,-420
123000296,561,913,-352
123000297,539,213,326
123000298,697,130,567
123000299,195,155,40
123000300,1274,1109,165
123000301,139,226,-87
123000302,116,16,100
123000303,39,640,-601
123000305,214,340,-126
123000306,150,27,123
123000309,13,30,-17
123000310,74,3,71
123000311,0,61,-61
123000312,730,190,540
123000313,857,663,194
123000315,235,42,193
123000316,145,364,-219
123000317,136,89,47
123000318,16,76,-60
123000329,2,7,-5
123000337,234,331,-97
123000338,20,266,-246
123000339,281,23,258
123000340,189,155,34
123000342,3,16,-13
123000343,62,5,57
123000344,263,40,223
123000345,138,81,57
123000346,707,106,601
123000352,277,246,31
123000353,76,23,53
123000354,467,43,424
123000355,28,1052,-1024
123000356,224,3,221
123000357,0,34,-34
123000359,7,29,-22
123000360,133,71,62
123000361,395,101,294
123000362,241,20,221
123000363,100,39,61
123000364,409,243,166
123000365,5,161,-156
123000366,469,1135,-666
123000367,501,449,52
123000370,11,19,-8
123000371,334,3,331
123000372,144,5,139
123000373,2,41,-39
123000374,11,5,6
123000375,218,15,203
123000376,529,320,209
123000377,385,0,385
123000378,4,49,-45
123000379,0,126,-126
123000380,3,82,-79
123000381,49,145,-96
123000382,487,97,390
123000383,34,279,-245
123000384,586,192,394
123000385,13,92,-79
123000436,87,1516,-1429
123000507,104,138,-34
123000508,321,941,-620
123000517,55,10,45
123000518,21,21,0
123000519,20,8,12
123000520,29,15,14
123000521,218,58,160
123000522,49,116,-67
123000541,3,2,1
123000542,0,0,0
123000565,614,14,600
123000566,238,100,138
123000567,112,41,71
123000575,1,20,-19
123000576,348,5,343
123000577,98,162,-64
123000578,274,84,190
123000579,763,2432,-1669
123000580,60,47,13
123000582,293,1,292
123000583,16,114,-98
123000584,143,86,57
123000585,0,5,-5
123000586,85,13,72
123000596,29,11,18
123000597,53,98,-45
123000602,49,13,36
123000603,563,20,543
123000604,146,29,117
123000605,195,9,186
123000606,0,62,-62
123000609,33,160,-127
123000610,23,55,-32
123000613,3,40,-37
123000615,5,48,-43
123000616,234,29,205
123000617,6,53,-47
123000618,16,146,-130
123000619,430,25,405
123000620,17,284,-267
123000622,592,23,569
123000624,186,51,135
123000630,2458,179,2279
123000631,1188,627,561
123000632,454,255,199
123000633,102,230,-128
123000634,0,150,-150
123000635,7,56,-49
123000636,40,119,-79
123000637,111,47,64
123000638,367,66,301
123000639,2202,3698,-1496
123000640,20,173,-153
123000648,736,98,638
123000649,41,244,-203
123000650,154,110,44
123000651,551,412,139
123000652,573,58,515
123000653,56,304,-248
123000654,240,74,166
123000655,27,515,-488
123000656,366,229,137
123000657,0,46,-46
123000658,107,7,100
123900001,634,23,611
123900002,22,475,-453
123900003,13,62,-49
123900005,128,98,30
123900006,143,14,129
124000001,1090,105,985
124000002,0,81,-81
124000003,776,48,728
124000004,9,143,-134
124000005,628,540,88
124000006,18,157,-139
124000007,319,57,262
124000008,29,93,-64
124000009,594,107,487
124000010,63,110,-47
124000011,481,85,396
124000012,50,73,-23
124000017,138,75,63
124000018,4,5,-1
124000019,117,51,66
124000020,1,11,-10
124000021,68,33,35
124000022,23,10,13
124000023,309,103,206
124000024,530,209,321
124000025,354,304,50
124000026,554,115,439
124000027,432,152,280
124000028,1000,195,805
124000031,529,3990,-3461
124000032,300,109,191
124000033,388,531,-143
124000034,116,239,-123
124000035,230,56,174
124000036,14,113,-99
124000037,77,174,-97
124000038,1,5,-4
124000039,95,32,63
124000040,34,134,-100
124000041,347,8,339
124000042,100,53,47
124000043,115,18,97
124000044,19,17,2
124000045,742,50,692
124000046,21,149,-128
124000047,1426,127,1299
124000048,309,159,150
124000049,1232,136,1096
124000050,264,303,-39
124000051,1060,150,910
124000052,253,278,-25
124000053,299,1301,-1002
124000054,178,110,68
124000055,512,2070,-1558
124000056,557,160,397
124000057,942,164,778
124000058,180,268,-88
124000059,638,536,102
124000060,113,270,-157
124000061,623,3408,-2785
124000062,1082,441,641
124000063,528,310,218
124000064,602,380,222
124000065,20,126,-106
124000066,222,132,90
124000067,44,76,-32
124000068,6,34,-28
124000069,393,88,305
124000070,49,79,-30
124000071,62,65,-3
124000072,30,46,-16
124000073,371,50,321
124000074,59,23,36
124000075,419,17,402
124000076,0,0,0
124000077,57,282,-225
124000078,441,346,95
124000079,26,380,-354
124000080,450,45,405
124000081,20,64,-44
124000082,42,103,-61
124000083,3,20,-17
124000084,3,544,-541
124000085,27,7,20
124000086,5,123,-118
124000087,52,116,-64
124000088,52,49,3
124000089,346,27,319
124000090,105,187,-82
124000091,354,13,341
124000092,144,296,-152
124000093,89,16,73
124000094,27,82,-55
124000095,105,12,93
124000096,39,19,20
124000097,109,34,75
124000098,136,15,121
124000099,180,113,67
124000100,22,286,-264
124000101,78,83,-5
124000102,57,14,43
124000103,106,78,28
124000104,39,28,11
124000105,67,51,16
124000106,35,28,7
124000107,29,185,-156
124000108,12,1,11
124000109,180,38,142
124000110,45,22,23
124000111,90,77,13
124000112,454,158,296
124000113,132,139,-7
124000114,184,218,-34
124000115,96,379,-283
124000116,68,155,-87
124000117,5,32,-27
124000118,11,50,-39
124000119,457,132,325
124000120,280,112,168
124000121,572,357,215
124000122,156,530,-374
124000123,228,114,114
124000124,167,152,15
124000125,207,93,114
124000126,61,136,-75
124000127,591,99,492
124000128,284,156,128
124000129,683,337,346
124000130,133,108,25
124000131,383,170,213
124000132,97,256,-159
124000133,548,290,258
124000134,283,182,101
124000135,679,939,-260
124000136,112,339,-227
124000137,351,333,18
124000138,142,565,-423
124000139,185,24,161
124000140,10,93,-83
124000141,919,10,909
124000142,8,61,-53
124000143,19,0,19
124000144,0,51,-51
124000145,111,4,107
124000146,14,36,-22
124000148,4,22,-18
124000149,493,82,411
124000150,90,325,-235
124000151,766,105,661
124000152,131,218,-87
124000153,496,194,302
124000154,123,106,17
124000155,425,219,206
124000156,177,174,3
124000169,89,142,-53
124000170,165,211,-46
124000171,153,143,10
124000172,184,151,33
124000173,404,97,307
124000174,349,145,204
124000175,0,0,0
124000176,27,4,23
124000177,0,0,0
124000178,8,40,-32
124000185,19,2,17
124000186,5,20,-15
124000187,2,7,-5
124000188,106,0,106
124000190,56,59,-3
124000191,20,279,-259
124000192,390,350,40
124000193,52,636,-584
124000194,95,87,8
124000195,244,141,103
124000196,188,225,-37
124000197,26,7,19
124000198,33,15,18
124000201,23,149,-126
124000202,429,65,364
124000203,545,57,488
124000204,1125,22,1103
124000205,80,55,25
124000206,716,60,656
124000207,0,12,-12
124000209,104,42,62
124000210,745,48,697
124000211,638,0,638
124000212,0,39,-39
124000213,387,96,291
124000214,439,22,417
124000215,747,63,684
124000216,3,70,-67
124000329,2,223,-221
124000338,1,166,-165
124000339,1265,8,1257
124000341,1406,21,1385
124000344,87,24,63
124000357,941,1745,-804
124000358,682,1666,-984
124000359,812,354,458
124000360,882,263,619
124000361,980,708,272
124000362,376,1112,-736
124000363,161,96,65
124000364,249,178,71
124000365,313,303,10
124000366,1041,1185,-144
124000367,7,67,-60
124000368,225,701,-476
124000369,26,44,-18
124000370,4,326,-322
124000402,2,11,-9
124000403,66,26,40
124000404,14,22,-8
124000405,395,153,242
124000406,232,87,145
124000407,1,9,-8
124000411,2,60,-58
124000412,354,3,351
124000413,18,83,-65
124000414,175,30,145
124000415,30,40,-10
124000416,112,41,71
124000417,189,32,157
124000418,228,35,193
124000419,78,20,58
124000420,132,12,120
124000421,56,40,16
124000422,2,5,-3
124000423,116,20,96
124000424,1,7,-6
124000425,56,57,-1
124000426,8,9,-1
124000427,85,3,82
124000428,0,184,-184
124000429,157,14,143
124000430,491,122,369
124000431,187,61,126
124000432,170,369,-199
124000439,46,8,38
124000443,0,0,0
124000445,39,1627,-1588
124000446,266,274,-8
124000447,1,161,-160
124000448,200,2,198
124000449,310,1,309
124000450,2,50,-48
124000451,1,7,-6
124000452,125,43,82
124000453,907,876,31
124000454,580,2905,-2325
124000455,1,182,-181
124000456,682,23,659
124000457,0,20,-20
124000458,1,10,-9
124000459,284,0,284
124000460,0,2,-2
124900001,687,75,612
124900002,68,38,30
124900003,645,114,531
124900004,474,117,357
124900005,67,5,62
124900006,438,89,349
124900008,239,137,102
124900009,18,167,-149
124900010,94,18,76
124900011,370,88,282
124900012,146,12,134
124900013,200,42,158
124900014,93,17,76
124900015,39,198,-159
124900016,31,89,-58
124900017,79,2279,-2200
124900018,42,11,31
124900020,104,38,66
124900021,248,8,240
124900022,25,9,16
124900024,216,0,216
124900026,5,0,5
124900027,58,54,4
124900028,168,39,129
124900029,23,237,-214
124900030,3,45,-42
124900031,1,87,-86
124900032,85,80,5
124900033,11,8,3
124900034,3,29,-26
124900035,23,15,8
124900036,0,44,-44
124900037,6,43,-37
124900038,17,34,-17
124900039,2,34,-32
124900040,12,11,1
124900041,136,130,6
124900042,6,0,6
124900043,150,86,64
124900044,16,0,16
124900045,38,157,-119
124900047,8,18,-10
124900048,95,6,89
124900050,97,1,96
124900052,8,36,-28
124900053,48,88,-40
124900054,269,38,231
124900055,0,0,0
124900057,1,18,-17
124900060,5,17,-12
124900061,29,4,25
124900062,77,0,77
124900066,0,0,0
124900067,1,0,1
124900068,56,251,-195
124900070,0,1,-1
124900072,120,15,105
124900075,138,36,102
124900076,5,456,-451
124900077,0,15,-15
124900078,36,0,36
124900079,30,23,7
124900080,127,48,79
124900081,590,59,531
124900082,88,49,39
124900083,56,53,3
124900085,114,112,2
124900086,6,261,-255
124900087,66,22,44
124900088,11,25,-14
124900089,47,3,44
124900090,345,60,285
124900091,93,20,73
124900092,74,11,63
124900093,347,19,328
124900094,360,61,299
124900095,73,335,-262
124900096,76,18,58
124900097,318,3,315
124900098,31,76,-45
124900099,13,122,-109
124900100,223,3,220
124900101,170,11,159
124900102,317,1,316
124900103,22,9,13
124900104,12,14,-2
124900105,18,2,16
124900106,149,1,148
124900107,128,16,112
124900108,19,19,0
124900111,0,0,0
124900112,72,26,46
124900113,1,25,-24
124900114,2,15,-13
124900115,3,16,-13
124900116,126,234,-108
124900117,26,52,-26
124900118,45,507,-462
124900119,172,112,60
124900120,1,12,-11
124900121,3,190,-187
124900122,9,4,5
124900123,89,68,21
124900124,10,32,-22
124900125,777,0,777
124900126,0,1,-1
204000001,163,7,156
204000002,56,6,50
204000003,9,0,9
204000004,9,0,9
204000005,261,230,31
204000006,751,986,-235
204000011,0,0,0
204000012,0,5,-5
204000019,1073,186,887
204000020,634,187,447
204000021,405,467,-62
204000022,871,323,548
204000023,173,227,-54
204000031,16,3,13
204000032,102,22,80
204000034,45,9,36
204000035,0,1,-1
204000036,4,4,0
204000037,0,9,-9
204000038,1,8,-7
204000039,4,14,-10
204000040,1,10,-9
204000041,2,34,-32
204000042,12,12,0
204000043,16,0,16
204000044,29,1,28
204000045,13,4,9
204000046,4,0,4
204000057,0,28,-28
204000062,19,40,-21
204000068,6,34,-28
204000069,9,62,-53
204000070,76,11,65
204000080,16,6,10
204000085,251,144,107
204000086,583,334,249
204000087,29,7,22
204000088,0,0,0
204000090,0,6,-6
204000093,42,1,41
204000096,645,202,443
204000097,225,0,225
204000099,561,1266,-705
204000100,1081,485,596
204000105,380,139,241
204000110,97,298,-201
204000111,174,197,-23
204000112,76,141,-65
204000113,52,195,-143
204000114,505,720,-215
204000115,574,163,411
204000116,241,95,146
204000119,1684,723,961
204000132,483,358,125
204000133,585,53,532
204000134,96,19,77
204000135,506,6,500
204000136,403,49,354
204000138,161,556,-395
204000140,256,96,160
204000141,93,28,65
204000144,0,32,-32
204000145,143,7,136
204000146,3,19,-16
204000147,208,45,163
204000148,93,21,72
204000154,2,0,2
204000155,0,1,-1
204000177,79,37,42
204000179,4,0,4
204000180,0,12,-12
204000222,0,27,-27
204000236,3,24,-21
204000238,34,7,27
204000240,384,8,376
204000263,207,163,44
204000268,412,148,264
204000308,17,3,14
204000317,0,29,-29
204000322,24,23,1
204000323,13,7,6
204000328,228,17,211
204000329,65,102,-37
204000330,115,21,94
204000331,172,22,150
205000001,170,251,-81
205000013,1,3,-2
205000014,6,3,3
205000015,5,10,-5
205000016,3,5,-2
205000017,3,0,3
205000022,101,121,-20
205000025,331,135,196
205000029,373,5,368
205000045,81,64,17
205000046,13,40,-27
205000047,12,30,-18
205000048,111,55,56
205000049,69,49,20
205000050,93,16,77
205000059,0,19,-19
205000060,0,60,-60
205000061,0,127,-127
205000062,0,83,-83
205000063,4,154,-150
205000064,4,53,-49
205000065,31,111,-80
205000066,36,27,9
205000067,40,77,-37
205000069,116,12,104
205000082,59,54,5
205000110,15,9,6
205000111,15,22,-7
205000112,25,75,-50
205000113,9,21,-12
205000121,110,65,45
205000123,30,8,22
205000126,388,56,332
205000127,498,25,473
205000128,242,70,172
205000129,553,66,487
205000130,120,17,103
205000131,26,32,-6
205000132,53,9,44
205000133,45,0,45
205000134,299,2,297
205000137,10,4,6
205000138,18,9,9
205000139,1,8,-7
205000144,27,21,6
205000145,128,58,70
205000151,58,20,38
205000152,63,21,42
205000153,120,41,79
205000154,18,36,-18
205000155,109,23,86
205000207,0,0,0
205000233,20,1,19
205000234,0,0,0
205000243,0,2,-2
205000244,0,0,0
205000245,0,16,-16
205000249,0,5,-5
205000250,4,0,4
205000264,0,0,0
206000027,1,19,-18
206000028,8,4,4
206000043,2,23,-21
206000053,5,0,5
206000054,0,0,0
206000055,0,1,-1
206000075,2,19,-17
206000076,7,0,7
206000077,16,0,16
206000078,2,3,-1
206000079,14,3,11
206000082,141,86,55
206000100,8,116,-108
206000103,0,0,0
206000104,0,0,0
206000105,0,0,0
206000106,0,0,0
206000125,119,0,119
206000157,0,36,-36
206000170,0,34,-34
206000171,3,52,-49
206000172,5,32,-27
206000173,4,20,-16
206000174,0,4,-4
206000175,0,9,-9
206000176,18,16,2
206000177,1,4,-3
206000178,2,111,-109
206000179,1,8,-7
206000180,2,19,-17
206000181,0,22,-22
206000182,1,14,-13
206000183,6,34,-28
206000184,0,5,-5
206000185,4,2,2
206000186,6,67,-61
206000223,0,63,-63
206000226,32,5,27
206000227,30,2,28
206000237,5,59,-54
206000238,10,84,-74
206000239,72,346,-274
206000240,0,0,0
206000241,0,30,-30
206000242,1,11,-10
206000243,5,16,-11
206000244,19,19,0
206000245,1798,30,1768
206000246,510,2,508
206000247,638,1,637
206000248,716,4,712
206000252,11,64,-53
206000258,0,0,0
206000315,13,0,13
206000317,608,117,491
206000318,610,31,579
206000319,2367,24,2343
206000320,795,15,780
206000321,699,4,695
206000322,993,5,988
206000323,368,7,361
206000324,398,3,395
206000325,168,7,161
206000326,319,11,308
206000327,28,19,9
206000328,208,2,206
206000329,768,1,767
206000330,186,3,183
206000331,323,0,323
206000332,85,0,85
206000333,1229,0,1229
206000334,658,0,658
206000335,0,1,-1
206000361,0,16,-16
206000392,0,1,-1
206000405,131,3,128
206000441,40,13,27
206000498,57,2,55
206000515,46,26,20
206000530,349,62,287
206000531,181,156,25
206000532,615,203,412
206000535,28,721,-693
206000536,7,22,-15
206000537,0,60,-60
206000613,830,238,592
206000784,278,38,240
207000001,17,57,-40
207000002,22,93,-71
207000003,50,58,-8
207000007,1589,62,1527
207000008,258,2,256
207000009,68,2,66
207000010,44,109,-65
207000012,370,38,332
207000015,25,173,-148
207000019,283,36,247
207000021,250,109,141
207000022,150,91,59
207000023,236,20,216
207000024,1,3,-2
207000025,11,31,-20
207000026,0,0,0
207000027,0,0,0
207000028,0,27,-27
207000029,0,75,-75
207000033,105,134,-29
207000034,87,33,54
207000039,504,48,456
207000040,693,8,685
207000041,35,9,26
207000042,193,5,188
207000043,129,52,77
207000051,3,2,1
207000052,0,7,-7
207000053,70,109,-39
207000054,17,46,-29
207000055,25,18,7
207000056,86,103,-17
207000057,48,60,-12
207000058,47,78,-31
207000059,20,73,-53
207000060,19,170,-151
207000061,69,979,-910
207000062,858,22,836
207000063,541,23,518
207000064,253,35,218
207000065,179,76,103
207000066,517,82,435
207000067,74,23,51
207000068,84,30,54
207000069,436,199,237
207000082,13,57,-44
207000083,51,75,-24
207000084,369,81,288
207000085,319,37,282
207000086,449,3,446
207000106,45,7,38
207000107,59,5,54
207000108,185,4,181
207000109,45,1,44
207000110,26,13,13
207000111,83,2,81
207000112,27,150,-123
207000114,0,0,0
207000115,0,0,0
207000116,0,0,0
207000117,0,0,0
207000118,0,0,0
207000119,0,0,0
207000123,195,3,192
207000124,98,6,92
207000125,51,2,49
207000126,41,2,39
207000134,247,30,217
207000135,72,107,-35
207000148,81,108,-27
207000149,0,0,0
207000152,1,96,-95
207000153,5,224,-219
207000154,216,94,122
207000159,0,2,-2
207000160,6,14,-8
207000238,0,0,0
207000242,0,0,0
207000248,0,0,0
207000249,0,0,0
207000250,0,0,0
207000251,0,0,0
207000252,0,0,0
207000278,99,46,53
207000279,0,9,-9
207000280,1034,10,1024
207000281,30,185,-155
207000282,20,455,-435
207000283,14,40,-26
207000284,11,1283,-1272
207000285,19,124,-105
207000291,0,0,0
207000304,30,28,2
207000306,8,136,-128
207000310,91,38,53
207000353,41,1,40
207000356,1,2,-1
207000357,0,13,-13
207000358,0,4,-4
207000415,0,0,0
207000417,15,1,14
207000418,65,23,42
207000438,0,0,0
207000439,225,46,179
207000446,27,7,20
207000460,138,5,133
207000466,0,0,0
207000467,557,40,517
207000468,10,4,6
207000476,17,22,-5
207000477,185,33,152
207000478,1,1,0
207000523,0,0,0
207000524,35,0,35
207000527,195,56,139
207000530,105,6,99
207000531,122,0,122
207000532,16,14,2
207000534,96,7,89
207000535,0,0,0
207000537,0,0,0
207000540,0,0,0
207000541,0,0,0
207000548,0,0,0
207000549,41,2,39
207000561,106,55,51
207000562,0,0,0
207000567,8,44,-36
207000568,268,13,255
207000569,803,67,736
207000584,0,0,0
207000585,3,24,-21
207000587,383,4,379
207000616,0,14,-14
207000617,236,0,236
207000624,18,6,12
207000631,1,10,-9
207900008,542,26,516
208000001,342,524,-182
208000002,555,508,47
208000003,547,402,145
208000004,592,303,289
208000005,0,0,0
208000019,652,428,224
208000020,177,204,-27
208000021,169,140,29
208000022,296,309,-13
208000028,254,654,-400
208000033,144,226,-82
208000034,320,391,-71
208000037,176,13,163
208000040,133,30,103
208000041,388,259,129
208000042,712,282,430
208000047,60,59,1
208000064,1216,713,503
208000066,653,414,239
208000070,574,301,273
208000071,526,60,466
208000072,641,191,450
208000080,147,281,-134
208000081,291,53,238
208000082,106,25,81
208000083,80,55,25
208000084,3,146,-143
208000085,256,70,186
208000086,263,196,67
208000087,255,199,56
208000089,431,88,343
208000090,283,101,182
208000093,2,37,-35
208000094,104,97,7
208000095,455,239,216
208000104,935,179,756
208000105,519,263,256
208000114,36,138,-102
208000115,242,184,58
208000116,778,793,-15
208000117,3,74,-71
208000118,68,199,-131
208000155,301,328,-27
208000158,710,899,-189
208000186,348,773,-425
208000204,360,385,-25
208000205,750,310,440
208000282,460,303,157
209000004,365,83,282
209000005,43,12,31
209000006,278,162,116
209000007,267,160,107
209000010,0,0,0
209000011,0,0,0
209000012,0,0,0
209000013,17,16,1
209000014,31,38,-7
209000025,480,58,422
209000026,1107,176,931
209000027,25,35,-10
209000028,44,35,9
209000029,74,19,55
209000030,118,84,34
209000031,401,137,264
209000034,193,146,47
209000035,172,151,21
209000036,276,51,225
209000037,483,113,370
209000038,251,59,192
209000039,96,75,21
209000040,175,125,50
209000041,95,131,-36
209000042,171,89,82
209000043,395,197,198
209000044,213,251,-38
209000045,323,74,249
209000046,312,133,179
209000047,159,68,91
209000048,295,351,-56
209000049,27,14,13
209000050,110,20,90
209000051,115,29,86
209000052,27,31,-4
209000062,0,0,0
209000063,0,0,0
209000064,0,0,0
209000065,243,11,232
209000066,137,16,121
209000067,209,19,190
209000080,11,24,-13
209000082,89,22,67
209000091,0,0,0
209000093,0,0,0
209000094,0,0,0
209000110,40,69,-29
209000111,286,1627,-1341
209000112,1149,279,870
209000113,2054,430,1624
209000114,848,414,434
209000115,15,27,-12
209000116,72,45,27
209000118,6,87,-81
209000119,0,0,0
209000121,4,15,-11
209000135,79,70,9
209000142,513,1932,-1419
209000143,0,0,0
209000144,7,122,-115
209000229,157,42,115
209000240,3,27,-24
209000259,17,11,6
209000260,4,114,-110
209000261,1,51,-50
209000262,0,27,-27
209000263,0,30,-30
209000264,0,47,-47
209000265,175,11,164
209000266,95,0,95
209000267,864,0,864
209000268,211,114,97
210000037,157,13,144
210000047,57,7,50
210000048,41,16,25
210000049,55,1,54
210000052,28,2,26
210000053,12,4,8
210000054,7,23,-16
210000070,102,8,94
210000071,112,1,111
210000072,18,0,18
210000073,0,0,0
210000074,0,2,-2
210000075,0,4,-4
210000076,0,10,-10
210000077,0,34,-34
210000078,2,57,-55
210000079,21,8,13
210000080,30,89,-59
210000081,12,1,11
210000082,22,0,22
210000083,9,0,9
210000084,44,0,44
210000085,0,3,-3
210000086,0,1,-1
210000099,1,8,-7
210000100,6,8,-2
210000101,1,9,-8
210000105,1,44,-43
210000159,0,1,-1
210000163,0,45,-45
210000164,132,99,33
210000168,109,6,103
210000187,0,0,0
210000188,0,0,0
210000214,65,0,65
210000219,76,38,38
210000220,162,11,151
210000232,0,0,0
210000233,0,0,0
210000234,9,1,8
210000235,3,4,-1
210000245,2,2,0
210000246,48,36,12
210000258,1,4,-3
210000259,104,9,95
210000282,0,4,-4
210000285,0,4,-4
210000286,0,1,-1
210000290,2,13,-11
210000295,2,33,-31
210000296,18,4,14
210000320,258,3,255
210000321,59,5,54
210000338,13,10,3
210000339,1,77,-76
210000340,1,14,-13
210000341,20,22,-2
210000342,65,9,56
210000343,37,56,-19
210000344,25,29,-4
210000345,15,72,-57
210000346,13,38,-25
210000347,4,25,-21
210000348,9,16,-7
210000349,19,20,-1
210000350,39,11,28
210000351,63,25,38
210000352,19,10,9
210000353,32,26,6
210000354,29,33,-4
210000355,16,59,-43
210000356,26,105,-79
210000357,31,94,-63
210000358,181,173,8
210000359,43,147,-104
210000360,105,158,-53
210000361,131,44,87
210000362,258,52,206
210000363,343,80,263
210000364,159,60,99
210000365,124,12,112
210000366,298,44,254
210000367,53,14,39
210000368,78,8,70
210000369,49,20,29
210000370,130,35,95
210000372,14,11,3
210000373,3,10,-7
210000374,66,10,56
210000375,5,7,-2
210000376,27,72,-45
210000404,3,6,-3
210000439,36,9,27
210000472,18,0,18
210000482,144,58,86
210000564,96,95,1
210000567,0,69,-69
210000568,179,0,179
211000092,35,26,9
211000094,55,0,55
211000169,180,3,177
211000172,11,30,-19
211000209,0,35,-35
211000226,12,5,7
211000270,52,8,44
211000275,38,6,32
211000276,119,3,116
211000279,12,7,5
211000281,70,2,68
211000302,19,26,-7
211507980,0,17,-17
211977296,29,6,23
212000003,233,47,186
212000004,1,43,-42
212000005,3,39,-36
212000006,11,141,-130
212000008,58,98,-40
212000009,23,64,-41
212000012,38,19,19
212000013,3,4,-1
212000014,98,16,82
212000015,124,42,82
212000016,135,152,-17
212000027,493,98,395
212000028,263,115,148
212000029,199,65,134
212000030,35,8,27
212000031,29,13,16
212000048,3,117,-114
212000049,1,70,-69
212000050,5,6,-1
212000051,200,65,135
212000052,110,82,28
212000053,56,101,-45
212000054,493,26,467
212000055,392,42,350
212000056,7,15,-8
212000057,0,28,-28
212000058,47,5,42
212000070,67,38,29
212000077,51,66,-15
212000099,267,58,209
212000108,267,159,108
212000111,380,21,359
212000120,38,77,-39
212000138,34,11,23
212000156,2,20,-18
212000158,2,27,-25
212000159,435,37,398
212000160,579,46,533
212000161,113,8,105
212000310,17,2,15
212000311,3,20,-17
212000374,6,7,-1
213000001,2,165,-163
213000005,458,13,445
213000006,395,52,343
213000007,36,32,4
213000009,170,64,106
213000010,223,30,193
213000011,236,25,211
213000012,72,83,-11
213000014,36,32,4
213000015,114,11,103
213000016,143,2,141
213000017,59,0,59
213000018,0,23,-23
213000019,0,20,-20
213000020,44,17,27
213000021,0,35,-35
213000023,228,176,52
213000033,148,437,-289
213000034,231,57,174
213000035,112,261,-149
213000045,55,121,-66
213000046,33,32,1
213000047,113,615,-502
213000056,87,4,83
213000069,52,27,25
213000073,0,15,-15
213000074,33,149,-116
213000075,410,0,410
213000076,6,0,6
213000085,0,10,-10
213000086,0,15,-15
213000091,191,8,183
213000092,33,11,22
213000099,104,569,-465
213000100,586,135,451
213000101,457,28,429
213000102,471,92,379
213000103,262,207,55
213000104,14,158,-144
213000105,21,677,-656
213000106,10,61,-51
213000107,44,181,-137
213000108,22,101,-79
213000109,2,89,-87
213000110,11,42,-31
213000111,2,91,-89
213000112,12,251,-239
213000115,23,2,21
213000116,9,122,-113
213000117,1,151,-150
213000118,593,191,402
213000119,13,207,-194
213000120,21,50,-29
213000122,12,167,-155
213000123,12,149,-137
213000124,51,248,-197
213000125,120,33,87
213000126,9,42,-33
213000127,2,43,-41
213000128,84,268,-184
213000129,214,1001,-787
213000130,906,383,523
213000132,694,103,591
213000133,510,51,459
213000134,925,11,914
213000136,448,10,438
213000137,384,15,369
213000139,288,17,271
213000147,10,1,9
213000148,19,3,16
213000149,21,8,13
213000150,0,152,-152
213000151,0,127,-127
213000152,0,168,-168
213000153,0,159,-159
213000154,13,152,-139
213000155,33,93,-60
213000156,47,185,-138
213000157,798,126,672
213000158,175,204,-29
213000159,277,110,167
213000163,1297,166,1131
213000165,278,135,143
213000171,91,15,76
213000172,46,37,9
213000173,1,18,-17
213000174,0,3,-3
213000175,19,1,18
213000176,22,46,-24
213000177,0,1,-1
213000178,3,0,3
213000179,181,10,171
213000180,287,12,275
213000184,17,102,-85
213000188,424,54,370
213000189,687,35,652
213000190,476,70,406
213000191,388,50,338
213000192,208,27,181
213000193,174,91,83
213000194,0,164,-164
213000195,32,253,-221
213000196,177,516,-339
213000197,421,392,29
213000198,0,0,0
213000200,90,162,-72
213000201,3,67,-64
213000202,9,178,-169
213000203,739,188,551
213000204,896,11,885
213000205,273,14,259
213000206,417,0,417
213000207,11,2,9
213000208,4,2,2
213000209,12,8,4
213000210,72,5,67
213000211,1,27,-26
213000212,0,51,-51
213000213,1,87,-86
213000218,173,173,0
213000219,698,18,680
213000220,679,6,673
213000223,226,84,142
213000224,2,49,-47
213000225,57,25,32
213000226,15,2,13
213000227,910,93,817
213000228,458,51,407
213000229,73,14,59
213000230,433,21,412
213000232,47,767,-720
213000233,4,87,-83
213000234,0,1,-1
213000293,1,94,-93
213000294,41,16,25
213000295,1,68,-67
213000296,79,45,34
213000297,1,20,-19
213000298,1,36,-35
213000299,20,23,-3
213000300,2,30,-28
213000303,0,13,-13
213000304,2,8,-6
213000305,1,25,-24
213000306,7,36,-29
213000307,41,74,-33
213000308,12,69,-57
213000309,105,7,98
213000310,121,87,34
213000311,61,218,-157
213000315,35,61,-26
213000316,217,28,189
213000322,0,1,-1
213000323,18,18,0
213000340,17,69,-52
213000341,837,43,794
213000346,97,180,-83
213000347,92,200,-108
213000348,0,16,-16
213000349,0,4,-4
213000350,97,311,-214
213000366,35,114,-79
213000367,355,3,352
213000379,9,5,4
213000386,10,142,-132
213000406,68,107,-39
213000417,984,226,758
213000425,181,12,169
213000426,76,7,69
213000427,34,42,-8
213000428,18,14,4
213000429,14,9,5
213000430,49,50,-1
213000431,13,2,11
213000432,3,268,-265
213000433,10,41,-31
213000434,162,15,147
213000435,35,16,19
213000439,31,2,29
213000441,0,4,-4
213000443,224,287,-63
213000445,0,44,-44
213000446,18,377,-359
213000447,4,97,-93
213000448,3,20,-17
213000449,628,5,623
213000450,10,17,-7
213000451,251,6,245
213000452,2,2,0
213000453,6,43,-37
213000455,20,1,19
213000456,1,57,-56
213000481,1,0,1
213000482,6,0,6
213000489,28,11,17
213000491,0,280,-280
213000492,61,4,57
213000493,1,156,-155
213000494,129,31,98
213000495,0,0,0
213000496,227,175,52
213000497,16,292,-276
213000498,17,260,-243
213000499,38,151,-113
213000500,266,8,258
213000501,163,0,163
213000502,63,6,57
213000503,0,42,-42
213000504,2,31,-29
213000505,3,12,-9
213000506,0,0,0
213000507,1,44,-43
213900244,44,0,44
213900245,0,1,-1
218000003,48,6,42
218000004,31,8,23
218000005,7,42,-35
218000006,36,17,19
218000007,15,41,-26
218000012,16,157,-141
218000013,69,87,-18
218000014,59,70,-11
218000019,150,118,32
218000020,148,217,-69
218000040,3,0,3
218000046,71,72,-1
218000047,2,42,-40
218000048,78,31,47
218000049,34,36,-2
218000050,151,76,75
218000051,65,150,-85
218000052,0,45,-45
218000053,0,3,-3
218000054,2,3,-1
218000055,1,11,-10
218000056,1,25,-24
218000057,1,12,-11
218000064,0,0,0
218000065,29,1,28
218000066,5,18,-13
218000067,76,27,49
218000068,85,13,72
218000069,279,21,258
218000070,201,96,105
218000071,122,119,3
218000072,79,85,-6
218000078,435,155,280
218000079,339,9,330
218000080,113,2,111
218000081,551,17,534
218000082,181,28,153
218000083,10,8,2
218000084,26,18,8
218000085,43,12,31
218000086,8,4,4
218000087,31,8,23
218000090,18,138,-120
218000091,731,253,478
218000092,72,79,-7
218000093,59,9,50
218000094,231,84,147
218000099,57,52,5
218000100,54,37,17
218000101,77,32,45
218000102,197,42,155
218000103,64,11,53
218000104,28,3,25
218000105,13,2,11
218000106,37,6,31
218000107,41,35,6
218000108,0,12,-12
218000112,10,3,7
218000117,54,32,22
218000134,177,76,101
218000135,2,43,-41
218000136,70,79,-9
218000137,77,22,55
218000138,20,14,6
218000139,78,106,-28
218000140,302,163,139
218000141,24,27,-3
218000142,66,40,26
218000143,37,73,-36
218000144,5,106,-101
218000145,257,71,186
218000146,50,11,39
218000151,0,19,-19
218000152,18,53,-35
218000170,0,26,-26
218000171,9,0,9
218000172,0,1,-1
218000173,9,3,6
218000174,2,16,-14
218000176,210,2,208
218000177,290,14,276
218000178,117,7,110
218000179,193,2,191
218000180,69,3,66
218000181,336,5,331
218000187,3,8,-5
218000188,0,2,-2
218000189,0,14,-14
218000190,0,1,-1
218000191,89,38,51
218000192,52,40,12
218000193,92,28,64
218000194,58,20,38
218000195,172,44,128
218000196,262,78,184
218000197,441,35,406
218000198,79,27,52
218000199,15,7,8
218000200,18,15,3
218000201,3,2,1
218000202,15,159,-144
218000207,21,13,8
218000208,11,37,-26
218000211,11,1,10
218000213,122,97,25
218000214,1,48,-47
218000215,114,62,52
218000217,3,28,-25
218000218,322,68,254
218000219,0,22,-22
218000220,22,206,-184
218000221,374,151,223
218000222,0,111,-111
218000223,22,187,-165
218000224,0,83,-83
218000225,53,7,46
218000226,144,16,128
218000232,30,68,-38
218000239,63,10,53
218000240,1,0,1
218000241,0,0,0
218000242,0,0,0
218000243,1,0,1
218000244,40,0,40
218000245,2,2,0
218000246,0,3,-3
218000247,0,0,0
218000248,0,17,-17
218000249,0,1,-1
218000250,0,3,-3
218000251,0,3,-3
218000252,0,2,-2
218000253,0,1,-1
218000254,0,1,-1
218000255,0,2,-2
218000256,6,7,-1
218000267,323,381,-58
218000268,0,9,-9
218000269,0,2,-2
218000270,33,14,19
218000271,0,4,-4
218000273,24,2,22
218000274,3,0,3
218000275,45,65,-20
218000276,22,7,15
218000278,11,4,7
218000279,55,13,42
218000280,0,10,-10
218000281,2,7,-5
218000282,298,450,-152
218000284,27,6,21
218000301,2,35,-33
218000302,7,15,-8
218000303,1,37,-36
218000316,1266,329,937
218000317,2013,240,1773
218000318,1237,111,1126
218000319,560,257,303
218000320,244,97,147
218000338,12,47,-35
218000345,103,32,71
218000346,55,65,-10
218000459,21,71,-50
218000490,0,25,-25
218000501,48,3,45
218000502,33,2,31
218000503,95,2,93
218000504,63,2,61
218000505,5,20,-15
218000506,6,52,-46
218000508,0,0,0
218000510,50,5,45
218000520,61,52,9
218000521,10,9,1
218000522,1,447,-446
218000523,80,2,78
218000524,0,85,-85
218000525,12,13,-1
218000526,0,66,-66
218000529,19,8,11
218000531,7,6,1
218000532,55,14,41
218000534,400,9,391
218000537,6,51,-45
218000538,7,100,-93
218000540,12,26,-14
218000543,108,19,89
218000544,1,31,-30
218000545,145,22,123
218000546,3,19,-16
218000547,106,101,5
218000548,77,53,24
218000549,531,55,476
218000550,58,116,-58
218000551,61,75,-14
218000552,275,76,199
218000553,23,19,4
218000554,17,10,7
218000555,19,45,-26
218000556,75,59,16
218000557,513,206,307
218000558,5,0,5
218000559,0,13,-13
218000560,0,7,-7
218000561,1,0,1
218000562,0,32,-32
218000563,57,4,53
218000564,0,60,-60
218000565,58,18,40
218000566,6,0,6
218000567,0,42,-42
218000568,0,1,-1
218000569,0,75,-75
218000570,19,1,18
218000571,0,61,-61
218000572,28,1,27
218000573,1,85,-84
218000574,6,11,-5
218000575,60,0,60
218000576,0,35,-35
218000577,9,0,9
218000578,0,23,-23
218000585,16,0,16
218000586,2,6,-4
218000587,3,13,-10
218000589,0,1,-1
218000590,14,12,2
218000591,22,333,-311
218000592,13,0,13
218000593,8,82,-74
218000594,44,7,37
218000597,1,3,-2
218000598,0,0,0
218000599,11,79,-68
218000600,0,2,-2
218000601,7,160,-153
218000602,9,131,-122
218000603,0,4,-4
218000604,76,36,40
218000605,1,639,-638
218000606,308,12,296
218000607,5,74,-69
218000608,5,21,-16
218000609,13,5,8
218000610,18,22,-4
218000611,11,7,4
218000612,2,9,-7
218000613,61,60,1
218000614,7,11,-4
218000615,72,8,64
218000616,12,67,-55
218000617,37,0,37
218000618,13,29,-16
218000619,0,1,-1
218000620,0,21,-21
218000621,0,0,0
218000622,0,57,-57
218000623,2,0,2
218000624,0,37,-37
218000625,0,0,0
218000626,0,25,-25
218000628,138,41,97
218000631,169,32,137
218000632,0,118,-118
218000633,14,1,13
218000634,0,0,0
218000635,2,6,-4
218000636,285,133,152
218000637,790,76,714
218000638,357,1,356
218000639,22,15,7
218000640,644,0,644
218000641,122,38,84
218000652,8,10,-2
218000653,172,18,154
218000663,30,10,20
218000675,3,32,-29
218000680,80,49,31
218000681,704,61,643
218000691,161,196,-35
218000693,802,47,755
218000718,4,53,-49
218000719,8,82,-74
218000720,0,72,-72
218000721,1,2,-1
218001147,0,45,-45
218001214,10,3,7
218001258,551,57,494
218001329,238,81,157
218001330,33,227,-194
218001351,7,3,4
218001352,0,11,-11
218001353,5,29,-24
218001354,15,11,4
218001355,5,55,-50
218001356,569,110,459
218001357,0,72,-72
218001358,443,54,389
218001361,1348,43,1305
218001362,0,36,-36
219000001,0,0,0
219000002,0,0,0
219000003,48,15,33
219000004,14,39,-25
219000017,43,17,26
219000020,145,5,140
219000022,163,0,163
219000023,13,1,12
219000029,0,0,0
219000034,77,33,44
219000039,1,3,-2
219000040,2,21,-19
219000041,114,18,96
219000051,0,0,0
219000052,0,0,0
219000053,0,0,0
219000055,328,0,328
219000056,0,0,0
219000057,52,0,52
219000062,0,18,-18
219000063,127,4,123
219000064,0,26,-26
219000110,198,200,-2
219000111,38,31,7
219000112,122,21,101
219000113,220,18,202
219000114,93,12,81
219000116,54,74,-20
219000117,40,13,27
219000118,12,13,-1
219000123,58,4,54
219000124,9,4,5
219000125,0,0,0
219000126,0,0,0
219000127,0,0,0
219000128,0,2,-2
219000129,1,4,-3
219000130,48,77,-29
219000131,395,582,-187
219000133,20,101,-81
219000134,10,36,-26
219000135,5,23,-18
219000136,38,134,-96
219000138,17,0,17
219000139,20,0,20
219000140,91,0,91
219000141,46,0,46
219000142,2,0,2
219000143,0,1,-1
219000145,1,4,-3
219000146,0,0,0
219000147,0,0,0
219000148,0,0,0
219000149,0,0,0
219000150,0,0,0
219000151,0,0,0
219000157,171,68,103
219000158,186,29,157
219000161,187,2,185
219000163,561,144,417
219000166,129,58,71
219000167,23,39,-16
219000168,150,48,102
219000174,452,98,354
219000175,88,2,86
219000176,167,22,145
219000177,73,9,64
219000178,75,1,74
219000179,47,9,38
219000180,4,0,4
219000182,50,3,47
219000183,50,11,39
219000184,50,0,50
219000185,0,0,0
219000186,31,4,27
219000187,2,12,-10
219000189,1,8,-7
219000190,0,7,-7
219000191,25,113,-88
219000192,236,110,126
219000193,0,0,0
219000195,0,0,0
219000196,0,0,0
219000198,0,0,0
219000199,0,1,-1
219000200,4,0,4
219000201,0,3,-3
219000203,0,3,-3
219000204,6,12,-6
219000205,4,6,-2
219000207,2,10,-8
219000209,1,0,1
219000210,0,3,-3
219000213,0,31,-31
219000239,55,88,-33
219000240,9,115,-106
219000241,65,27,38
219000242,4,75,-71
219000243,45,152,-107
219000244,1,115,-114
219000245,0,41,-41
219000246,46,28,18
219000247,344,35,309
219000248,403,329,74
219000249,121,130,-9
219000250,161,39,122
219000251,257,77,180
219000252,170,73,97
219000253,125,3,122
219000255,120,115,5
219000256,237,15,222
219000257,79,0,79
219000262,5,41,-36
219000263,12,12,0
219000267,0,0,0
219000268,0,0,0
219000269,0,0,0
219000270,14,0,14
219000271,157,5,152
219000278,0,0,0
219000279,0,0,0
219000283,0,0,0
219000295,1,32,-31
219000296,2,66,-64
219000297,0,0,0
219000298,0,0,0
219000299,203,35,168
219000300,0,3,-3
219000301,0,32,-32
219000302,1,10,-9
219000307,0,0,0
219000308,55,18,37
219000311,93,26,67
219000312,212,49,163
219000313,298,47,251
219000314,5,2,3
219000315,166,7,159
219000316,291,11,280
219000317,88,8,80
219000320,0,0,0
219000321,0,0,0
219000323,0,0,0
219000325,0,0,0
219000326,0,5,-5
219000327,0,0,0
219000328,0,0,0
219000329,203,85,118
219000330,2,4,-2
219000331,17,2,15
219000332,122,10,112
219000333,26,0,26
219000335,84,0,84
219000337,0,1,-1
219000338,14,0,14
219000344,0,0,0
219000345,0,0,0
219000346,0,0,0
219000348,8,2,6
219000349,0,5,-5
219000350,0,2,-2
219000351,0,0,0
219000352,22,56,-34
219000353,174,56,118
219000354,534,39,495
219000355,95,38,57
219000356,154,551,-397
219000363,88,47,41
219000364,154,15,139
219000365,67,6,61
219000366,141,516,-375
219000368,118,214,-96
219000370,458,309,149
219000371,0,0,0
219000382,4,3,1
219000383,20,104,-84
219000385,25,112,-87
219000386,55,265,-210
219000387,0,0,0
219000390,1,0,1
219000391,0,0,0
219000397,0,0,0
219000398,38,36,2
219000401,17,15,2
219000402,0,5,-5
219000403,15,24,-9
219000404,1,15,-14
219000407,18,15,3
219000409,25,24,1
219000410,136,0,136
219000411,77,0,77
219000446,4,48,-44
219000447,0,0,0
219000448,0,1,-1
219000452,53,65,-12
219000453,1,70,-69
219000454,153,187,-34
219000556,425,20,405
219000558,17,69,-52
219000590,0,80,-80
219000591,190,16,174
219000592,0,23,-23
219000595,0,0,0
219000635,89,12,77
219000636,0,0,0
219000657,6,2,4
219000658,0,1,-1
219000673,0,0,0
219000676,0,0,0
219000679,13,0,13
219000684,51,1,50
219000685,0,0,0
219000686,0,2,-2
219000688,0,0,0
219000689,0,58,-58
219000690,49,1,48
219000691,11,36,-25
219000692,49,0,49
219000693,0,0,0
219000694,7,0,7
219000695,101,3,98
219000698,3,0,3
219000699,0,0,0
219000727,0,0,0
219000728,90,0,90
219000770,3,0,3
219000771,0,0,0
219000788,96,115,-19
219001150,0,59,-59
219001151,0,0,0
219001166,19,40,-21
219001167,1,21,-20
219001178,84,0,84
220000001,22,57,-35
220000002,1,15,-14
220000003,7,10,-3
220000004,64,49,15
220000005,118,145,-27
220000006,82,82,0
220000007,110,52,58
220000008,95,105,-10
220000009,31,90,-59
220000010,22,59,-37
220000011,149,1634,-1485
220000012,48,412,-364
220000014,174,249,-75
220000015,50,254,-204
220000017,30,133,-103
220000018,3548,578,2970
220000019,47,296,-249
220000020,279,95,184
220000021,504,79,425
220000022,749,106,643
220000023,177,65,112
220000024,523,353,170
220000025,227,1066,-839
220000026,237,366,-129
220000027,3,129,-126
220000028,18,298,-280
220000029,171,87,84
220000030,8,33,-25
220000031,406,221,185
220000064,35,384,-349
221000046,0,0,0
221000047,0,0,0
221000048,0,0,0
221000049,0,2,-2
221000050,10,0,10
221000055,20,84,-64
221000057,94,0,94
221000068,182,66,116
221000069,154,17,137
221000070,116,3,113
221000071,46,1,45
221000072,182,6,176
221000073,175,3,172
221000074,0,1,-1
221000075,1,82,-81
221000076,1,14,-13
221000077,0,13,-13
221000081,0,2,-2
221000082,45,2,43
221000083,1,4,-3
221000084,27,2,25
221000085,4,122,-118
221000086,0,111,-111
221000087,0,82,-82
221000088,3,31,-28
221000089,9,50,-41
221000090,10,138,-128
221000098,75,10,65
221000099,175,2,173
221000100,199,4,195
221000101,133,1,132
221000102,48,1,47
221000109,0,28,-28
221000110,4,23,-19
221000111,1,20,-19
221000112,1,24,-23
221000113,2,41,-39
221000114,4,21,-17
221000120,10,19,-9
221000121,0,8,-8
221000122,1,25,-24
221000123,2,43,-41
221000124,5,181,-176
221000155,31,8,23
221000156,80,10,70
221000175,8,10,-2
221000176,0,6,-6
221000182,43,0,43
221000241,284,194,90
221000242,6,81,-75
221000243,234,145,89
221000244,26,283,-257
221000245,120,16,104
221000246,2,323,-321
221000247,190,42,148
221000248,78,125,-47
221000267,14,116,-102
221000325,17,49,-32
221000331,1,15,-14
221000338,2,46,-44
221000378,308,27,281
221000381,10,107,-97
222000282,0,0,0
222000296,0,19,-19
222000568,301,1,300
222000569,68,16,52
222000570,91,18,73
222000571,210,9,201
222000577,5,14,-9
222000578,2,68,-66
222000579,0,33,-33
222000580,10,531,-521
222000599,0,24,-24
222000600,0,29,-29
222000601,1,88,-87
222000603,6,11,-5
222000604,0,19,-19
222000605,1,27,-26
222000606,0,2,-2
222000607,0,17,-17
222000608,2,1,1
222000609,3,22,-19
222000616,610,2,608
222000617,0,0,0
222000618,0,1,-1
222000620,0,4,-4
222000621,16,2,14
222000623,365,1,364
222000624,293,0,293
222000625,711,31,680
222000636,11,2,9
222000686,2,19,-17
222000687,9,0,9
222001066,265,1,264
222001067,70,0,70
222001068,194,8,186
222001069,183,10,173
222001082,20,8,12
222001083,33,7,26
222001084,0,24,-24
222001085,1,117,-116
222001111,92,0,92
222001112,223,20,203
222001313,0,2,-2
222001314,0,30,-30
222001464,478,9,469
222001465,6,37,-31
222001484,181,17,164
222001485,3,7,-4
222001494,665,103,562
222001495,16,18,-2
222001496,339,32,307
222001497,13,145,-132
222001502,1,14,-13
222001503,161,9,152
222001504,13,12,1
222001505,304,12,292
222001506,0,19,-19
222001507,100,13,87
222001510,542,16,526
222001511,3,30,-27
222001514,553,4,549
222001515,5,105,-100
222001518,430,5,425
222001519,5,61,-56
222001527,70,12,58
222001528,0,13,-13
222001529,303,59,244
222001530,2,29,-27
222001533,2,15,-13
222001534,479,13,466
222001535,479,101,378
222001536,2,144,-142
222001537,382,7,375
222001538,2,76,-74
222001563,976,9,967
222001564,3,61,-58
222001568,75,21,54
222001576,0,10,-10
222001579,0,17,-17
222001583,2,42,-40
222001584,173,1,172
222001596,46,119,-73
222001597,877,66,811
222001626,0,10,-10
222001650,0,17,-17
222001651,18,120,-102
222001914,232,42,190
222001915,0,15,-15
222001968,368,100,268
222001969,57,258,-201
222001970,81,159,-78
222001971,84,1,83
222001972,4,2,2
225000001,428,60,368
225000002,446,38,408
225000003,767,59,708
225000004,374,56,318
225000005,19,18,1
225000006,0,0,0
225000007,88,312,-224
225000010,145,17,128
225000011,125,864,-739
225000012,150,601,-451
225000013,62,60,2
225000014,436,37,399
225000015,25,37,-12
225000021,328,69,259
225000027,45,69,-24
225000032,414,51,363
225000042,43,51,-8
225000049,11,9,2
225000050,33,1,32
225000053,0,0,0
225000058,516,66,450
225000067,12,9,3
225000068,10,15,-5
225000069,38,50,-12
225000070,6,56,-50
225000071,10,42,-32
225000075,12,515,-503
225000076,0,0,0
225000078,23,22,1
225000085,108,34,74
225000086,249,23,226
225000087,85,2,83
225000088,1,20,-19
225000089,0,0,0
225000090,0,0,0
225000091,0,0,0
225000092,13,30,-17
225000093,27,14,13
225000094,4,22,-18
225000095,63,18,45
225000096,7,28,-21
225000098,480,93,387
225000099,379,19,360
225000100,529,79,450
225000104,65,116,-51
225000110,0,52,-52
225000111,95,48,47
225000112,159,252,-93
225000113,46,281,-235
225000114,4,109,-105
225000115,421,202,219
225000116,127,44,83
225000117,359,307,52
225000118,609,197,412
225000119,318,29,289
225000120,411,5,406
225000121,105,18,87
225000123,461,8,453
225000125,463,167,296
225000126,329,128,201
225000127,294,1478,-1184
225000128,360,1011,-651
225000132,346,16,330
225000133,114,16,98
225000134,449,74,375
225000135,100,19,81
225000136,326,6,320
225000137,244,12,232
225000138,251,60,191
225000143,0,1,-1
225000144,0,0,0
225000145,30,31,-1
225000146,0,0,0
225000147,0,0,0
225000148,0,0,0
225000149,0,0,0
225000151,0,0,0
225000155,12,23,-11
225000156,22,393,-371
225000157,104,83,21
225000158,7,12,-5
225000171,0,24,-24
225000180,97,86,11
225000181,0,2,-2
225000182,19,12,7
225000185,0,119,-119
225000187,36,45,-9
225000191,15,0,15
225000194,0,11,-11
225000208,0,0,0
225000209,57,2,55
225000210,0,0,0
225000217,0,0,0
225000218,0,0,0
225000223,0,143,-143
225000224,2,2,0
225000225,0,166,-166
225000226,89,4,85
225000227,9,115,-106
225000228,1,0,1
225000229,0,9,-9
225000230,8,0,8
225000231,0,10,-10
225000232,104,0,104
225000241,38,1,37
225000242,0,8,-8
225000249,8,0,8
225000250,0,0,0
225000251,375,36,339
226000042,0,0,0
226000043,2,6,-4
226000044,10,20,-10
226000045,9,51,-42
226000046,909,43,866
226000047,432,91,341
226000048,403,75,328
226000049,385,174,211
226000070,0,0,0
226000071,0,0,0
226000072,0,0,0
226000073,0,0,0
226000074,0,0,0
226000084,0,0,0
226000085,0,1,-1
226000086,0,1,-1
226000087,0,0,0
226000088,0,0,0
226000090,238,42,196
226000091,0,24,-24
226000092,0,24,-24
226000093,0,41,-41
226000094,2,7,-5
226000095,38,25,13
226000105,0,0,0
226000106,0,0,0
226000107,13,1,12
226000108,1,0,1
226000109,101,0,101
226000124,187,71,116
226000134,963,210,753
226000135,1698,199,1499
226000136,533,103,430
226000137,0,0,0
226000138,0,0,0
226000139,0,0,0
226000156,238,0,238
226000157,212,1,211
226000163,0,2,-2
226000202,0,0,0
226000231,699,0,699
226000232,68,0,68
227000037,611,4,607
227000038,177,11,166
227000049,0,0,0
227000050,0,0,0
227000055,13,0,13
227000056,0,0,0
227000084,0,0,0
227000085,0,0,0
227000088,19,0,19
227000089,38,0,38
227000090,24,0,24
227000091,17,3,14
227000093,91,0,91
227000094,11,0,11
227000130,0,0,0
227000131,0,0,0
227000132,0,0,0
227000133,0,0,0
227000134,0,0,0
227000152,0,0,0
227000153,0,0,0
227000155,0,0,0
227000156,0,0,0
227000165,0,0,0
227000196,3,5,-2
227000199,496,7,489
227000230,0,17,-17
227000232,432,27,405
227000241,738,14,724
227000242,0,0,0
227000243,382,15,367
227000244,413,5,408
227000245,1,0,1
227000246,2,3,-1
227000247,473,15,458
227000248,113,72,41
227000249,2,7,-5
227000251,11,50,-39
227000252,1,5,-4
227000253,332,49,283
227000262,643,10,633
227000266,1372,10,1362
227000267,0,36,-36
227000486,218,260,-42
227000655,470,11,459
227000661,51,5,46
227000680,59,137,-78
229000265,39,7,32
229000296,0,7,-7
229000297,2,13,-11
229000298,0,52,-52
229000320,22,0,22
229000321,0,0,0
229000412,5,18,-13
229000414,2,23,-21
229000415,1,0,1
229000416,3,0,3
229000417,3,2,1
229000419,106,98,8
229000440,119,10,109
229000442,10,2,8
229000443,11,0,11
229000444,0,50,-50
229000445,37,0,37
229000446,6,0,6
229000847,84,0,84
229000848,100,0,100
229000849,147,0,147
229000851,75,0,75
229000854,0,0,0
229000856,0,0,0
229000857,0,0,0
229000858,0,0,0
229000919,0,0,0
229000930,0,0,0
229000937,88,13,75
229000966,23,21,2
229000981,0,0,0
229000985,5,1,4
229000986,0,1,-1
229000987,0,0,0
229000988,0,1,-1
229000989,0,0,0
229000990,0,0,0
229000991,1,2,-1
229000992,27,0,27
229000993,72,1,71
229000998,18,23,-5
229000999,15,1,14
229001034,0,10,-10
229001035,4,0,4
229001037,3,0,3
229001042,4,1,3
229001047,0,9,-9
229001050,57,23,34
229001200,30,0,30
229001338,0,0,0
229001394,198,17,181
229001422,182,21,161
229001423,0,0,0
229001431,17,30,-13
229001432,0,0,0
229001444,154,8,146
229001445,56,23,33
229001503,163,39,124
229001504,0,0,0
229001505,53,1,52
229001506,0,0,0
229001509,43,3,40
229001545,66,1,65
229001546,0,0,0
229001553,92,8,84
229001554,0,0,0
229001559,1,0,1
229001560,8,20,-12
229001630,79,5,74
229001631,3,8,-5
229001635,0,1,-1
229001636,0,0,0
229001658,0,0,0
229001659,34,6,28
229001660,1,0,1
229001661,0,9,-9
229001662,38,0,38
229001663,0,0,0
229002584,50,80,-30
229002831,46,40,6
229002841,2,14,-12
229002842,2,0,2
229002843,14,8,6
229002844,0,39,-39
229002845,0,26,-26
229002846,1,10,-9
229002847,0,0,0
229002848,13,24,-11
229002849,0,58,-58
229002850,3,0,3
229002851,7,61,-54
229002852,41,2,39
229002853,16,3,13
229002854,7,3,4
229002855,0,1,-1
229002856,39,8,31
229002857,23,4,19
229002858,36,0,36
229002859,4,1,3
229002860,21,1,20
229002861,29,10,19
229002862,9,18,-9
229002863,2,8,-6
229002864,26,22,4
229002865,0,0,0
229002866,12,11,1
229002867,0,2,-2
229002868,4,0,4
229002869,0,42,-42
229002870,41,0,41
235000066,286,6,280
235000067,23,18,5
235000072,0,0,0
235000073,0,0,0
235000074,0,0,0
235000080,0,0,0
235000081,0,0,0
235000082,302,11,291
235000083,150,26,124
235000084,76,67,9
235000085,139,15,124
235000089,22,12,10
235000092,0,0,0
235000093,0,0,0
235000097,0,0,0
235000098,30,4,26
235000099,6,12,-6
235000116,11,16,-5
235000117,388,5,383
235000133,0,0,0
235000134,0,0,0
235000206,0,0,0
235000207,0,0,0
235000208,0,0,0
235000209,2,0,2
235000210,9,0,9
235000212,0,0,0
235000213,0,0,0
235000220,0,0,0
235000221,0,0,0
235000238,7,176,-169
235000239,0,11,-11
235000242,121,621,-500
235000245,0,0,0
235000246,0,0,0
235000284,1,57,-56
235000295,51,0,51
235000305,191,9,182
235000306,268,3,265
235000307,28,4,24
235000308,6,1,5
235000309,68,0,68
235000310,11,0,11
235000311,17,5,12
235000322,0,7,-7
235000323,0,12,-12
235000324,0,3,-3
235000325,0,1,-1
235000326,5,66,-61
235000351,2,35,-33
235000352,15,17,-2
235000353,11,14,-3
235000354,0,3,-3
235000355,12,11,1
235000356,39,1,38
235000357,27,4,23
235000358,4,2,2
235000359,0,10,-10
235000360,13,0,13
235000361,75,4,71
235000381,0,0,0
235000382,66,9,57
235000390,1,1,0
235000391,159,6,153
235000392,139,61,78
235000393,127,77,50
235000395,57,22,35
235000396,365,22,343
235000400,27,53,-26
235000401,0,0,0
235000405,0,0,0
235000406,0,0,0
235000407,0,0,0
235000409,0,0,0
235000410,0,0,0
235000411,0,0,0
235000485,0,0,0
235000486,0,0,0
235000549,68,162,-94
235000550,0,0,0
235000599,0,0,0
235000600,0,0,0
235000601,35,14,21
235000602,20,61,-41
235000614,0,0,0
235000648,0,0,0
235000649,7,0,7
235000685,0,0,0
235000815,1,2,-1
235000834,0,4,-4
235000855,12,23,-11
235000862,0,0,0
235000891,0,0,0
235000892,0,0,0
235000901,0,0,0
235000907,0,0,0
235001010,37,51,-14
235001029,0,0,0
235001030,112,7,105
235001078,118,10,108
235001079,0,0,0
235001147,9,47,-38
235001166,0,33,-33
235001167,0,0,0
235001169,5,115,-110
235001188,0,0,0
235001189,0,0,0
235001197,0,0,0
235001200,0,0,0
235001207,357,44,313
235001210,0,0,0
235001215,0,0,0
235001239,0,0,0
235001244,0,3,-3
235016267,0,3,-3
277102712,0,0,0
277103813,0,0,0
277104249,0,1,-1
277104250,3,5,-2
277104251,0,6,-6
277104252,0,3,-3
990011530,0,42,-42
990014944,0,46,-46
990015176,6,14,-8
990016032,0,48,-48
990032570,0,10,-10
990070001,72,5,67
990070103,0,1,-1
990070601,0,15,-15
990070751,971,0,971
990070766,0,36,-36
990071180,231,23,208
990071343,41,23,18
990071387,1,0,1
990071823,16,12,4
990072600,0,290,-290
990072964,0,55,-55
990073285,0,0,0
990074393,0,158,-158
990074870,845,10,835
990075106,154,3,151
990075746,501,8,493
990076437,2370,15,2355
990076458,1,238,-237
997000007,73,5,68
997000041,0,118,-118
997000058,49,0,49
997000062,8,1,7
997000069,0,0,0
997000070,0,9,-9
997000100,31,0,31
997000141,0,0,0
997000198,0,9,-9
998000475,0,1,-1
998000736,0,49,-49
998000965,0,32,-32
998001031,0,32,-32
998001700,0,15,-15
998001899,0,0,0
998001900,4,3,1
998003073,1153,42,1111
998101900,0,0,0
998102850,0,39,-39
998501927,181,68,113
998501929,104,28,76
998501930,23,0,23
998501931,133,27,106
998501932,5,1,4
998501933,54,2,52
998501937,8,0,8
998501944,5,0,5
998501950,0,0,0
998501970,70,12,58
998501971,0,14,-14
998501973,0,0,0
998501974,0,88,-88
998501975,71,6,65
998501976,65,34,31
998501977,0,27,-27
998501978,2,0,2
998501979,0,1,-1
998501980,57,22,35
998501981,72,2,70
998501982,0,38,-38
998501983,0,0,0
998502006,0,0,0
998502024,0,4,-4
998502032,0,0,0
998502062,4,0,4
998502063,0,0,0
998502173,9,0,9
998502269,0,0,0
998502546,0,94,-94
998502578,0,0,0
998502599,5,235,-230
998502621,0,0,0
998601159,0,6,-6
998601292,0,5,-5
999033574,1,435,-434
999800001,29,11,18
999800002,0,0,0
999800003,0,1,-1
999800004,0,2,-2
999800005,0,0,0
